13.0	169.0	21.0	16.0	
12.986734390258789	169.1675567626953	21.421585083007812	15.96760368347168	
13.484001159667969	169.1513671875	21.499231338500977	16.018369674682617	
13.592575073242188	169.02728271484375	22.064184188842773	16.089244842529297	
14.07281494140625	169.0216522216797	22.207637786865234	16.1467227935791	
14.460598945617676	168.98065185546875	22.621793746948242	16.497844696044922	
15.274602890014648	168.9498291015625	22.615901947021484	16.537403106689453	
16.067781448364258	168.9412841796875	22.671504974365234	16.602436065673828	
16.71890640258789	169.05946350097656	23.22397232055664	16.693431854248047	
16.938936233520508	168.9911651611328	23.631271362304688	16.926719665527344	
17.377355575561523	168.77236938476562	23.95375633239746	17.4051570892334	
18.008630752563477	168.84835815429688	23.87910270690918	17.427799224853516	
18.753616333007812	168.74671936035156	23.73036766052246	17.829410552978516	
19.63479232788086	168.6866912841797	23.664644241333008	17.908397674560547	
20.4265079498291	168.76974487304688	23.934293746948242	18.103607177734375	
21.066617965698242	168.70431518554688	24.231842041015625	18.293298721313477	
21.14834213256836	168.5543670654297	25.384336471557617	18.558849334716797	
22.035429000854492	168.47109985351562	25.5173282623291	19.047378540039062	
23.119861602783203	168.4417724609375	25.332487106323242	19.159160614013672	
23.683216094970703	168.3428497314453	25.552398681640625	19.34731674194336	
24.862651824951172	168.5294189453125	25.338069915771484	19.0468807220459	
25.57132339477539	168.3399658203125	25.40472412109375	19.519180297851562	
26.472875595092773	168.2854461669922	25.786544799804688	19.693864822387695	
27.751815795898438	168.35784912109375	25.977636337280273	19.927705764770508	
28.937179565429688	168.3729248046875	26.0452823638916	20.049236297607422	
30.392902374267578	168.55836486816406	25.899089813232422	20.172767639160156	
31.1722354888916	167.97421264648438	26.438034057617188	20.748714447021484	
32.19691848754883	168.55648803710938	26.21718978881836	20.67914390563965	
33.63722229003906	168.49447631835938	26.650863647460938	20.680469512939453	
34.57219696044922	168.48422241210938	26.88974380493164	20.846019744873047	
36.1935920715332	168.4376983642578	26.197765350341797	21.231056213378906	
37.478328704833984	168.6080322265625	26.500736236572266	20.93067169189453	
38.38916778564453	168.80532836914062	27.815044403076172	21.056106567382812	
39.69537353515625	168.48782348632812	27.678014755249023	21.343185424804688	
41.514808654785156	168.7117462158203	27.611948013305664	21.57089614868164	
42.791954040527344	168.27621459960938	27.74075698852539	22.441646575927734	
44.06079864501953	168.6045379638672	28.231115341186523	22.032535552978516	
45.41338348388672	168.36752319335938	28.592723846435547	22.481555938720703	
46.948516845703125	168.62643432617188	29.136489868164062	22.398656845092773	
48.58141326904297	168.37893676757812	29.494243621826172	22.893310546875	
50.665775299072266	168.2208251953125	29.181732177734375	23.164852142333984	
52.68793487548828	168.38723754882812	28.640594482421875	23.43044662475586	
54.441131591796875	168.4365997314453	29.069934844970703	23.871435165405273	
55.866844177246094	168.36061096191406	29.94668960571289	24.245180130004883	
57.67317581176758	168.48143005371094	30.46462059020996	24.260173797607422	
59.59394454956055	168.35382080078125	30.266788482666016	24.620054244995117	
61.537986755371094	168.37228393554688	30.620651245117188	24.852031707763672	
63.44599533081055	168.1677703857422	31.536605834960938	25.384899139404297	
65.74311828613281	167.9729461669922	31.509653091430664	25.953577041625977	
67.65348815917969	168.09373474121094	32.03243637084961	25.97555160522461	
69.99092102050781	168.37828063964844	32.39232635498047	26.27089500427246	
72.8608169555664	168.7518310546875	32.03423309326172	26.066349029541016	
73.91597747802734	168.3779296875	33.932472229003906	27.095617294311523	
77.23277282714844	168.857421875	33.355228424072266	26.5106258392334	
79.73115539550781	169.06117248535156	33.939002990722656	26.33051109313965	
82.45289611816406	169.12802124023438	33.51552200317383	26.859588623046875	
84.74308776855469	168.37332153320312	34.05841827392578	27.89194679260254	
88.0523910522461	168.7567138671875	33.754493713378906	27.99618148803711	
91.12568664550781	168.80517578125	33.671287536621094	28.41690444946289	
93.7326431274414	169.0338134765625	36.143516540527344	28.8903865814209	
96.79035949707031	168.33770751953125	35.91132354736328	29.980358123779297	
99.8214340209961	168.39132690429688	36.898643493652344	30.43318748474121	
102.72586822509766	167.86590576171875	37.303768157958984	31.33597183227539	
107.1160659790039	168.82540893554688	35.776100158691406	30.766735076904297	
110.20365905761719	168.52200317382812	36.4747428894043	31.46136474609375	
113.48847961425781	168.7385711669922	37.89885711669922	31.01242446899414	
116.8746109008789	168.9687957763672	38.365570068359375	31.511276245117188	
120.88822937011719	168.41604614257812	39.1479606628418	32.3408317565918	
125.4171142578125	169.16860961914062	38.32613754272461	31.983524322509766	
131.57261657714844	170.03424072265625	39.2752685546875	31.361364364624023	
136.71780395507812	170.4315948486328	39.03329849243164	31.236095428466797	
141.8224639892578	170.64907836914062	38.67387771606445	31.21626853942871	
146.7325439453125	171.2938995361328	40.660892486572266	31.127838134765625	
152.10794067382812	171.47943115234375	39.7811279296875	31.67324447631836	
158.0680694580078	172.05654907226562	40.0018424987793	31.5825252532959	
163.71737670898438	172.63876342773438	40.45201873779297	31.253280639648438	
169.55712890625	172.6837158203125	40.94957733154297	31.6331844329834	
176.06851196289062	172.92897033691406	41.1708984375	32.19518280029297	
182.90585327148438	173.60958862304688	40.53056335449219	31.579370498657227	
189.6346893310547	174.44143676757812	40.728515625	31.87526512145996	
197.158203125	174.5706787109375	41.02117156982422	31.978984832763672	
204.72586059570312	175.95449829101562	41.8596076965332	32.32297134399414	
212.0957794189453	175.73170471191406	43.790771484375	33.79188919067383	
221.1261444091797	175.56668090820312	44.39436340332031	34.50879669189453	
227.2837371826172	176.32595825195312	44.81371307373047	35.615394592285156	
236.9056854248047	177.65652465820312	45.03190994262695	35.49939727783203	
245.2236328125	177.078369140625	46.26969909667969	36.47467803955078	
255.7367706298828	176.78988647460938	46.63543701171875	36.661888122558594	
265.6454162597656	177.54348754882812	49.43073654174805	36.894371032714844	
277.1253967285156	177.17996215820312	49.510643005371094	38.069190979003906	
289.00946044921875	176.2798614501953	49.99924087524414	40.579368591308594	
301.4160461425781	179.9136505126953	51.77568435668945	39.9490852355957	
314.2099304199219	179.1460418701172	54.417884826660156	41.61397933959961	
329.6549377441406	180.23110961914062	56.01557540893555	43.312965393066406	
345.8067932128906	179.42330932617188	58.5848503112793	44.29785919189453	
362.78582763671875	182.99459838867188	59.275978088378906	43.2766227722168	
382.3038330078125	182.96218872070312	61.66010665893555	43.762229919433594	
402.12567138671875	183.24244689941406	62.535186767578125	45.143226623535156	
420.8743591308594	186.07369995117188	61.80474090576172	47.64106369018555	
440.3457946777344	185.3959503173828	50.99418258666992	48.3988037109375	
