93.0	172.0	20.0	14.0	
93.30007934570312	172.18202209472656	20.027050018310547	13.773837089538574	
93.15892028808594	172.12796020507812	20.689868927001953	13.956243515014648	
93.3633041381836	172.1316680908203	20.894412994384766	13.968302726745605	
93.55827331542969	172.32009887695312	21.364253997802734	13.815935134887695	
94.0302963256836	172.2185821533203	21.479835510253906	14.080368041992188	
94.01777648925781	172.31564331054688	22.195714950561523	13.862768173217773	
93.83406066894531	172.06304931640625	22.7221736907959	14.365228652954102	
94.43113708496094	172.1372833251953	22.653133392333984	14.27711296081543	
94.47664642333984	172.35289001464844	22.985097885131836	14.00989055633545	
95.32643127441406	172.228271484375	22.48251724243164	14.276983261108398	
95.3825454711914	172.22650146484375	23.21685791015625	14.288299560546875	
96.39552307128906	172.5180206298828	22.689128875732422	13.86028003692627	
97.02600860595703	172.2840576171875	22.462383270263672	14.123727798461914	
97.50223541259766	172.2085723876953	22.69146728515625	14.296773910522461	
97.5317611694336	172.30728149414062	23.233976364135742	14.201568603515625	
97.78105926513672	172.33778381347656	23.682546615600586	14.184991836547852	
98.9521713256836	172.28736877441406	22.966541290283203	14.20788860321045	
98.7136459350586	172.3633575439453	23.937252044677734	14.23735237121582	
99.98759460449219	172.58033752441406	24.024051666259766	14.032002449035645	
100.22856140136719	172.4889373779297	24.63250732421875	14.282734870910645	
100.8338394165039	172.35369873046875	24.9233455657959	14.409441947937012	
101.64912414550781	172.35850524902344	25.051376342773438	14.417157173156738	
102.36466217041016	172.2999725341797	24.80562400817871	14.508951187133789	
102.7283706665039	172.1295166015625	25.049163818359375	15.01550579071045	
103.72279357910156	172.2123260498047	24.869977951049805	14.94544792175293	
104.59898376464844	172.1100311279297	25.15976333618164	15.196279525756836	
105.78749084472656	172.14984130859375	24.76177978515625	15.278010368347168	
106.12092590332031	171.91668701171875	25.306835174560547	15.900547981262207	
107.0292739868164	171.94766235351562	25.362438201904297	16.007776260375977	
107.51568603515625	171.83441162109375	25.65679931640625	16.17806625366211	
108.97042083740234	171.80325317382812	25.35093116760254	16.460145950317383	
109.58781433105469	171.7604217529297	25.645767211914062	16.53670883178711	
110.40663146972656	172.17080688476562	25.99851417541504	15.993484497070312	
111.1348648071289	171.88485717773438	26.021015167236328	16.51498794555664	
112.1812744140625	171.75082397460938	25.719945907592773	16.562252044677734	
113.23616790771484	171.9409637451172	25.661142349243164	16.768444061279297	
114.53968811035156	171.491943359375	25.251602172851562	17.103275299072266	
114.62589263916016	171.63333129882812	26.36261558532715	17.258670806884766	
115.39521789550781	171.80801391601562	26.61728858947754	17.07981300354004	
115.80859375	171.53038024902344	27.5506534576416	17.693523406982422	
119.0543212890625	169.524658203125	26.622934341430664	18.63605308532715	
117.64571380615234	171.44351196289062	28.509191513061523	17.937347412109375	
119.28682708740234	171.7938690185547	27.876033782958984	17.57024574279785	
120.19853210449219	171.47080993652344	28.0286808013916	18.14824867248535	
121.23713684082031	171.56654357910156	28.03628158569336	18.296463012695312	
122.66139221191406	171.02462768554688	27.919361114501953	18.853933334350586	
124.3331527709961	171.40380859375	27.875375747680664	18.875879287719727	
126.01695251464844	171.2128448486328	27.442962646484375	18.8792667388916	
126.6024398803711	171.29525756835938	28.386470794677734	19.201461791992188	
128.1460723876953	171.00491333007812	27.192703247070312	19.48406982421875	
129.0244903564453	171.19332885742188	28.228042602539062	19.221803665161133	
129.11868286132812	168.99197387695312	28.929391860961914	20.25057601928711	
132.5941162109375	171.593994140625	27.582489013671875	19.065261840820312	
132.93679809570312	171.67127990722656	29.430688858032227	19.16069984436035	
133.8190155029297	171.54196166992188	30.141687393188477	19.4931583404541	
135.82469177246094	171.9154510498047	30.33087730407715	18.839828491210938	
137.83651733398438	171.83425903320312	28.848224639892578	19.236125946044922	
139.1580810546875	172.37353515625	30.155391693115234	19.167652130126953	
140.93020629882812	172.65780639648438	31.378686904907227	18.67428970336914	
142.18557739257812	172.009521484375	30.992055892944336	19.9077091217041	
143.6630859375	172.40432739257812	32.49370193481445	19.865924835205078	
145.56838989257812	172.2194366455078	32.19047927856445	20.22638511657715	
147.5046844482422	173.03594970703125	33.417842864990234	19.443668365478516	
149.4751434326172	172.32521057128906	33.0713005065918	20.23734474182129	
151.32846069335938	172.5942840576172	33.50902557373047	20.381103515625	
151.82205200195312	172.44430541992188	35.930912017822266	20.631959915161133	
154.48471069335938	172.46707153320312	35.69139862060547	20.286426544189453	
157.12010192871094	172.75375366210938	34.641597747802734	20.04878807067871	
159.72802734375	172.08026123046875	33.225372314453125	21.630268096923828	
161.80978393554688	172.72474670410156	34.84555435180664	20.653162002563477	
164.37100219726562	172.6897430419922	34.47196578979492	21.118921279907227	
166.60128784179688	172.5736846923828	34.771270751953125	20.99338722229004	
169.25033569335938	172.0217742919922	35.2367057800293	21.455135345458984	
172.1443328857422	172.31790161132812	36.14447784423828	21.85239028930664	
175.49789428710938	173.3739013671875	37.4935188293457	21.06778907775879	
178.7738800048828	173.94821166992188	37.8542594909668	20.18507957458496	
181.36685180664062	173.35337829589844	38.51361846923828	21.543703079223633	
185.4799346923828	173.5203094482422	38.566795349121094	21.443592071533203	
189.2902374267578	173.6064910888672	38.00889587402344	21.729061126708984	
192.74427795410156	173.6932830810547	39.24646759033203	21.829662322998047	
196.20314025878906	173.85140991210938	39.5860595703125	21.742355346679688	
199.95440673828125	173.88113403320312	39.93760299682617	22.184621810913086	
204.2471160888672	173.47360229492188	39.62565231323242	23.319721221923828	
208.8847198486328	174.4498748779297	40.72595977783203	22.5395450592041	
212.3538360595703	173.87841796875	41.701229095458984	23.43883514404297	
217.781982421875	173.89645385742188	42.11851119995117	24.423372268676758	
222.6017608642578	174.1847381591797	42.223304748535156	24.618968963623047	
227.24740600585938	173.99932861328125	41.8101806640625	24.9121150970459	
232.1918487548828	173.63702392578125	43.565216064453125	25.491443634033203	
237.7386474609375	173.94735717773438	44.85851287841797	26.15292739868164	
243.42764282226562	174.17161560058594	46.69731903076172	26.420303344726562	
248.60745239257812	173.64492797851562	49.80051040649414	27.608062744140625	
256.3984069824219	175.044921875	51.3546028137207	27.33943748474121	
262.578857421875	174.4960174560547	52.78989791870117	29.134973526000977	
270.2240295410156	174.92465209960938	51.75870895385742	29.375213623046875	
278.34649658203125	174.251220703125	52.941139221191406	31.419921875	
288.2071533203125	175.3514404296875	55.401023864746094	30.924510955810547	
296.7612609863281	175.3616943359375	56.06504440307617	32.64794158935547	
305.62542724609375	175.53683471679688	58.62933349609375	33.800758361816406	
316.8665466308594	175.33419799804688	60.4445915222168	34.28504180908203	
330.19085693359375	177.3721160888672	61.431304931640625	32.989013671875	
346.09283447265625	172.8489532470703	50.05915451049805	35.04137420654297	
356.32818603515625	178.716064453125	61.977989196777344	33.569679260253906	
371.7615661621094	178.65936279296875	64.1900405883789	34.178428649902344	
387.23309326171875	180.48094177246094	66.74031066894531	34.23655319213867	
404.81768798828125	179.50509643554688	67.19413757324219	35.20057678222656	
427.39312744140625	181.0521240234375	62.3748664855957	34.922237396240234	
