132.0	177.0	14.0	11.0	
131.93357849121094	176.4358673095703	14.266752243041992	11.175286293029785	
132.22152709960938	176.36476135253906	14.28350830078125	11.34699821472168	
132.45181274414062	176.3843536376953	14.269418716430664	11.233070373535156	
132.61843872070312	176.34231567382812	14.353736877441406	11.446192741394043	
132.67367553710938	176.4934539794922	14.713655471801758	11.314478874206543	
132.4640350341797	176.5312042236328	14.87915325164795	11.263402938842773	
132.6913299560547	176.2693634033203	14.396001815795898	11.631044387817383	
132.70362854003906	176.43807983398438	14.429217338562012	11.28865909576416	
132.7724151611328	176.49334716796875	14.83954906463623	11.184147834777832	
132.9493408203125	176.32223510742188	14.68891716003418	11.371172904968262	
133.1212158203125	176.36477661132812	14.984001159667969	11.47618293762207	
133.47703552246094	176.45179748535156	14.730949401855469	11.454828262329102	
133.73727416992188	176.48536682128906	14.702302932739258	11.347208023071289	
133.72157287597656	176.61703491210938	14.549799919128418	11.238199234008789	
132.0030517578125	176.14608764648438	16.40653419494629	11.386569023132324	
132.91571044921875	176.01156616210938	15.720149040222168	12.351546287536621	
131.2635498046875	175.38674926757812	18.308610916137695	11.845823287963867	
131.4766082763672	175.5313720703125	18.48687171936035	12.113042831420898	
131.81698608398438	176.18557739257812	18.290807723999023	12.036053657531738	
133.65406799316406	175.88601684570312	16.429889678955078	12.909200668334961	
133.28933715820312	174.60964965820312	16.43425178527832	12.600055694580078	
135.9071502685547	175.04885864257812	16.021406173706055	12.588251113891602	
139.1121368408203	174.95217895507812	16.24280548095703	12.762208938598633	
139.80630493164062	174.9872283935547	16.457324981689453	12.930760383605957	
140.39625549316406	174.9039764404297	16.45750617980957	12.930902481079102	
144.81405639648438	175.43649291992188	16.503938674926758	12.967384338378906	
145.785888671875	172.68133544921875	17.232824325561523	13.540080070495605	
145.22386169433594	172.40545654296875	17.73866844177246	13.937528610229492	
147.04164123535156	169.0595245361328	17.645034790039062	13.863958358764648	
152.52072143554688	175.34011840820312	18.021574020385742	14.159811019897461	
152.7057342529297	175.0308074951172	18.326717376708984	14.399566650390625	
156.05755615234375	176.3760986328125	18.418540954589844	14.471713066101074	
155.42140197753906	176.7969512939453	18.776092529296875	14.752647399902344	
161.56324768066406	175.60623168945312	19.067569732666016	14.981664657592773	
163.80789184570312	176.18643188476562	19.50823211669922	15.327898979187012	
165.35926818847656	176.317138671875	19.69475746154785	15.474454879760742	
166.21893310546875	174.44937133789062	20.51662826538086	16.12021255493164	
168.4696807861328	174.60000610351562	20.558671951293945	16.153247833251953	
169.74337768554688	170.97421264648438	20.619783401489258	16.201265335083008	
169.85806274414062	167.4984588623047	20.511165618896484	16.115922927856445	
170.73944091796875	174.09616088867188	20.781612396240234	16.328414916992188	
167.55776977539062	164.4894256591797	21.45580291748047	16.858135223388672	
159.97683715820312	168.24244689941406	21.715259552001953	17.061996459960938	
152.4878387451172	172.6394500732422	21.780269622802734	17.113079071044922	
146.9438934326172	171.46902465820312	22.510921478271484	17.687164306640625	
146.19296264648438	166.84024047851562	22.984172821044922	18.059005737304688	
145.2748260498047	176.2418975830078	18.034626007080078	13.14868450164795	
146.28529357910156	176.90444946289062	18.19994354248047	12.199100494384766	
146.50582885742188	176.82496643066406	17.930400848388672	12.368583679199219	
147.6774139404297	176.77017211914062	17.908124923706055	12.635049819946289	
147.94482421875	177.0458221435547	19.22406005859375	12.433394432067871	
149.04197692871094	177.17906188964844	17.629108428955078	12.145120620727539	
149.3925323486328	177.3155517578125	18.537240982055664	12.085068702697754	
150.30010986328125	177.175537109375	19.649538040161133	12.406942367553711	
151.0449676513672	177.3248291015625	19.706676483154297	12.173723220825195	
151.90133666992188	177.12234497070312	18.488374710083008	12.57971477508545	
152.6392364501953	177.38011169433594	19.8968505859375	12.382333755493164	
153.67156982421875	177.41497802734375	19.618366241455078	12.457155227661133	
154.31495666503906	177.56297302246094	19.609949111938477	12.115510940551758	
155.29324340820312	177.47862243652344	19.409408569335938	12.358518600463867	
155.72055053710938	177.86959838867188	19.867918014526367	11.9399995803833	
156.9906005859375	177.4995880126953	19.398513793945312	12.761845588684082	
157.71987915039062	177.65338134765625	19.5790958404541	12.698005676269531	
158.6334686279297	177.54061889648438	19.752822875976562	12.75787353515625	
159.5382537841797	177.74505615234375	19.968402862548828	12.38677978515625	
160.54129028320312	177.7121124267578	19.922306060791016	12.633877754211426	
161.98342895507812	177.8062744140625	19.66476821899414	12.69709300994873	
163.17959594726562	177.95553588867188	19.66319465637207	12.580960273742676	
164.11724853515625	178.04953002929688	20.34773063659668	12.24360179901123	
165.23867797851562	177.98721313476562	20.792932510375977	12.91645336151123	
166.29505920410156	177.96632385253906	20.976457595825195	12.87681770324707	
167.60983276367188	177.88809204101562	20.90397071838379	13.030265808105469	
168.75820922851562	178.0261688232422	21.193092346191406	12.938024520874023	
169.75877380371094	178.03463745117188	21.45175552368164	12.95228099822998	
170.7830352783203	177.87905883789062	21.38237190246582	13.340051651000977	
171.88169860839844	177.97866821289062	21.22102928161621	13.370931625366211	
172.7900390625	178.4889373779297	21.685983657836914	12.596293449401855	
174.10890197753906	178.7670440673828	21.66298484802246	12.50456428527832	
174.99012756347656	178.65621948242188	21.97142219543457	12.811655044555664	
176.41905212402344	178.7557830810547	22.002761840820312	12.831962585449219	
178.0260009765625	178.76315307617188	22.000730514526367	12.834335327148438	
180.0683135986328	178.99514770507812	22.552967071533203	12.846705436706543	
180.94691467285156	178.9237823486328	22.898046493530273	12.977743148803711	
182.40650939941406	179.09536743164062	22.581905364990234	12.769800186157227	
184.3049774169922	179.2236328125	22.9046573638916	12.897746086120605	
185.73880004882812	178.7313232421875	23.011978149414062	13.63310718536377	
187.00741577148438	178.9923095703125	24.01137351989746	13.448657035827637	
188.6959991455078	179.10693359375	24.228700637817383	13.520637512207031	
190.0931396484375	179.05538940429688	24.092060089111328	13.591198921203613	
191.28268432617188	179.3534393310547	24.031347274780273	13.283841133117676	
192.56417846679688	179.35830688476562	24.450912475585938	13.543167114257812	
194.43746948242188	179.51351928710938	24.211273193359375	13.495397567749023	
196.3212432861328	180.05416870117188	24.48341178894043	13.076542854309082	
198.30967712402344	179.43515014648438	24.077960968017578	13.977084159851074	
200.4614715576172	180.062744140625	24.936254501342773	13.492441177368164	
202.07916259765625	179.87094116210938	25.244722366333008	13.8447904586792	
204.2015380859375	179.80113220214844	24.975360870361328	14.08276653289795	
205.802490234375	180.12796020507812	25.815013885498047	13.828208923339844	
207.5826873779297	180.30572509765625	25.693750381469727	13.664728164672852	
209.30850219726562	180.8556671142578	26.08425521850586	13.055818557739258	
213.53854370117188	179.5028076171875	23.587615966796875	18.53314208984375	
216.26809692382812	178.42796325683594	23.837602615356445	18.72956085205078	
217.44015502929688	179.02601623535156	24.116207122802734	18.948467254638672	
219.31973266601562	178.14247131347656	25.186325073242188	19.78927230834961	
222.7865447998047	180.46792602539062	24.368825912475586	19.146949768066406	
226.84432983398438	180.53097534179688	23.12849235534668	18.172401428222656	
233.51858520507812	179.54661560058594	22.685649871826172	17.824453353881836	
226.18667602539062	176.35365295410156	22.88053321838379	17.977575302124023	
232.90084838867188	177.43992614746094	23.896373748779297	18.775737762451172	
241.0447540283203	177.60809326171875	23.604293823242188	18.546245574951172	
245.44412231445312	177.61700439453125	24.07796859741211	18.91841697692871	
248.6648406982422	176.9307861328125	24.833377838134766	19.511953353881836	
254.1942901611328	177.20230102539062	25.52737045288086	20.057231903076172	
253.2357177734375	175.41146850585938	26.007999420166016	20.43486785888672	
269.3583068847656	177.9361114501953	25.78326988220215	20.2582950592041	
281.4933166503906	179.2731475830078	25.578596115112305	20.09748077392578	
284.1814880371094	178.98719787597656	26.555286407470703	20.864877700805664	
292.733154296875	178.8324737548828	26.68947982788086	20.97031593322754	
308.1888732910156	177.4139404296875	27.703304290771484	21.766895294189453	
316.86102294921875	182.38845825195312	28.352951049804688	22.277332305908203	
332.75860595703125	180.82028198242188	28.285497665405273	22.224336624145508	
342.3155517578125	183.45408630371094	28.430171966552734	22.338008880615234	
346.07293701171875	181.8567657470703	29.15301513671875	22.905960083007812	
352.958740234375	185.7437744140625	29.779287338256836	23.39803123474121	
356.88006591796875	186.34530639648438	29.200542449951172	22.94330406188965	
370.1916198730469	185.63894653320312	29.13738441467285	22.893680572509766	
388.4424133300781	189.72079467773438	28.04782485961914	22.03759765625	
395.3763122558594	189.64047241210938	28.91213035583496	22.71669578552246	
397.7981872558594	203.2466583251953	29.039337158203125	22.8166446685791	
402.1752624511719	210.54281616210938	28.674026489257812	22.529613494873047	
411.981201171875	204.6512908935547	29.74618148803711	23.372020721435547	
429.16925048828125	221.21127319335938	29.407318115234375	23.10577392578125	
453.4998474121094	222.4234161376953	28.846405029296875	22.665054321289062	
453.9991760253906	220.51416015625	28.21736717224121	22.17081069946289	
426.42620849609375	220.3652801513672	27.25644302368164	21.41579818725586	
438.9375915527344	208.2488250732422	26.88692855834961	21.12546730041504	
432.7814025878906	191.32505798339844	25.850269317626953	20.310949325561523	
405.93975830078125	188.555419921875	26.80533218383789	21.061359405517578	
403.78106689453125	186.9794158935547	31.94451332092285	19.602746963500977	
400.096923828125	187.47854614257812	34.40191650390625	21.186084747314453	
407.083740234375	187.66355895996094	28.89142417907715	22.700435638427734	
395.6055908203125	187.14419555664062	29.38274574279785	23.086475372314453	
394.2425537109375	191.66416931152344	37.056949615478516	15.47404956817627	
403.4272766113281	192.23614501953125	35.968894958496094	15.452558517456055	
413.5155334472656	192.857666015625	36.6068000793457	15.827278137207031	
423.97186279296875	194.2216796875	37.798500061035156	16.138914108276367	
434.63690185546875	195.90573120117188	37.17597198486328	15.74485969543457	
446.0611267089844	196.5864715576172	37.51410675048828	16.216238021850586	
458.85693359375	197.61746215820312	33.383872985839844	18.071090698242188	
451.864013671875	190.59939575195312	33.45230484008789	26.28399658203125	
461.02105712890625	194.77317810058594	32.703102111816406	25.695337295532227	
