167.0	219.0	16.0	15.0	
166.48016357421875	210.3592529296875	15.927453994750977	14.931986808776855	
166.16574096679688	199.8336181640625	16.657093048095703	15.616023063659668	
163.76303100585938	189.60626220703125	16.474441528320312	15.444787979125977	
159.41757202148438	177.03712463378906	17.124958038330078	16.054645538330078	
157.2400665283203	169.9271240234375	15.049038887023926	15.634170532226562	
154.6491241455078	164.7845916748047	17.04591178894043	15.98054027557373	
155.02491760253906	162.44485473632812	16.264585494995117	13.92778205871582	
153.50546264648438	161.50367736816406	16.414085388183594	13.447107315063477	
153.25704956054688	163.5536346435547	16.599628448486328	14.089597702026367	
150.8738250732422	169.09375	17.961566925048828	16.28729820251465	
151.8597412109375	177.14767456054688	17.256282806396484	16.17776107788086	
147.0325469970703	184.31053161621094	17.60110092163086	16.501028060913086	
144.1086883544922	175.11915588378906	17.060638427734375	15.994343757629395	
136.45547485351562	173.4261474609375	17.192283630371094	16.117761611938477	
129.70376586914062	173.1373748779297	17.167692184448242	16.094707489013672	
124.3664779663086	172.81910705566406	17.17328453063965	16.09994888305664	
120.96501159667969	172.56874084472656	17.102252960205078	16.033355712890625	
123.28562927246094	172.48646545410156	17.463109970092773	16.371658325195312	
129.84767150878906	177.55294799804688	18.006698608398438	16.88127326965332	
142.8069305419922	174.55435180664062	17.320438385009766	13.666272163391113	
144.94204711914062	167.7897186279297	15.259989738464355	16.147363662719727	
144.5662078857422	164.01498413085938	16.218441009521484	15.43321704864502	
144.52493286132812	162.2350616455078	15.092516899108887	13.925275802612305	
144.29586791992188	162.99513244628906	15.192288398742676	13.41742992401123	
144.74415588378906	167.59347534179688	15.118143081665039	16.340730667114258	
142.13748168945312	178.92483520507812	16.562488555908203	12.307696342468262	
144.49105834960938	181.08155822753906	16.176271438598633	15.165245056152344	
149.1453399658203	176.89639282226562	15.616914749145508	14.640848159790039	
146.72000122070312	180.7039031982422	15.311640739440918	14.354654312133789	
140.80038452148438	181.0471649169922	15.027470588684082	14.088244438171387	
133.92649841308594	181.2318878173828	14.614535331726074	13.701118469238281	
139.12924194335938	193.37417602539062	13.758794784545898	15.777752876281738	
138.91384887695312	185.7340545654297	14.316993713378906	13.422172546386719	
138.1794891357422	176.55935668945312	14.361308097839355	13.463717460632324	
136.786376953125	167.13543701171875	13.486175537109375	14.0062255859375	
139.2556610107422	159.37258911132812	13.033488273620605	15.963163375854492	
139.2350311279297	156.2573699951172	12.514286994934082	15.991436958312988	
139.55665588378906	155.9249267578125	12.705400466918945	16.091718673706055	
139.59657287597656	157.91937255859375	12.974105834960938	16.315448760986328	
139.8644256591797	163.9141845703125	13.10881519317627	15.811441421508789	
136.6680450439453	172.69686889648438	15.034411430358887	14.094749450683594	
139.2598419189453	172.58407592773438	14.477190017700195	13.572354316711426	
142.9451446533203	173.85255432128906	14.268287658691406	13.376507759094238	
146.3924102783203	179.2125244140625	13.833340644836426	12.968745231628418	
146.3629150390625	180.64401245117188	13.783564567565918	12.922080993652344	
147.1614990234375	180.21939086914062	13.840235710144043	12.975210189819336	
147.1276092529297	178.8520965576172	13.880775451660156	13.013216018676758	
142.3230743408203	186.65049743652344	12.7820405960083	11.515159606933594	
140.75926208496094	179.42613220214844	14.617897033691406	13.704266548156738	
143.0662078857422	167.01324462890625	14.985391616821289	15.597297668457031	
143.6147003173828	158.81573486328125	14.72521686553955	15.346914291381836	
144.4303741455078	151.89210510253906	15.1639986038208	15.561983108520508	
143.144775390625	147.2888641357422	15.894554138183594	14.901130676269531	
151.8152618408203	142.5484161376953	12.9610595703125	15.490358352661133	
157.70143127441406	138.85267639160156	15.156611442565918	15.735467910766602	
164.4263916015625	137.59078979492188	12.714371681213379	14.99372386932373	
168.78878784179688	138.3002166748047	13.820220947265625	14.895639419555664	
171.4663543701172	138.7783660888672	15.927844047546387	14.170016288757324	
169.1715850830078	139.46408081054688	16.173843383789062	14.531530380249023	
167.9005126953125	139.68173217773438	11.918107986450195	15.022018432617188	
160.91549682617188	140.15762329101562	15.519638061523438	16.94815444946289	
159.5931854248047	140.03610229492188	15.834188461303711	16.54634666442871	
160.01528930664062	141.0479736328125	16.52022933959961	15.487701416015625	
167.90037536621094	138.10145568847656	12.23147964477539	14.87652587890625	
170.97897338867188	138.16915893554688	15.997190475463867	14.18122386932373	
176.41085815429688	136.44427490234375	15.463345527648926	13.374293327331543	
174.41220092773438	134.3047332763672	14.814157485961914	14.479891777038574	
170.4114227294922	133.27352905273438	12.927179336547852	16.006580352783203	
165.30953979492188	134.70449829101562	14.166674613952637	13.817761421203613	
160.3516387939453	137.1754150390625	15.378217697143555	11.695577621459961	
159.71092224121094	137.5452423095703	15.697949409484863	11.447144508361816	
163.13783264160156	136.27523803710938	15.435750007629395	12.561895370483398	
169.665771484375	135.6103973388672	13.683053970336914	12.947547912597656	
175.83016967773438	136.19483947753906	15.629377365112305	11.837156295776367	
179.9734344482422	135.37290954589844	14.163609504699707	12.470447540283203	
177.4420166015625	134.66578674316406	15.138447761535645	12.182312965393066	
170.57705688476562	134.17283630371094	14.904147148132324	12.859623908996582	
163.47732543945312	135.12380981445312	15.907855033874512	11.979447364807129	
158.7733612060547	135.7444305419922	16.06508445739746	11.468680381774902	
157.04660034179688	135.1866455078125	15.420408248901367	11.564597129821777	
159.27687072753906	133.24440002441406	16.772600173950195	12.164484024047852	
166.2261962890625	130.69271850585938	14.836931228637695	13.368810653686523	
172.19422912597656	129.99990844726562	15.622103691101074	12.684830665588379	
181.94175720214844	129.07093811035156	14.081171035766602	13.475915908813477	
184.5543212890625	127.15093994140625	14.246179580688477	14.716018676757812	
182.77818298339844	124.18241882324219	14.669349670410156	14.08787727355957	
177.5020294189453	120.5084457397461	14.006237983703613	13.55590534210205	
171.40255737304688	117.0660629272461	14.753122329711914	13.137117385864258	
165.28164672851562	114.98728942871094	14.84715461730957	12.577080726623535	
160.6254425048828	113.5321273803711	14.836410522460938	13.04786205291748	
159.1353302001953	110.61625671386719	15.313453674316406	13.483695983886719	
161.54248046875	107.62884521484375	15.137245178222656	12.803024291992188	
165.81625366210938	104.464599609375	15.276774406433105	12.424678802490234	
170.22824096679688	102.67154693603516	15.314600944519043	12.029661178588867	
175.577880859375	101.87234497070312	14.839988708496094	11.87159538269043	
176.8192138671875	100.52923583984375	14.922184944152832	11.820799827575684	
173.8890380859375	98.2393798828125	14.326105117797852	12.30350112915039	
168.93246459960938	97.31385803222656	12.837590217590332	13.117029190063477	
163.09036254882812	97.67115783691406	12.63306713104248	14.163090705871582	
158.99465942382812	98.65669250488281	11.906012535095215	14.42259693145752	
158.18943786621094	95.87474060058594	11.931175231933594	13.742317199707031	
161.05325317382812	91.32621765136719	12.395586013793945	12.729297637939453	
163.54867553710938	87.77839660644531	12.954605102539062	11.813167572021484	
167.05422973632812	85.61373901367188	12.624679565429688	12.392611503601074	
169.27609252929688	84.93296813964844	13.940640449523926	12.11820125579834	
173.2351531982422	85.33747863769531	12.289865493774414	12.759756088256836	
177.12156677246094	87.28165435791016	11.612508773803711	13.619585037231445	
180.86656188964844	91.17301940917969	11.894067764282227	14.06468677520752	
183.76321411132812	96.42579650878906	12.319920539855957	12.805953979492188	
183.10641479492188	96.89907836914062	12.400015830993652	12.405993461608887	
178.3754425048828	95.2714614868164	12.767265319824219	12.053135871887207	
173.81956481933594	94.8416748046875	12.622212409973145	12.1958589553833	
170.78402709960938	97.46002197265625	12.884221076965332	12.474081993103027	
167.73606872558594	99.72232818603516	12.227411270141602	13.5760498046875	
167.67532348632812	99.08727264404297	12.54983139038086	13.43504810333252	
171.6956329345703	97.0338134765625	13.005083084106445	12.524702072143555	
175.48153686523438	96.06745910644531	14.502082824707031	11.441307067871094	
180.98226928710938	96.41252136230469	14.15709114074707	11.621381759643555	
185.9822998046875	98.09364318847656	14.101140975952148	11.893186569213867	
185.6366424560547	98.24812316894531	13.681303024291992	11.90523910522461	
181.3261260986328	98.26191711425781	13.665838241577148	11.543850898742676	
175.21044921875	97.9478530883789	13.59965991973877	12.84153938293457	
171.31668090820312	99.4170913696289	12.643199920654297	13.599879264831543	
165.9767303466797	101.92645263671875	13.3281888961792	14.406277656555176	
163.77584838867188	105.36265563964844	14.146456718444824	14.291069030761719	
165.74095153808594	107.41141510009766	14.014444351196289	14.712285041809082	
172.2085723876953	109.66603088378906	13.588180541992188	14.020639419555664	
179.1277618408203	112.5146484375	13.657464981079102	14.130859375	
186.75802612304688	116.18510437011719	13.350377082824707	15.08086109161377	
188.58450317382812	120.12837219238281	13.612658500671387	15.066659927368164	
188.01821899414062	124.2790756225586	13.679235458374023	15.809492111206055	
184.37008666992188	128.8175506591797	13.981620788574219	15.493410110473633	
178.48428344726562	135.08523559570312	12.785179138183594	15.410652160644531	
171.63497924804688	143.24807739257812	15.611572265625	14.635838508605957	
171.1006622314453	148.19918823242188	13.358014106750488	16.658172607421875	
169.3312530517578	154.8358154296875	13.704670906066895	16.664480209350586	
168.07867431640625	161.63919067382812	13.975214958190918	16.38644027709961	
167.1654510498047	169.1546173095703	15.038653373718262	16.298751831054688	
167.28103637695312	180.46914672851562	15.524149894714355	15.048332214355469	
164.33096313476562	184.33914184570312	14.541299819946289	13.632455825805664	
159.7506866455078	183.91392517089844	14.305578231811523	13.411466598510742	
157.80494689941406	182.1586151123047	14.337858200073242	13.441729545593262	
149.22811889648438	177.31954956054688	14.603472709655762	13.690742492675781	
145.3767547607422	178.052001953125	14.815075874328613	13.889120101928711	
148.80166625976562	180.5645294189453	14.904317855834961	13.972784042358398	
159.10183715820312	182.71578979492188	13.7446928024292	12.987286567687988	
159.39614868164062	177.75686645507812	15.270337104797363	13.070451736450195	
161.16351318359375	174.7108612060547	16.5610294342041	14.265172004699707	
166.92079162597656	174.99696350097656	15.289098739624023	15.821789741516113	
171.80520629882812	180.0706787109375	15.934371948242188	15.11094856262207	
173.40638732910156	186.718017578125	14.823217391967773	13.896753311157227	
176.87820434570312	189.72328186035156	15.125102043151855	14.179769515991211	
178.7454071044922	186.5551300048828	15.677831649780273	14.697952270507812	
177.51434326171875	188.98130798339844	15.784772872924805	14.798210144042969	
171.8988494873047	186.05299377441406	16.634273529052734	15.59461498260498	
166.42779541015625	180.2537078857422	16.48130226135254	15.451204299926758	
168.6583251953125	183.0431365966797	16.127334594726562	15.119359016418457	
169.23573303222656	190.30654907226562	16.085811614990234	15.08043098449707	
158.91983032226562	191.65835571289062	16.49501609802246	15.464059829711914	
159.370849609375	190.7749786376953	16.590246200561523	15.553339004516602	
159.2486114501953	199.7632293701172	17.176956176757812	16.103378295898438	
159.22244262695312	199.51551818847656	17.218345642089844	16.142181396484375	
161.3036651611328	198.81045532226562	17.18450355529785	16.110454559326172	
161.61123657226562	202.9602813720703	16.401517868041992	15.3764066696167	
164.9237823486328	206.6981964111328	16.841251373291016	15.788656234741211	
168.31101989746094	212.987060546875	16.906465530395508	15.84979248046875	
167.31092834472656	216.6581268310547	16.92775535583496	15.869752883911133	
163.73085021972656	213.3076629638672	16.950057983398438	15.890663146972656	
167.951416015625	209.8499755859375	16.886104583740234	15.830706596374512	
163.29647827148438	209.7639923095703	16.781396865844727	15.732542037963867	
166.2477569580078	209.1470184326172	17.66764259338379	16.56339454650879	
165.70298767089844	206.29452514648438	17.7988224029541	16.68637466430664	
163.4238739013672	206.458984375	17.527965545654297	16.432445526123047	
161.79586791992188	204.1574249267578	17.74097442626953	16.63214111328125	
161.62179565429688	205.3229217529297	18.278881072998047	17.136428833007812	
161.5596160888672	203.9816131591797	19.32390785217285	18.116140365600586	
175.35464477539062	206.6732635498047	19.192974090576172	17.993391036987305	
173.97262573242188	198.9801025390625	19.076711654663086	17.884395599365234	
178.04400634765625	194.78530883789062	19.117006301879883	17.92217254638672	
159.81617736816406	201.29922485351562	19.180278778076172	17.981487274169922	
160.02392578125	201.35267639160156	19.429935455322266	18.215538024902344	
159.304931640625	200.68336486816406	19.4862003326416	18.268287658691406	
157.62026977539062	199.09909057617188	18.880802154541016	17.700727462768555	
157.1821746826172	199.77801513671875	18.80741310119629	17.631925582885742	
158.1620635986328	200.4925994873047	18.409616470336914	17.258991241455078	
156.84597778320312	199.3909912109375	18.25347328186035	17.112607955932617	
167.5623779296875	201.73385620117188	18.74264144897461	17.571203231811523	
179.10284423828125	222.68838500976562	18.49710464477539	17.341012954711914	
170.73391723632812	230.69338989257812	13.905733108520508	14.204833984375	
166.15133666992188	220.23046875	12.55400562286377	13.808606147766113	
155.76327514648438	212.28170776367188	19.631868362426758	12.841160774230957	
149.97596740722656	204.44033813476562	19.997228622436523	13.336465835571289	
142.794677734375	195.7975616455078	18.02882194519043	15.453557014465332	
142.1599578857422	189.24661254882812	12.57737922668457	14.3734130859375	
138.83233642578125	184.49789428710938	13.8974027633667	11.555732727050781	
135.3083038330078	180.34884643554688	16.789575576782227	10.802862167358398	
134.20025634765625	176.56886291503906	18.614540100097656	12.589017868041992	
137.1459503173828	172.2468719482422	17.048925399780273	12.668252944946289	
138.2044219970703	169.9324493408203	16.285381317138672	11.39669132232666	
142.16046142578125	167.99530029296875	15.653816223144531	13.256515502929688	
146.2677764892578	167.56362915039062	14.92304515838623	14.58349609375	
149.48788452148438	168.79856872558594	16.00835418701172	15.016805648803711	
154.42218017578125	174.04957580566406	15.245844841003418	14.292959213256836	
156.68753051757812	172.7108154296875	16.36009979248047	16.541820526123047	
156.0111541748047	177.60435485839844	15.212606430053711	14.261800765991211	
162.06124877929688	178.4871826171875	14.6626558303833	13.746221542358398	
158.79183959960938	178.746337890625	14.776095390319824	13.852571487426758	
161.7181396484375	177.94418334960938	14.460092544555664	13.556318283081055	
161.83895874023438	176.78758239746094	14.752790451049805	13.830721855163574	
161.2730255126953	177.72972106933594	14.723419189453125	13.803186416625977	
162.37222290039062	177.0955047607422	14.634424209594727	13.719752311706543	
162.38143920898438	177.02906799316406	14.575822830200195	13.664813041687012	
166.41709899902344	176.32423400878906	14.555288314819336	13.645563125610352	
170.6657257080078	175.4456024169922	14.263010025024414	13.371553421020508	
181.24929809570312	174.02993774414062	14.90967082977295	13.97779655456543	
186.2747039794922	174.3255615234375	14.605392456054688	13.692535400390625	
196.37594604492188	176.1917724609375	14.862045288085938	13.933146476745605	
214.6128387451172	182.7029571533203	14.562532424926758	13.65235424041748	
220.76986694335938	187.34768676757812	14.119935989379883	11.543974876403809	
220.2417755126953	189.04917907714844	15.037002563476562	13.908114433288574	
220.74014282226562	195.07542419433594	15.22082233428955	12.736846923828125	
218.03646850585938	202.6607208251953	14.504284858703613	13.597747802734375	
215.02880859375	201.4022979736328	14.427746772766113	13.525993347167969	
218.7028350830078	204.86337280273438	14.958592414855957	14.023658752441406	
219.292236328125	215.098388671875	14.278483390808105	10.649385452270508	
215.2924346923828	205.22341918945312	16.086580276489258	13.665247917175293	
213.8865966796875	197.36407470703125	15.4907865524292	13.382356643676758	
215.8523712158203	191.77346801757812	13.128349304199219	13.867315292358398	
219.130615234375	188.69696044921875	11.894289016723633	14.24524974822998	
222.46078491210938	187.46713256835938	12.390303611755371	12.792810440063477	
225.78579711914062	186.7183837890625	13.431070327758789	11.586463928222656	
227.57339477539062	184.89004516601562	15.087602615356445	11.822425842285156	
230.26797485351562	183.02224731445312	16.138166427612305	12.935961723327637	
230.07455444335938	180.6205596923828	14.599947929382324	13.673269271850586	
222.484619140625	177.56765747070312	14.853879928588867	15.072431564331055	
212.972412109375	176.0613555908203	16.079965591430664	15.074941635131836	
209.2336883544922	176.58236694335938	17.34054183959961	16.256731033325195	
205.6030731201172	177.1215057373047	17.20736312866211	16.131877899169922	
211.47885131835938	177.236572265625	17.30748176574707	16.225738525390625	
214.3426055908203	177.14010620117188	17.537479400634766	16.441360473632812	
213.5535888671875	175.1326904296875	18.392152786254883	17.24261474609375	
214.8247528076172	177.1205596923828	18.31100082397461	17.16653823852539	
209.9242706298828	177.65902709960938	18.63189697265625	17.46738052368164	
207.0449676513672	177.11093139648438	18.309494018554688	17.165130615234375	
211.6505889892578	186.7410888671875	18.24226951599121	17.102108001708984	
211.7667999267578	193.6428985595703	17.592021942138672	16.492502212524414	
211.06973266601562	200.56533813476562	17.749406814575195	16.64004898071289	
217.10476684570312	204.57177734375	18.104787826538086	16.97321891784668	
215.5631561279297	204.8126983642578	18.347965240478516	17.20119857788086	
216.7945098876953	205.634765625	17.83556365966797	16.720821380615234	
215.70693969726562	206.53860473632812	17.71202850341797	16.60500717163086	
217.1726531982422	205.62646484375	17.204959869384766	16.12963104248047	
214.0860137939453	203.34130859375	17.344532012939453	16.260478973388672	
217.6954803466797	204.30734252929688	17.530935287475586	16.435230255126953	
217.5785369873047	204.9947052001953	16.971513748168945	15.910772323608398	
216.67080688476562	205.4095458984375	17.39841079711914	16.31098747253418	
217.1979522705078	205.15908813476562	17.481273651123047	16.388671875	
216.1624755859375	205.21041870117188	17.401979446411133	16.314334869384766	
216.24282836914062	205.70187377929688	17.51962661743164	16.42462921142578	
216.7578582763672	205.3321075439453	17.777263641357422	16.666162490844727	
216.7408905029297	205.21633911132812	17.851703643798828	16.735946655273438	
216.533203125	204.22276306152344	17.860919952392578	16.744586944580078	
216.1013641357422	204.693603515625	17.855350494384766	16.739364624023438	
217.3104248046875	204.1671905517578	17.737964630126953	16.629316329956055	
215.7687225341797	204.1553955078125	17.944931030273438	16.823345184326172	
216.68344116210938	204.2817840576172	17.736148834228516	16.627609252929688	
216.2247314453125	204.51559448242188	17.635601043701172	16.53334617614746	
216.3909912109375	204.8513946533203	17.81551742553711	16.702016830444336	
216.9541015625	204.78201293945312	17.916330337524414	16.796527862548828	
216.71078491210938	205.3993377685547	17.67388153076172	16.569232940673828	
216.2353973388672	204.99838256835938	17.27676773071289	16.19693946838379	
216.7221221923828	204.89413452148438	17.622711181640625	16.52126121520996	
215.86630249023438	204.342529296875	18.34593391418457	17.19927978515625	
216.3430938720703	205.6457061767578	18.600881576538086	17.438291549682617	
215.77554321289062	202.67727661132812	18.81889533996582	17.64267921447754	
193.78121948242188	200.90786743164062	19.458120346069336	18.24195098876953	
187.16671752929688	188.54635620117188	15.616830825805664	14.975290298461914	
184.5770263671875	179.63034057617188	22.317609786987305	13.123495101928711	
185.3904266357422	173.54006958007812	19.75541114807129	16.147748947143555	
186.8849334716797	173.34727478027344	20.71836280822754	16.917850494384766	
189.16680908203125	176.81509399414062	21.208576202392578	14.127041816711426	
194.4057159423828	187.09188842773438	17.260784149169922	11.72079086303711	
193.73031616210938	194.2212677001953	19.46881103515625	18.25197410583496	
197.3986358642578	197.2535858154297	19.24835777282715	18.045299530029297	
203.83078002929688	195.58450317382812	19.32986831665039	18.121715545654297	
209.6247100830078	206.29879760742188	18.936450958251953	17.752887725830078	
196.32907104492188	202.85511779785156	18.429086685180664	15.112129211425781	
195.8972930908203	192.12026977539062	18.69622230529785	17.129776000976562	
194.9726104736328	182.49998474121094	18.784059524536133	14.58234977722168	
194.9879913330078	174.56967163085938	19.901382446289062	18.419950485229492	
198.00619506835938	169.03887939453125	14.797574043273926	16.381254196166992	
200.11795043945312	166.88087463378906	14.363840103149414	15.036931037902832	
203.04104614257812	167.83108520507812	14.462728500366211	14.400186538696289	
206.53536987304688	172.71328735351562	17.662967681884766	18.84463882446289	
210.7698516845703	182.66941833496094	16.608150482177734	12.984875679016113	
211.00521850585938	179.20175170898438	18.719308853149414	17.549320220947266	
206.6417999267578	176.40579223632812	18.493576049804688	17.337696075439453	
201.77447509765625	176.78189086914062	18.97818946838379	17.79201889038086	
200.36074829101562	177.5911865234375	18.71590232849121	17.546127319335938	
206.35549926757812	176.93414306640625	17.82341194152832	16.709421157836914	
210.7941131591797	191.51998901367188	16.522289276123047	13.683377265930176	
207.41552734375	181.33651733398438	23.171653747558594	12.23711109161377	
207.87484741210938	174.1051788330078	18.438068389892578	15.865537643432617	
206.84829711914062	169.29046630859375	17.351194381713867	13.300821304321289	
205.4412841796875	167.38125610351562	16.257617950439453	13.11775016784668	
202.87374877929688	169.14224243164062	18.064250946044922	13.562255859375	
203.0786895751953	176.729248046875	18.920913696289062	14.128158569335938	
202.91531372070312	189.1339111328125	15.415270805358887	15.134269714355469	
197.90774536132812	187.34695434570312	17.653783798217773	16.55038833618164	
187.3821563720703	184.97406005859375	17.57135009765625	16.473106384277344	
182.99691772460938	178.66537475585938	17.823497772216797	16.709495544433594	
181.03700256347656	168.2495880126953	18.34256935119629	17.196125030517578	
178.56591796875	170.31082153320312	17.745929718017578	16.63677978515625	
186.34193420410156	189.89773559570312	14.041284561157227	12.050451278686523	
183.3931884765625	180.21304321289062	18.286052703857422	11.831537246704102	
182.04151916503906	172.77882385253906	16.16195297241211	14.141018867492676	
181.79251098632812	168.29104614257812	15.867624282836914	12.653709411621094	
182.2384033203125	164.523681640625	15.166877746582031	12.858769416809082	
183.29165649414062	162.83270263671875	14.961029052734375	13.299650192260742	
184.6674346923828	163.54745483398438	15.403042793273926	12.697568893432617	
187.48646545410156	167.2264404296875	17.021516799926758	12.324140548706055	
191.07000732421875	173.9756622314453	16.179241180419922	15.88978385925293	
195.27493286132812	186.3795928955078	16.782827377319336	12.066360473632812	
196.03207397460938	181.8899688720703	17.82278823852539	16.708837509155273	
198.92434692382812	181.71798706054688	17.428115844726562	16.33883285522461	
200.2093048095703	178.31503295898438	18.562543869018555	17.402359008789062	
201.59197998046875	180.2626190185547	18.699417114257812	17.530677795410156	
203.96713256835938	191.31948852539062	19.001554489135742	17.81393051147461	
214.521728515625	191.68482971191406	17.953014373779297	16.928245544433594	
216.3485870361328	188.94512939453125	17.692209243774414	16.5864200592041	
205.3915252685547	193.89944458007812	18.02071189880371	16.894392013549805	
204.4069061279297	194.2503662109375	17.60402488708496	16.50374984741211	
204.57565307617188	194.1543426513672	17.5197811126709	16.424774169921875	
203.59584045410156	191.6155242919922	17.488037109375	16.395015716552734	
201.8615264892578	180.92050170898438	17.729951858520508	16.621807098388672	
200.65798950195312	176.23727416992188	18.747814178466797	17.576051712036133	
198.75856018066406	177.22232055664062	18.838363647460938	17.660940170288086	
198.39767456054688	172.98316955566406	19.061641693115234	17.870264053344727	
199.212890625	152.68975830078125	18.688060760498047	17.52003288269043	
213.14273071289062	152.63821411132812	15.543249130249023	15.984922409057617	
212.72976684570312	151.94735717773438	15.08984375	15.5472993850708	
217.0606231689453	148.66075134277344	14.446901321411133	16.111330032348633	
223.6043701171875	145.93844604492188	14.184976577758789	14.603724479675293	
225.06448364257812	142.08413696289062	17.783817291259766	16.672304153442383	
229.5162811279297	140.18338012695312	17.478633880615234	16.38619613647461	
228.81979370117188	140.60121154785156	12.511622428894043	11.631359100341797	
222.6985626220703	138.80323791503906	12.287302017211914	12.653604507446289	
215.814208984375	136.05856323242188	16.423452377319336	15.396966934204102	
212.8338623046875	138.09872436523438	13.172090530395508	12.734590530395508	
209.4290008544922	138.93136596679688	14.852665901184082	12.390439987182617	
211.2822723388672	138.58111572265625	14.149296760559082	12.41850757598877	
216.83523559570312	137.24391174316406	12.06653118133545	13.414449691772461	
221.9935302734375	136.51255798339844	12.006304740905762	13.023529052734375	
228.9461212158203	137.233642578125	12.419445991516113	11.30558967590332	
233.69229125976562	138.2898712158203	12.709580421447754	12.011476516723633	
232.8418426513672	137.68130493164062	12.60062026977539	11.812654495239258	
228.56472778320312	136.79205322265625	12.208459854125977	11.671862602233887	
222.5078582763672	135.61380004882812	11.454386711120605	13.811436653137207	
216.9747772216797	136.2918701171875	11.825396537780762	14.788330078125	
212.6615753173828	138.16403198242188	13.48265266418457	14.32702350616455	
212.181396484375	138.53427124023438	13.30602741241455	14.46380615234375	
215.7646484375	137.9406280517578	12.798521041870117	14.282580375671387	
222.2228546142578	136.72418212890625	11.109123229980469	14.714128494262695	
228.7318115234375	137.577392578125	12.542126655578613	13.583101272583008	
235.3213348388672	139.47776794433594	15.260337829589844	14.306549072265625	
243.6932373046875	136.3442840576172	15.597127914428711	14.622291564941406	
237.45376586914062	133.36227416992188	15.702796936035156	14.721354484558105	
241.73025512695312	137.6525115966797	13.413429260253906	14.112339973449707	
244.1334228515625	138.1557159423828	11.615608215332031	12.687292098999023	
235.6556396484375	137.1147918701172	14.575546264648438	13.134384155273438	
229.8869171142578	137.81712341308594	14.791570663452148	13.867082595825195	
224.566162109375	137.16949462890625	15.233297348022461	14.281201362609863	
220.7594757080078	138.13671875	14.907835006713867	13.976081848144531	
217.71127319335938	138.04617309570312	15.378705024719238	14.417521476745605	
220.95376586914062	137.4152374267578	15.768343925476074	14.782809257507324	
223.401611328125	136.2388153076172	16.104137420654297	13.202630996704102	
229.4069366455078	135.2403106689453	13.133638381958008	13.52697467803955	
233.32254028320312	136.05543518066406	15.423666000366211	13.041890144348145	
242.1620330810547	136.11514282226562	13.147725105285645	13.072972297668457	
245.01547241210938	137.20651245117188	12.9771089553833	13.267850875854492	
244.61965942382812	138.0926055908203	12.584378242492676	12.971219062805176	
241.2892608642578	137.42413330078125	12.347356796264648	13.502599716186523	
231.7525177001953	138.28048706054688	16.430770874023438	12.951665878295898	
226.60513305664062	138.04649353027344	13.029279708862305	12.474996566772461	
218.974853515625	138.38644409179688	16.61190414428711	13.936306953430176	
214.73599243164062	139.6720733642578	16.221973419189453	15.208088874816895	
214.7701416015625	138.6465606689453	16.509563446044922	13.356213569641113	
220.5949249267578	136.8856658935547	13.449983596801758	13.440274238586426	
226.50119018554688	137.2261962890625	12.880830764770508	11.78907299041748	
233.2134246826172	138.28817749023438	13.920539855957031	10.263933181762695	
238.4252166748047	138.56240844726562	12.445440292358398	10.46557903289795	
239.11856079101562	137.9799346923828	12.30369758605957	10.464391708374023	
235.7226104736328	135.7684783935547	12.548393249511719	10.588946342468262	
227.2860565185547	134.53524780273438	15.044692993164062	11.0406494140625	
221.662353515625	132.74354553222656	12.955545425415039	11.485626220703125	
214.50558471679688	133.796142578125	13.939404487609863	11.295772552490234	
208.7441864013672	133.91366577148438	13.944387435913086	11.892740249633789	
206.75537109375	133.7184600830078	13.130620002746582	12.156669616699219	
207.6024932861328	132.12721252441406	13.023279190063477	12.075204849243164	
211.1171112060547	130.5859375	13.966156005859375	11.258526802062988	
216.7574462890625	128.05233764648438	13.169500350952148	12.299652099609375	
221.8969268798828	126.16349792480469	13.025914192199707	13.348200798034668	
228.45376586914062	125.97367095947266	13.615046501159668	12.991351127624512	
232.0034942626953	126.23704528808594	13.312596321105957	13.22729206085205	
231.7196502685547	124.6632308959961	13.419621467590332	13.830106735229492	
228.18148803710938	121.44258880615234	12.54890251159668	14.889619827270508	
222.91708374023438	117.92679595947266	12.0018892288208	15.068883895874023	
216.71475219726562	115.5784683227539	12.17714786529541	13.837617874145508	
210.01132202148438	114.7729721069336	12.835676193237305	13.801617622375488	
204.50888061523438	116.550048828125	13.588041305541992	13.88110065460205	
199.8023223876953	119.6091079711914	14.168828010559082	12.255166053771973	
194.56906127929688	119.73052978515625	15.440244674682617	14.475210189819336	
193.4087677001953	121.73348236083984	15.185589790344238	12.448874473571777	
192.89401245117188	121.54127502441406	15.148747444152832	12.723258018493652	
193.3479461669922	121.39805603027344	13.821019172668457	12.931663513183594	
193.992919921875	120.73051452636719	13.431951522827148	13.101643562316895	
194.7860565185547	119.81642150878906	13.548495292663574	12.951014518737793	
197.95687866210938	117.81044006347656	13.011175155639648	13.425933837890625	
202.7156219482422	116.21632385253906	11.48571491241455	13.734515190124512	
204.5121612548828	113.93418884277344	11.682451248168945	12.837194442749023	
205.29190063476562	111.7260971069336	12.348352432250977	12.862871170043945	
206.2423858642578	109.88470458984375	12.521889686584473	12.546000480651855	
207.0293426513672	108.49510192871094	13.020273208618164	12.381570816040039	
207.2893524169922	107.68701171875	13.250622749328613	12.008313179016113	
207.4434814453125	107.8226089477539	13.867622375488281	12.144411087036133	
208.1553192138672	108.17512512207031	12.944844245910645	12.095051765441895	
208.1970672607422	109.07316589355469	13.1493558883667	12.459203720092773	
207.96713256835938	110.35752868652344	12.787099838256836	12.45732307434082	
207.29788208007812	111.84187316894531	12.965754508972168	12.624768257141113	
206.6070556640625	113.5035629272461	12.3560209274292	12.948827743530273	
205.7432098388672	115.20191955566406	11.611018180847168	13.342097282409668	
204.13458251953125	117.1230697631836	11.860783576965332	14.286046028137207	
202.53207397460938	118.97630310058594	11.609811782836914	15.341398239135742	
199.3692169189453	124.09968566894531	13.384541511535645	14.055404663085938	
195.7539520263672	130.14410400390625	15.734792709350586	11.489389419555664	
196.83322143554688	135.03819274902344	15.165173530578613	11.77783489227295	
197.88577270507812	139.17962646484375	16.807886123657227	12.33072566986084	
200.96087646484375	142.61752319335938	15.615887641906738	13.032063484191895	
207.05709838867188	148.01075744628906	15.338655471801758	13.786944389343262	
210.40185546875	152.42266845703125	14.37285327911377	15.4368314743042	
213.0885467529297	156.92495727539062	12.8849515914917	15.658589363098145	
214.7961883544922	160.736328125	12.598953247070312	15.518948554992676	
214.91409301757812	163.62246704101562	13.011999130249023	14.680392265319824	
215.47042846679688	165.4895477294922	14.220954895019531	16.2191104888916	
213.5279998779297	165.00941467285156	14.595812797546387	16.35782241821289	
212.9772186279297	162.70291137695312	13.415853500366211	17.380163192749023	
208.0703887939453	160.2222442626953	13.512453079223633	17.65837287902832	
199.88748168945312	156.14443969726562	15.576749801635742	15.879193305969238	
197.0648956298828	150.22642517089844	14.919842720031738	15.008366584777832	
199.47125244140625	145.14195251464844	11.62310791015625	14.20795726776123	
198.03103637695312	140.6850128173828	13.06214427947998	12.158175468444824	
198.1282196044922	133.1090545654297	13.035609245300293	14.829791069030762	
196.55636596679688	128.22250366210938	13.07678508758545	14.729670524597168	
195.07066345214844	128.62774658203125	15.286944389343262	12.54317855834961	
198.62448120117188	128.43763732910156	13.511012077331543	13.87506103515625	
196.43629455566406	130.2182159423828	15.777799606323242	12.024208068847656	
197.2926788330078	126.05440521240234	14.19525146484375	15.610153198242188	
195.63189697265625	126.10965728759766	13.378637313842773	15.129267692565918	
193.9354248046875	127.95103454589844	13.597326278686523	13.2750883102417	
197.34840393066406	132.09068298339844	12.274279594421387	13.243585586547852	
194.26004028320312	133.94186401367188	14.748062133789062	11.548545837402344	
194.37176513671875	131.35494995117188	14.017242431640625	14.384513854980469	
194.92259216308594	129.59237670898438	12.651270866394043	14.65917682647705	
194.3855438232422	132.28768920898438	13.273716926574707	13.244064331054688	
198.32479858398438	134.80364990234375	11.7261381149292	13.997408866882324	
196.43130493164062	137.25160217285156	14.09814453125	12.299905776977539	
195.60137939453125	137.35000610351562	14.10181999206543	12.387608528137207	
196.37522888183594	133.2949981689453	11.990816116333008	14.530143737792969	
195.40184020996094	135.7764434814453	13.681489944458008	12.257105827331543	
196.36178588867188	135.47903442382812	12.482335090637207	15.302705764770508	
195.7432098388672	136.2606964111328	13.071792602539062	13.213006973266602	
192.18795776367188	138.8440704345703	15.09796142578125	11.748533248901367	
190.40792846679688	137.04135131835938	14.62291431427002	14.371316909790039	
188.08616638183594	136.12930297851562	14.549921035766602	12.850123405456543	
186.43568420410156	137.87313842773438	14.75810718536377	12.261236190795898	
187.14785766601562	137.45095825195312	14.675349235534668	14.43694019317627	
184.26010131835938	141.45399475097656	16.05150604248047	11.522397994995117	
182.47213745117188	145.6261444091797	15.22266674041748	12.532281875610352	
181.6609649658203	143.2157745361328	13.766794204711914	15.093917846679688	
182.10403442382812	137.36203002929688	13.809344291687012	13.035021781921387	
183.69589233398438	134.59860229492188	15.158697128295898	11.080315589904785	
185.29092407226562	131.95834350585938	15.08399486541748	11.394789695739746	
187.7446746826172	128.13755798339844	13.207712173461914	12.806775093078613	
189.43276977539062	125.4013900756836	12.54716682434082	14.438257217407227	
190.29510498046875	126.53178405761719	13.073084831237793	13.43908405303955	
190.7746124267578	128.72781372070312	14.348422050476074	12.178729057312012	
191.0301055908203	131.5134735107422	14.055198669433594	11.775771141052246	
192.70787048339844	134.47207641601562	13.52556037902832	13.82941722869873	
195.03598022460938	137.18312072753906	12.128852844238281	15.062344551086426	
196.4969024658203	141.89083862304688	12.791372299194336	12.956214904785156	
198.51760864257812	145.3428497314453	13.739628791809082	11.94249153137207	
200.8583984375	148.23440551757812	15.18132209777832	11.385443687438965	
202.65200805664062	149.0439910888672	16.610309600830078	11.578742980957031	
205.8808135986328	148.29855346679688	15.789607048034668	12.812414169311523	
208.54678344726562	148.72293090820312	15.311014175415039	12.880488395690918	
209.9972381591797	150.076171875	14.870750427246094	13.613408088684082	
210.87124633789062	152.5698699951172	14.598665237426758	13.994592666625977	
211.677734375	153.41416931152344	14.037692070007324	14.269314765930176	
212.22177124023438	153.54367065429688	14.375452041625977	14.409780502319336	
213.73159790039062	152.36538696289062	14.541476249694824	14.92937183380127	
214.0588836669922	152.3535919189453	16.05762481689453	14.6949462890625	
214.74966430664062	154.22129821777344	16.024242401123047	13.56078052520752	
215.06320190429688	156.25682067871094	15.595608711242676	13.80088996887207	
215.3772735595703	157.1643524169922	15.025106430053711	13.551553726196289	
215.081298828125	157.99349975585938	14.667475700378418	13.79596996307373	
214.2605438232422	159.33145141601562	14.917729377746582	14.603166580200195	
215.46011352539062	161.0039825439453	14.7770414352417	16.939144134521484	
213.3421630859375	164.04763793945312	14.782066345214844	15.183675765991211	
212.2288055419922	165.7267608642578	13.852762222290039	14.552884101867676	
207.8876953125	164.64813232421875	19.13475799560547	17.93880844116211	
210.2360076904297	167.26181030273438	16.43860626220703	16.502307891845703	
210.3872528076172	165.78921508789062	16.818002700805664	16.783056259155273	
210.41763305664062	159.3289337158203	16.023841857910156	18.419082641601562	
204.13253784179688	151.4443359375	16.372053146362305	19.48141098022461	
199.6103973388672	146.3299102783203	15.89667797088623	17.060033798217773	
200.8508758544922	141.5230712890625	13.660394668579102	14.43403434753418	
200.31097412109375	135.97802734375	13.871511459350586	13.968925476074219	
199.51385498046875	133.33688354492188	14.92100715637207	13.579195976257324	
200.65023803710938	126.88983154296875	13.180102348327637	15.651260375976562	
199.4280548095703	128.9936065673828	14.271514892578125	12.44726848602295	
202.9623260498047	128.5050506591797	12.389665603637695	13.967851638793945	
201.5160675048828	130.37869262695312	12.769404411315918	13.820955276489258	
200.2133331298828	132.23941040039062	14.26637077331543	13.5027494430542	
199.1855010986328	130.81948852539062	12.704219818115234	14.87553882598877	
196.0127410888672	131.08224487304688	12.504337310791016	15.134782791137695	
197.2588348388672	134.9454345703125	13.085062026977539	14.075541496276855	
193.92962646484375	138.7449493408203	13.243313789367676	12.829480171203613	
188.75357055664062	140.17202758789062	15.0982027053833	12.8869047164917	
187.67251586914062	138.74191284179688	14.84613037109375	15.868783950805664	
184.52340698242188	139.1708221435547	13.465899467468262	16.331106185913086	
180.431396484375	142.47799682617188	14.84631061553955	15.15251636505127	
181.56838989257812	146.85809326171875	14.112066268920898	13.321935653686523	
177.51602172851562	153.5603790283203	15.310478210449219	12.916847229003906	
173.4621124267578	154.3138885498047	15.898950576782227	12.816522598266602	
173.59478759765625	153.72927856445312	15.382197380065918	13.32879638671875	
173.32931518554688	151.9285430908203	15.252652168273926	14.500823974609375	
172.43907165527344	150.76661682128906	15.217180252075195	14.34892463684082	
171.5802001953125	149.45272827148438	15.372659683227539	14.407719612121582	
170.50637817382812	148.11517333984375	16.683748245239258	14.327463150024414	
170.68617248535156	147.4216766357422	15.621307373046875	13.914713859558105	
174.5714569091797	147.30941772460938	14.005254745483398	14.267724990844727	
177.71597290039062	146.54556274414062	13.302190780639648	14.645818710327148	
180.69024658203125	145.78939819335938	12.973628044128418	14.461341857910156	
181.95510864257812	145.4493408203125	14.034339904785156	14.14995002746582	
184.9165802001953	146.00643920898438	12.945416450500488	13.111747741699219	
186.283203125	146.27928161621094	13.690561294555664	12.998964309692383	
188.33413696289062	146.70953369140625	14.035642623901367	13.672947883605957	
191.18148803710938	147.46644592285156	13.744607925415039	14.287628173828125	
192.21578979492188	148.5567626953125	14.671485900878906	13.989598274230957	
192.72718811035156	148.71365356445312	16.1208438873291	15.113260269165039	
194.23220825195312	150.03994750976562	14.917813301086426	16.721641540527344	
196.59226989746094	152.3936004638672	14.941433906555176	15.482951164245605	
198.78819274902344	154.97622680664062	14.779497146606445	14.965641975402832	
204.39791870117188	159.39968872070312	12.743163108825684	14.258626937866211	
206.5461883544922	162.51307678222656	12.724081993103027	14.373029708862305	
207.4462127685547	165.96990966796875	12.661234855651855	14.035284042358398	
207.6853485107422	166.98117065429688	12.311979293823242	13.822257995605469	
208.27493286132812	167.17916870117188	12.387802124023438	14.917816162109375	
208.77243041992188	167.2746124267578	12.396390914916992	15.260726928710938	
209.261962890625	167.96121215820312	12.877917289733887	15.801345825195312	
209.958251953125	168.13291931152344	13.087079048156738	15.635563850402832	
209.36465454101562	166.6478729248047	12.817115783691406	15.293164253234863	
208.2854461669922	164.22093200683594	12.862234115600586	14.603039741516113	
203.55416870117188	159.90609741210938	14.247673034667969	14.016500473022461	
202.24441528320312	153.0022430419922	16.117267608642578	18.771808624267578	
200.93971252441406	146.12083435058594	13.654388427734375	16.546253204345703	
197.61703491210938	138.9556427001953	14.144314765930176	14.38238525390625	
198.42031860351562	134.66439819335938	13.831944465637207	14.721463203430176	
197.8516845703125	129.7003173828125	13.007771492004395	15.002578735351562	
195.64505004882812	127.39335632324219	14.213796615600586	13.490900039672852	
198.16664123535156	124.5208740234375	14.310664176940918	15.539311408996582	
196.18226623535156	123.90434265136719	12.881204605102539	15.330307006835938	
194.66539001464844	125.95957946777344	13.898715019226074	14.617586135864258	
196.61767578125	125.45588684082031	12.026284217834473	15.342279434204102	
194.2285919189453	126.6777572631836	12.689974784851074	15.170434951782227	
192.3693084716797	127.7758560180664	13.983474731445312	15.015661239624023	
192.2008819580078	128.19940185546875	12.307775497436523	14.905715942382812	
189.11111450195312	129.21395874023438	13.845512390136719	13.530614852905273	
188.6348114013672	127.2324447631836	14.101344108581543	16.36833953857422	
187.71839904785156	127.77449798583984	13.160357475280762	15.506396293640137	
184.0499725341797	129.29440307617188	13.846844673156738	13.651483535766602	
184.08602905273438	131.05508422851562	14.105875015258789	14.527198791503906	
183.32901000976562	133.11737060546875	12.075864791870117	14.722302436828613	
180.74819946289062	134.63160705566406	12.969281196594238	15.937541007995605	
179.77720642089844	133.67532348632812	12.446603775024414	13.609448432922363	
183.3157958984375	130.91104125976562	13.452682495117188	15.204093933105469	
184.67332458496094	128.9978485107422	12.968191146850586	15.090391159057617	
185.14683532714844	128.92593383789062	12.328696250915527	15.827319145202637	
186.78778076171875	133.64254760742188	13.699148178100586	13.2919340133667	
190.1670684814453	136.88497924804688	14.57441234588623	14.173208236694336	
194.10385131835938	136.3900604248047	12.737028121948242	14.27177906036377	
196.4394073486328	135.16488647460938	11.99992561340332	14.98504638671875	
197.5911102294922	135.51919555664062	14.643969535827637	14.645467758178711	
205.0356903076172	138.74374389648438	12.719552040100098	13.27644157409668	
209.41531372070312	141.91519165039062	10.425764083862305	13.693330764770508	
211.6184844970703	146.01632690429688	12.369096755981445	14.932278633117676	
213.0420684814453	151.42135620117188	13.711526870727539	15.019612312316895	
213.29421997070312	156.76876831054688	14.76880168914795	16.306621551513672	
213.36181640625	160.11569213867188	16.701416015625	15.657562255859375	
214.04641723632812	163.90505981445312	15.530917167663574	16.157386779785156	
214.5783233642578	166.36964416503906	15.252873420715332	15.632489204406738	
213.9267120361328	168.65765380859375	15.432043075561523	15.127073287963867	
213.8701629638672	169.27865600585938	15.588597297668457	15.68347454071045	
214.3153076171875	169.55189514160156	15.564229011535645	15.85937786102295	
214.1385498046875	170.24578857421875	15.228538513183594	15.253530502319336	
213.564208984375	168.87179565429688	14.567153930664062	14.1818265914917	
210.6122283935547	167.8927764892578	15.60511302947998	14.509056091308594	
207.3322296142578	166.89370727539062	15.92174243927002	14.031115531921387	
206.131591796875	167.30572509765625	14.62865161895752	13.53504753112793	
201.0297393798828	169.8924102783203	16.80141258239746	12.519296646118164	
196.19009399414062	172.5651397705078	17.58434295654297	13.919441223144531	
188.7158203125	180.51937866210938	20.328018188476562	13.646206855773926	
186.9406280517578	187.44107055664062	17.162841796875	16.09014320373535	
185.95849609375	187.05276489257812	16.8636531829834	15.809654235839844	
179.9633026123047	179.049560546875	16.815570831298828	15.764575004577637	
172.83566284179688	178.34877014160156	16.4615535736084	15.432683944702148	
172.38246154785156	178.460693359375	16.011228561401367	15.010503768920898	
179.4536895751953	178.24046325683594	15.788656234741211	14.801843643188477	
173.41738891601562	191.3411865234375	13.076944351196289	12.672962188720703	
170.69493103027344	181.28475952148438	15.529467582702637	11.898419380187988	
168.59027099609375	174.5706329345703	17.232662200927734	14.573644638061523	
168.9251251220703	171.82879638671875	15.65478801727295	14.04193115234375	
171.02243041992188	167.22959899902344	15.528841972351074	13.335350036621094	
174.01895141601562	164.0865936279297	15.573495864868164	13.576436042785645	
178.35614013671875	162.1678009033203	14.618782043457031	13.73498821258545	
182.81686401367188	162.29776000976562	14.948287963867188	13.671560287475586	
187.92318725585938	163.25540161132812	15.825178146362305	14.0831298828125	
192.69570922851562	167.20745849609375	14.694196701049805	13.495735168457031	
197.30050659179688	174.87155151367188	17.115018844604492	12.536584854125977	
199.91529846191406	184.1583709716797	17.219783782958984	13.974266052246094	
200.3585968017578	186.37393188476562	16.03162956237793	15.029634475708008	
203.92234802246094	191.7123565673828	15.883334159851074	14.890607833862305	
203.9471435546875	195.6446990966797	15.656245231628418	14.677713394165039	
201.5638427734375	188.3492431640625	15.757044792175293	14.77221393585205	
205.3743133544922	193.99203491210938	15.953699111938477	14.956576347351074	
210.3546905517578	194.2979278564453	17.859460830688477	15.85169506072998	
215.86434936523438	185.15951538085938	15.112237930297852	13.274293899536133	
214.07583618164062	177.6427764892578	20.77578353881836	16.261333465576172	
213.4788360595703	172.6884307861328	17.761714935302734	16.92613983154297	
215.0050811767578	169.69020080566406	13.652432441711426	13.601263046264648	
213.497802734375	168.58984375	13.150230407714844	13.932047843933105	
211.37594604492188	169.70297241210938	12.30889892578125	14.924440383911133	
206.54678344726562	174.2866973876953	16.377948760986328	18.23176383972168	
202.49356079101562	183.07620239257812	13.79228687286377	13.219510078430176	
195.42047119140625	187.89755249023438	15.677993774414062	14.698099136352539	
192.7643585205078	182.53111267089844	16.606098175048828	15.568197250366211	
184.37667846679688	183.5994110107422	16.374805450439453	15.351359367370605	
178.8587646484375	185.4156036376953	16.435794830322266	15.408535957336426	
179.6549072265625	193.551513671875	17.504955291748047	16.410871505737305	
166.60250854492188	199.36135864257812	19.09388542175293	13.67015552520752	
165.44924926757812	189.86947631835938	16.21915626525879	11.876004219055176	
161.36862182617188	180.47366333007812	16.496278762817383	13.366792678833008	
151.63717651367188	174.42874145507812	20.374889373779297	15.18939208984375	
150.98974609375	168.49093627929688	19.575063705444336	19.861318588256836	
151.91195678710938	166.62179565429688	17.119915008544922	18.441009521484375	
150.76638793945312	166.8317413330078	17.54830551147461	18.220041275024414	
148.5341339111328	169.6636962890625	19.133121490478516	18.20034408569336	
148.25198364257812	174.9149169921875	19.258079528808594	15.133679389953613	
149.73658752441406	182.97402954101562	15.620077133178711	14.878738403320312	
149.42599487304688	195.8873291015625	18.19961929321289	17.48050880432129	
150.12550354003906	205.7576446533203	20.316082000732422	19.04629898071289	
150.70150756835938	214.537841796875	20.106233596801758	18.849567413330078	
147.0403594970703	217.4468994140625	15.472145080566406	11.85688591003418	
145.65785217285156	206.8224334716797	17.703533172607422	14.623881340026855	
144.30490112304688	196.4029083251953	17.504241943359375	15.446699142456055	
147.59085083007812	186.701416015625	13.918269157409668	13.576087951660156	
145.59072875976562	182.21539306640625	13.738571166992188	11.012044906616211	
145.02529907226562	178.6463623046875	15.090524673461914	11.666179656982422	
145.67868041992188	176.15579223632812	14.697172164916992	13.574955940246582	
147.36233520507812	175.1396484375	13.686731338500977	14.317370414733887	
148.69668579101562	177.07821655273438	13.234460830688477	13.871081352233887	
150.5185089111328	183.13827514648438	11.786493301391602	14.2703857421875	
147.4740753173828	193.49595642089844	12.134944915771484	14.256668090820312	
146.19277954101562	195.50582885742188	15.60675048828125	14.631317138671875	
145.7277069091797	196.48313903808594	16.33369255065918	15.312826156616211	
144.7545928955078	196.22885131835938	17.22574234008789	16.149124145507812	
140.6194610595703	203.72215270996094	16.878339767456055	16.554706573486328	
138.5670928955078	194.2401123046875	17.54315757751465	16.4467716217041	
138.87210083007812	184.33212280273438	15.066171646118164	13.317049026489258	
136.62396240234375	178.10133361816406	15.935205459594727	11.30842113494873	
135.78326416015625	173.89047241210938	16.819406509399414	12.565470695495605	
137.42678833007812	169.65660095214844	16.830604553222656	12.153440475463867	
138.6588897705078	166.54525756835938	15.941576957702637	11.525802612304688	
141.6473388671875	164.14749145507812	15.120198249816895	11.493621826171875	
144.3662872314453	161.60433959960938	16.504396438598633	12.209953308105469	
147.827880859375	160.3979949951172	16.200021743774414	12.102307319641113	
152.31982421875	160.28115844726562	15.754205703735352	12.380736351013184	
155.72377014160156	161.41091918945312	15.614751815795898	12.164274215698242	
161.06199645996094	166.4771270751953	15.688237190246582	11.941514015197754	
163.82431030273438	172.0310821533203	16.6729793548584	12.299495697021484	
165.89822387695312	180.8623046875	17.560657501220703	13.473417282104492	
167.42213439941406	178.25582885742188	14.83598518371582	13.908723831176758	
168.35267639160156	180.60220336914062	15.260133743286133	14.306363105773926	
169.38426208496094	184.9591827392578	15.831594467163086	14.842107772827148	
170.212158203125	186.2429962158203	16.517553329467773	15.485196113586426	
173.34744262695312	198.13980102539062	16.908145904541016	15.8513765335083	
177.4729766845703	191.5375213623047	18.39809226989746	16.607711791992188	
178.69979858398438	182.16636657714844	17.53667449951172	16.440622329711914	
180.2550506591797	175.0253448486328	17.470285415649414	16.378381729125977	
180.1137237548828	169.3885955810547	17.568689346313477	15.09526538848877	
181.550537109375	166.4405517578125	16.334585189819336	14.932202339172363	
179.64288330078125	165.05142211914062	17.622949600219727	14.170555114746094	
179.7135772705078	163.89488220214844	17.105417251586914	14.10302734375	
178.8201446533203	165.022216796875	17.19967269897461	14.493528366088867	
177.03643798828125	167.6877899169922	17.434371948242188	15.1844482421875	
174.62826538085938	173.20608520507812	17.653400421142578	15.681289672851562	
173.67849731445312	182.74359130859375	16.897167205810547	16.34261131286621	
170.92282104492188	193.45840454101562	14.709983825683594	13.637018203735352	
171.76358032226562	195.6782684326172	16.777633666992188	15.729019165039062	
178.8529052734375	191.36398315429688	17.6600399017334	16.5562744140625	
180.4831085205078	190.92068481445312	17.849538803100586	16.733928680419922	
184.1484375	195.91897583007812	17.02126693725586	15.957425117492676	
185.71676635742188	192.76344299316406	17.368804931640625	16.283241271972656	
188.61288452148438	188.40182495117188	16.807085037231445	15.756628036499023	
200.0429229736328	185.9226531982422	16.771974563598633	15.723711967468262	
201.9152069091797	180.0337677001953	16.63794708251953	15.598060607910156	
203.85211181640625	178.90377807617188	16.647558212280273	15.607070922851562	
203.22525024414062	177.82968139648438	16.17564582824707	15.164654731750488	
204.19406127929688	178.55661010742188	16.132076263427734	15.123807907104492	
205.7695770263672	177.94857788085938	16.721206665039062	15.676116943359375	
206.1995086669922	181.6759490966797	16.371103286743164	15.347894668579102	
205.14523315429688	185.31698608398438	16.32956886291504	15.30895709991455	
202.77334594726562	182.59495544433594	16.146041870117188	15.13690185546875	
199.56448364257812	184.41363525390625	15.467671394348145	14.50092887878418	
197.3964080810547	181.71099853515625	15.650453567504883	14.672286987304688	
196.06613159179688	180.53073120117188	16.851308822631836	15.798086166381836	
200.70135498046875	185.0940399169922	16.623672485351562	15.584676742553711	
199.96632385253906	182.8534393310547	16.762252807617188	15.714594841003418	
199.93270874023438	182.3244171142578	16.251556396484375	15.235815048217773	
199.23046875	182.27725219726562	17.08719825744629	16.01922607421875	
201.49734497070312	177.73593139648438	17.474109649658203	16.381954193115234	
191.2015838623047	172.00157165527344	17.027462005615234	15.963223457336426	
194.4854278564453	179.9164581298828	17.1539363861084	16.0817928314209	
188.88148498535156	183.8538360595703	16.936704635620117	15.878140449523926	
182.61273193359375	172.8509063720703	17.067007064819336	16.00029945373535	
163.02735900878906	174.88162231445312	16.39847183227539	12.996894836425781	
172.06732177734375	172.1087646484375	14.464200019836426	12.786157608032227	
180.3591766357422	169.40902709960938	14.297378540039062	14.220098495483398	
186.71202087402344	168.500244140625	14.227363586425781	13.09998893737793	
193.05718994140625	168.39895629882812	13.885263442993164	11.367652893066406	
198.522216796875	167.48721313476562	14.523968696594238	12.078232765197754	
201.89883422851562	168.4381561279297	14.313934326171875	11.993420600891113	
204.34841918945312	169.05514526367188	13.433107376098633	12.59813117980957	
204.47402954101562	169.678955078125	12.712285041809082	13.77045726776123	
201.01889038085938	167.50161743164062	14.105079650878906	17.155534744262695	
198.36508178710938	171.0153045654297	12.383460998535156	15.2559175491333	
200.65272521972656	179.1711883544922	15.201128005981445	14.251035690307617	
200.7139434814453	179.78208923339844	15.010618209838867	14.072433471679688	
200.83541870117188	182.02719116210938	14.649587631225586	13.733967781066895	
199.4846649169922	182.99740600585938	14.299873352050781	13.406110763549805	
201.78341674804688	179.96746826171875	14.402336120605469	13.502169609069824	
206.33218383789062	179.36070251464844	14.428426742553711	13.526629447937012	
206.09365844726562	180.2309112548828	14.243310928344727	13.353083610534668	
197.88536071777344	181.64108276367188	15.232020378112793	14.279996871948242	
199.2852020263672	178.73931884765625	15.412753105163574	14.449434280395508	
195.97573852539062	177.77728271484375	15.249463081359863	14.296350479125977	
187.3520050048828	168.2108612060547	13.860563278198242	13.890049934387207	
194.6376190185547	166.77291870117188	13.474008560180664	12.51452922821045	
199.76368713378906	165.46780395507812	13.251261711120605	12.63447380065918	
205.6385040283203	164.6517791748047	12.106377601623535	12.653327941894531	
208.19070434570312	165.28909301757812	11.658365249633789	12.2202787399292	
208.68099975585938	166.37347412109375	12.220939636230469	13.306851387023926	
206.12039184570312	167.38980102539062	12.336252212524414	13.460227966308594	
202.0705108642578	167.03549194335938	13.35743522644043	15.529487609863281	
198.26815795898438	169.00094604492188	13.28584098815918	17.696748733520508	
198.8272247314453	177.93106079101562	16.357341766357422	15.334991455078125	
200.04849243164062	178.30111694335938	16.626659393310547	15.587475776672363	
200.6279754638672	178.61972045898438	16.538440704345703	15.504770278930664	
201.59095764160156	178.89854431152344	15.895936965942383	14.902422904968262	
202.32498168945312	178.37110900878906	16.212265014648438	15.198979377746582	
206.76406860351562	178.0074462890625	16.63192367553711	15.592409133911133	
202.89793395996094	178.50332641601562	17.016277313232422	15.952738761901855	
198.9412841796875	180.6761016845703	17.120357513427734	16.050312042236328	
196.42990112304688	177.67398071289062	16.933317184448242	15.874963760375977	
176.4839630126953	170.7237548828125	15.487253189086914	14.251724243164062	
184.73934936523438	172.8562469482422	17.578372955322266	14.213943481445312	
193.60328674316406	172.7511444091797	17.255041122436523	13.365913391113281	
199.91732788085938	170.24331665039062	15.174580574035645	12.774989128112793	
203.602783203125	170.3905792236328	15.39837646484375	13.267623901367188	
204.8933563232422	168.45323181152344	13.815783500671387	14.552668571472168	
204.7042694091797	167.16717529296875	13.319517135620117	15.413456916809082	
202.43275451660156	167.78366088867188	14.24146842956543	16.957778930664062	
200.10879516601562	169.37110900878906	14.435895919799805	16.65912437438965	
200.85501098632812	178.4209747314453	17.493215560913086	16.399871826171875	
200.89913940429688	176.9632110595703	18.017871856689453	16.891735076904297	
200.2075958251953	178.0997772216797	17.672100067138672	16.56757354736328	
199.43202209472656	178.20838928222656	17.729026794433594	16.62094497680664	
202.1936492919922	179.47128295898438	17.384248733520508	16.29771614074707	
197.40615844726562	180.5758514404297	18.011869430541992	16.886112213134766	
194.12521362304688	176.89794921875	17.71798324584961	16.610593795776367	
205.5145263671875	169.9236602783203	14.867772102355957	13.775729179382324	
208.7362518310547	169.7814178466797	13.874494552612305	12.660348892211914	
208.8515625	169.29470825195312	13.237055778503418	12.71000862121582	
202.5325927734375	175.31732177734375	18.29631996154785	17.15278434753418	
199.9363250732422	177.3273468017578	17.564035415649414	16.46626853942871	
199.66152954101562	175.89404296875	18.270153045654297	17.128252029418945	
204.29196166992188	175.88876342773438	18.368091583251953	17.22007179260254	
205.070556640625	176.11538696289062	18.5971736907959	17.434839248657227	
197.0510711669922	180.68128967285156	14.828997611999512	13.012904167175293	
203.24374389648438	178.1453857421875	15.902063369750977	14.842397689819336	
207.1498260498047	177.51101684570312	17.57984733581543	16.526514053344727	
