386.0	174.0	7.0	12.0	
385.1297302246094	174.32366943359375	6.7695512771606445	11.621208190917969	
384.9511413574219	174.7383575439453	7.031801700592041	10.774859428405762	
384.5545959472656	174.92642211914062	6.7078447341918945	10.708795547485352	
384.5130615234375	174.97634887695312	6.133469104766846	10.536020278930664	
383.9356994628906	174.8312530517578	6.270980358123779	10.703246116638184	
383.1650085449219	174.82382202148438	6.036778450012207	11.030766487121582	
382.1481018066406	174.60284423828125	6.365100860595703	11.109442710876465	
381.27642822265625	174.73020935058594	6.632101535797119	11.144487380981445	
380.83343505859375	174.4256591796875	6.665400505065918	11.561758041381836	
380.73052978515625	174.498046875	6.321759223937988	11.387901306152344	
379.71295166015625	175.06845092773438	6.485241889953613	11.762109756469727	
379.6275329589844	174.77084350585938	5.902934551239014	11.988545417785645	
379.11016845703125	174.871337890625	6.04610538482666	11.281764030456543	
379.4192810058594	175.44210815429688	5.8298773765563965	11.48554801940918	
379.94281005859375	174.48873901367188	4.912771701812744	11.934606552124023	
381.39739990234375	174.72006225585938	6.758429527282715	11.585877418518066	
386.9029235839844	174.28271484375	6.73647928237915	11.548248291015625	
386.645263671875	174.0598907470703	7.0294365882873535	12.050459861755371	
390.2395935058594	174.9191436767578	7.144293785095215	12.247358322143555	
394.60784912109375	181.5126495361328	7.481482028961182	12.825395584106445	
397.6465759277344	183.38485717773438	7.463929176330566	12.795305252075195	
400.28277587890625	183.2233123779297	7.573289394378662	12.982780456542969	
403.1937561035156	182.70681762695312	7.706709861755371	13.21150016784668	
405.56195068359375	179.09266662597656	8.00494384765625	13.722758293151855	
408.1532897949219	178.85971069335938	8.162302017211914	13.992513656616211	
408.7997131347656	181.4885711669922	7.9198455810546875	13.576875686645508	
408.40277099609375	186.77235412597656	7.948901176452637	13.626684188842773	
409.1690368652344	191.88279724121094	8.344012260437012	14.304018020629883	
407.17095947265625	194.10877990722656	8.219525337219238	14.090612411499023	
413.2254333496094	191.04454040527344	8.427765846252441	14.447595596313477	
411.16015625	191.04908752441406	8.542129516601562	14.643648147583008	
412.6446838378906	191.4252166748047	8.612199783325195	14.763769149780273	
414.01519775390625	189.60098266601562	8.742366790771484	14.986912727355957	
415.7557067871094	190.8841552734375	8.509793281555176	14.588215827941895	
416.51995849609375	187.3342742919922	8.465322494506836	14.511980056762695	
417.92156982421875	189.99339294433594	8.44569206237793	14.4783296585083	
422.351806640625	187.2874298095703	8.231527328491211	14.111187934875488	
425.8854064941406	183.79547119140625	8.304777145385742	14.2367582321167	
422.13427734375	181.847900390625	8.262927055358887	14.165014266967773	
426.3075256347656	174.41078186035156	8.344125747680664	14.304211616516113	
433.19036865234375	176.61614990234375	8.198260307312012	14.054156303405762	
432.340087890625	180.6697235107422	8.18825912475586	14.037012100219727	
431.54608154296875	180.2034149169922	8.143896102905273	13.960962295532227	
431.98114013671875	187.10118103027344	8.192148208618164	14.043680191040039	
435.58074951171875	187.83892822265625	8.206948280334473	14.069051742553711	
436.65118408203125	182.87039184570312	8.163948059082031	13.995336532592773	
441.162109375	176.28140258789062	8.43937873840332	14.467503547668457	
443.0804138183594	174.17147827148438	8.720823287963867	14.949978828430176	
441.552490234375	173.81674194335938	9.17888069152832	15.735219955444336	
447.0888671875	174.04214477539062	9.002155303955078	15.432263374328613	
442.14874267578125	173.64031982421875	9.07182788848877	15.551702499389648	
443.6095275878906	170.2361602783203	9.081292152404785	15.567926406860352	
445.08026123046875	174.1380615234375	9.420027732849121	16.148616790771484	
446.53021240234375	176.0244140625	9.399800300598145	16.113941192626953	
450.21368408203125	175.74658203125	9.594388961791992	16.44752311706543	
448.69671630859375	178.3033447265625	9.288887023925781	15.923805236816406	
452.11163330078125	174.38534545898438	9.631551742553711	16.51123046875	
454.91961669921875	174.51223754882812	9.672426223754883	16.581302642822266	
455.20233154296875	174.48397827148438	9.511120796203613	16.304779052734375	
454.5611877441406	172.13034057617188	9.985435485839844	17.117889404296875	
456.9283752441406	171.61874389648438	10.029577255249023	17.193561553955078	
458.1731872558594	175.01358032226562	10.302797317504883	17.661937713623047	
457.1065979003906	173.03102111816406	10.735044479370117	18.40293312072754	
458.95220947265625	174.76258850097656	10.735363960266113	18.40347671508789	
459.33673095703125	173.7752685546875	11.176619529724121	19.159915924072266	
460.81072998046875	174.73062133789062	11.67380142211914	20.01222801208496	
459.91204833984375	173.6159210205078	12.30225944519043	21.089584350585938	
460.09613037109375	172.97044372558594	12.52209758758545	21.466449737548828	
460.259765625	171.63674926757812	12.512804985046387	21.450517654418945	
459.37255859375	169.9765167236328	12.324660301208496	21.12798500061035	
459.6031188964844	170.5408477783203	12.521430969238281	21.46530532836914	
458.45965576171875	169.27774047851562	12.740625381469727	21.841068267822266	
459.72088623046875	170.48391723632812	12.877187728881836	22.075176239013672	
457.71435546875	167.01998901367188	13.175938606262207	22.587322235107422	
455.0545959472656	165.1800537109375	12.744091987609863	21.847013473510742	
454.70697021484375	167.76388549804688	13.06884479522705	22.40373420715332	
458.22283935546875	171.38961791992188	13.171093940734863	22.57901954650879	
457.97003173828125	171.8369598388672	13.354646682739258	22.893680572509766	
454.7037048339844	167.08450317382812	13.689401626586914	23.467546463012695	
458.38995361328125	174.8672637939453	13.347729682922363	22.881824493408203	
455.001708984375	162.4420928955078	13.579717636108398	23.279521942138672	
446.65625	154.6432342529297	13.4132080078125	22.994075775146484	
440.01043701171875	137.1924285888672	13.045896530151367	22.36440086364746	
441.9065856933594	129.7292938232422	13.206608772277832	22.639907836914062	
449.1614685058594	130.19076538085938	13.22041130065918	22.6635684967041	
450.4063415527344	124.28968811035156	12.737541198730469	21.83578872680664	
450.9263610839844	122.1893539428711	12.853498458862305	22.03457260131836	
454.9999084472656	116.08145904541016	13.102972030639648	22.462242126464844	
457.1944274902344	114.2907943725586	13.002873420715332	22.2906436920166	
457.65179443359375	118.45149230957031	12.735394477844238	21.832107543945312	
456.65185546875	116.1434326171875	12.77915096282959	21.907119750976562	
457.34039306640625	122.5740737915039	12.957061767578125	22.212108612060547	
458.4461364746094	128.69769287109375	12.91429615020752	22.138797760009766	
456.37432861328125	118.239013671875	13.121027946472168	22.493194580078125	
453.4137268066406	111.89959716796875	13.464581489562988	23.082141876220703	
456.40631103515625	117.22413635253906	13.32359504699707	22.840450286865234	
456.2398986816406	106.71946716308594	13.487668991088867	23.121719360351562	
453.0472717285156	107.3074951171875	14.116689682006836	24.20003890991211	
456.6654357910156	110.65904235839844	13.761286735534668	23.590778350830078	
456.89630126953125	111.44123840332031	13.934985160827637	23.8885498046875	
456.7676696777344	109.5933837890625	13.783119201660156	23.62820816040039	
449.45477294921875	109.32771301269531	13.960932731628418	23.933032989501953	
456.3017578125	108.93843841552734	13.729972839355469	23.537099838256836	
456.78533935546875	107.89927673339844	13.6930570602417	23.473817825317383	
457.08489990234375	110.56367492675781	13.622172355651855	23.352304458618164	
457.2177734375	115.34812927246094	13.360116958618164	22.903064727783203	
449.36358642578125	116.36982727050781	13.532963752746582	23.199373245239258	
447.02789306640625	132.43617248535156	13.397028923034668	22.96634292602539	
451.53228759765625	127.275146484375	12.826993942260742	21.9891414642334	
452.03936767578125	129.9845733642578	13.101285934448242	22.4593563079834	
445.58795166015625	124.636962890625	13.105871200561523	22.46721649169922	
439.0565490722656	125.6036376953125	13.617141723632812	23.343679428100586	
443.97882080078125	131.3828125	13.54529857635498	23.220516204833984	
454.2843322753906	121.12060546875	13.237411499023438	22.69270896911621	
456.9994201660156	113.08677673339844	13.201337814331055	22.630868911743164	
456.9388122558594	116.33597564697266	13.356295585632324	22.896509170532227	
456.94317626953125	109.81349182128906	13.099390983581543	22.456100463867188	
451.92193603515625	114.97265625	13.238088607788086	22.69386863708496	
443.3453063964844	127.10221862792969	13.113214492797852	22.479799270629883	
443.0294494628906	122.49943542480469	13.40491771697998	22.979862213134766	
448.25860595703125	126.37296295166016	13.59990406036377	23.314125061035156	
456.58349609375	116.53956604003906	13.457921981811523	23.07072639465332	
456.22833251953125	113.61405181884766	13.59307861328125	23.30242347717285	
449.78692626953125	106.9168472290039	13.953973770141602	23.921098709106445	
447.3651428222656	113.43668365478516	13.996981620788574	23.994827270507812	
455.8595275878906	119.62847900390625	14.047811508178711	24.081966400146484	
457.68408203125	125.28657531738281	13.727749824523926	23.533288955688477	
442.43017578125	125.9076919555664	13.601916313171387	23.317575454711914	
442.33563232421875	129.31771850585938	13.989110946655273	23.98133659362793	
454.0301818847656	120.64029693603516	14.230745315551758	24.395565032958984	
453.565673828125	118.26707458496094	13.984025955200195	23.97261619567871	
452.86444091796875	111.81319427490234	14.071202278137207	24.122058868408203	
454.15582275390625	112.24562072753906	13.962939262390137	23.936466217041016	
456.5757751464844	112.05889892578125	14.191845893859863	24.328876495361328	
451.7906188964844	107.36473083496094	14.348650932312012	24.597684860229492	
448.2459411621094	115.69488525390625	14.810218811035156	25.38894271850586	
448.22186279296875	112.20790100097656	15.080607414245605	25.852466583251953	
448.291259765625	110.19801330566406	14.886767387390137	25.520170211791992	
451.14697265625	106.89322662353516	15.257046699523926	26.154937744140625	
453.16180419921875	117.0149154663086	15.11267375946045	25.907440185546875	
446.42962646484375	110.87337493896484	15.135393142700195	25.946386337280273	
446.203857421875	114.5306396484375	15.45860767364502	26.500469207763672	
451.263916015625	119.17262268066406	14.83116626739502	25.424854278564453	
445.79168701171875	120.0780258178711	15.013041496276855	25.73663902282715	
447.4036560058594	113.26261138916016	15.172002792358398	26.009145736694336	
449.1875915527344	112.18159484863281	14.900212287902832	25.543216705322266	
449.79931640625	108.58724212646484	15.367149353027344	26.343677520751953	
440.16363525390625	106.54618072509766	15.896489143371582	27.251117706298828	
448.549560546875	105.77983093261719	16.032617568969727	27.484477996826172	
448.6363220214844	106.24726867675781	15.905863761901855	27.267187118530273	
445.704345703125	103.08695220947266	16.698287963867188	28.625629425048828	
450.61419677734375	102.49729919433594	17.048139572143555	29.225372314453125	
449.78961181640625	103.4084701538086	16.817371368408203	28.82976722717285	
447.50927734375	102.90763092041016	16.67920684814453	28.592914581298828	
440.0445251464844	95.0914535522461	17.272382736206055	29.609786987304688	
440.4230041503906	100.63778686523438	17.749780654907227	30.428180694580078	
441.693603515625	99.93553161621094	18.357648849487305	31.470239639282227	
441.1468811035156	105.85710144042969	18.513164520263672	31.73683738708496	
440.1175842285156	112.2974624633789	18.896160125732422	32.39339828491211	
443.49542236328125	98.542236328125	18.71829605102539	32.08848571777344	
442.1224670410156	92.23173522949219	18.913780212402344	32.42360305786133	
443.63104248046875	87.0031509399414	19.41867446899414	33.28913116455078	
450.92138671875	93.49583435058594	19.344409942626953	33.16182327270508	
441.623779296875	93.44612884521484	19.66145133972168	33.705326080322266	
439.23016357421875	86.71598815917969	20.358592987060547	34.900428771972656	
444.7757873535156	93.52458190917969	20.13153076171875	34.51118087768555	
438.8853454589844	96.3604507446289	20.494037628173828	35.13261795043945	
437.6481018066406	94.85096740722656	20.309894561767578	34.81694412231445	
441.10943603515625	85.03113555908203	20.787357330322266	35.63544845581055	
441.80523681640625	88.01957702636719	21.235015869140625	36.40286636352539	
438.742919921875	81.98944091796875	20.8433837890625	35.73149871826172	
441.95989990234375	84.93221282958984	21.489309310913086	36.83879852294922	
440.33013916015625	76.07106018066406	21.58431053161621	37.00165557861328	
441.31268310546875	80.67575073242188	22.77726936340332	39.04672622680664	
442.45159912109375	88.26335906982422	22.59231185913086	38.72965621948242	
442.8677673339844	107.9115219116211	22.897567749023438	39.252952575683594	
444.05682373046875	99.95877838134766	23.161415100097656	39.70526123046875	
435.37835693359375	95.02891540527344	23.531827926635742	40.34025192260742	
428.7550354003906	106.2970962524414	24.50638198852539	42.01091766357422	
420.81488037109375	102.27598571777344	24.972942352294922	42.81073760986328	
428.2090759277344	101.90727233886719	24.756793975830078	42.4401969909668	
395.6098327636719	113.93888092041016	25.180383682250977	43.166351318359375	
359.96923828125	125.9119873046875	24.822589874267578	42.55298614501953	
349.2635192871094	122.26707458496094	25.79877281188965	44.226444244384766	
326.8970031738281	113.40438079833984	26.091716766357422	44.728633880615234	
306.307861328125	106.177734375	15.489603042602539	35.878395080566406	
299.4429931640625	113.3858413696289	16.75785255432129	34.11052703857422	
287.7074279785156	113.63128662109375	16.11166000366211	37.31090545654297	
284.3501892089844	103.4419937133789	16.673288345336914	37.98411560058594	
280.4176940917969	94.34700775146484	18.51786231994629	41.494346618652344	
275.651123046875	84.74789428710938	29.510717391967773	50.589786529541016	
282.03155517578125	101.61698913574219	17.45945930480957	39.80315017700195	
281.13702392578125	104.35435485839844	17.716693878173828	41.040924072265625	
281.817138671875	101.9894027709961	19.332237243652344	43.242027282714844	
285.69464111328125	103.3275375366211	18.083663940429688	40.917503356933594	
281.0458068847656	103.72013854980469	18.277389526367188	43.58039093017578	
281.9197692871094	104.703369140625	17.506942749023438	40.85357666015625	
281.7523498535156	104.22607421875	17.613292694091797	41.698402404785156	
281.15887451171875	103.71269226074219	17.814531326293945	41.160221099853516	
281.70635986328125	104.87892150878906	17.959280014038086	41.569923400878906	
277.816162109375	97.30450439453125	29.458181381225586	50.499717712402344	
281.8137512207031	103.64228820800781	18.97020721435547	43.882118225097656	
282.3764953613281	101.37600708007812	19.112207412719727	44.51513671875	
280.75152587890625	103.42405700683594	18.956472396850586	43.863731384277344	
281.05206298828125	103.59075927734375	18.015995025634766	42.04132080078125	
280.5367431640625	103.30745697021484	18.353778839111328	43.85417175292969	
281.32244873046875	102.57315826416016	19.352983474731445	43.66382598876953	
280.3190002441406	101.6430435180664	19.320453643798828	44.829811096191406	
280.6201171875	103.12959289550781	18.8546199798584	44.00062942504883	
282.4274597167969	103.25914001464844	18.65602684020996	42.28718948364258	
