10.0	164.0	16.0	19.0	
10.564959526062012	163.5970916748047	15.738591194152832	18.672122955322266	
11.06287956237793	163.41343688964844	15.71678352355957	18.875822067260742	
11.651853561401367	164.2217254638672	15.752450942993164	17.702842712402344	
11.93902587890625	163.6515655517578	16.071226119995117	18.64724349975586	
12.414355278015137	163.29714965820312	16.35576629638672	19.266267776489258	
12.811915397644043	162.8631591796875	16.60325050354004	20.092884063720703	
13.212905883789062	162.44461059570312	17.01437759399414	20.782705307006836	
13.951379776000977	162.5294647216797	16.6939640045166	20.58806800842285	
14.621587753295898	162.62451171875	16.669429779052734	20.41581916809082	
14.694183349609375	162.08230590820312	17.301143646240234	21.530527114868164	
15.45855712890625	162.1324005126953	17.440765380859375	21.346073150634766	
15.902264595031738	162.05157470703125	17.27946662902832	21.517486572265625	
16.118423461914062	161.4477081298828	18.039897918701172	22.673908233642578	
17.047367095947266	161.40185546875	17.832714080810547	22.874486923217773	
17.889320373535156	161.46743774414062	17.730510711669922	22.934566497802734	
18.568130493164062	161.91757202148438	17.625396728515625	22.065935134887695	
19.353954315185547	161.35903930664062	17.64154052734375	23.368358612060547	
19.760639190673828	161.36842346191406	18.022884368896484	23.539505004882812	
20.707233428955078	161.52232360839844	17.97817039489746	23.29075050354004	
21.51752281188965	161.75454711914062	17.89899444580078	22.874523162841797	
22.46285629272461	161.85958862304688	17.87717056274414	22.93540382385254	
22.82896614074707	161.06777954101562	18.69572639465332	24.3051815032959	
23.838558197021484	161.0100555419922	18.298662185668945	24.64310646057129	
24.65239715576172	160.7595672607422	18.513818740844727	25.145750045776367	
25.11967658996582	160.78009033203125	18.715991973876953	25.06650161743164	
25.83367919921875	160.7715301513672	18.9235897064209	25.34780502319336	
27.7770938873291	162.35525512695312	17.393075942993164	22.554563522338867	
29.496826171875	163.28427124023438	16.022214889526367	20.963153839111328	
30.14394187927246	163.33338928222656	15.944601058959961	21.196725845336914	
31.357891082763672	163.46969604492188	15.875051498413086	21.314777374267578	
31.786136627197266	163.26058959960938	16.349308013916016	21.2982120513916	
32.83998489379883	163.22293090820312	16.68764305114746	21.59309959411621	
33.93074417114258	163.05337524414062	16.688724517822266	21.65715980529785	
34.927268981933594	163.36810302734375	16.619897842407227	21.516735076904297	
35.9118766784668	162.92105102539062	16.069934844970703	21.944610595703125	
37.26152801513672	162.8875274658203	16.32234764099121	22.025897979736328	
38.00886154174805	162.63876342773438	16.816213607788086	22.42957878112793	
38.45520782470703	162.7302703857422	17.202877044677734	22.19264793395996	
39.49364471435547	162.70582580566406	16.92420768737793	22.852558135986328	
40.421756744384766	162.82968139648438	16.431880950927734	22.38779067993164	
41.46855545043945	162.2416229248047	16.942028045654297	23.269458770751953	
42.50353240966797	162.3219757080078	16.830963134765625	23.773853302001953	
43.23503875732422	162.2259063720703	17.423084259033203	23.320476531982422	
44.3932991027832	162.3095245361328	17.429784774780273	22.91023826599121	
45.58971405029297	162.35397338867188	17.240394592285156	23.18115234375	
46.623451232910156	161.98619079589844	17.511274337768555	23.425487518310547	
47.76354217529297	161.75155639648438	17.807575225830078	24.091867446899414	
48.670204162597656	161.6960906982422	18.005924224853516	24.204395294189453	
49.861976623535156	161.67990112304688	18.2448673248291	24.00521469116211	
51.357513427734375	161.71253967285156	18.006412506103516	24.47587013244629	
52.15068435668945	161.86264038085938	18.55386734008789	24.4194278717041	
53.65015411376953	161.49143981933594	18.321847915649414	24.953580856323242	
54.901573181152344	161.34432983398438	18.379554748535156	25.5155029296875	
56.12224197387695	161.21104431152344	18.3049259185791	25.7856388092041	
57.51886749267578	161.12722778320312	18.241140365600586	25.752368927001953	
58.7590217590332	160.5897216796875	18.243806838989258	27.130802154541016	
60.18259811401367	160.90682983398438	17.96401596069336	26.505895614624023	
61.59514617919922	159.96180725097656	18.14950942993164	27.584604263305664	
61.700782775878906	158.6676483154297	20.92938804626465	29.533288955688477	
62.711585998535156	158.39808654785156	21.693851470947266	30.754562377929688	
64.20039367675781	158.523193359375	22.18204116821289	30.42630386352539	
65.56072998046875	158.0132598876953	22.451513290405273	31.35320472717285	
68.35894775390625	158.70559692382812	20.958332061767578	29.683862686157227	
70.2434310913086	159.20957946777344	20.79239845275879	29.188974380493164	
71.57157135009766	159.68588256835938	20.806074142456055	28.330432891845703	
73.81758880615234	159.1738739013672	20.592201232910156	28.907451629638672	
75.79988098144531	158.47055053710938	20.430416107177734	31.002660751342773	
77.73286437988281	158.87110900878906	20.099332809448242	29.786266326904297	
79.42041015625	157.6412811279297	20.915971755981445	30.737051010131836	
80.9708480834961	158.01905822753906	21.303722381591797	30.417354583740234	
82.92858123779297	158.0022430419922	21.680017471313477	30.924190521240234	
85.71578979492188	158.4193878173828	21.188215255737305	31.2486629486084	
86.98041534423828	158.18748474121094	21.872074127197266	30.895221710205078	
89.45320129394531	158.1754150390625	21.46857261657715	31.778858184814453	
91.83238220214844	157.92626953125	21.441497802734375	32.00299072265625	
94.0372314453125	157.86572265625	21.43791389465332	32.40441131591797	
95.5956802368164	155.9632568359375	22.847801208496094	33.9165153503418	
98.42317962646484	156.865234375	22.388702392578125	33.645572662353516	
100.59078979492188	156.52059936523438	23.354692459106445	35.93804168701172	
103.4888687133789	155.53634643554688	23.225976943969727	36.667137145996094	
105.85267639160156	155.84567260742188	23.8936710357666	36.66597366333008	
108.70463562011719	156.7309112548828	24.21710777282715	38.11373519897461	
111.13448333740234	155.91529846191406	24.394519805908203	37.38492965698242	
113.6852035522461	156.4683074951172	24.19294548034668	36.76819610595703	
115.9059066772461	156.206787109375	25.17777442932129	36.56663513183594	
118.60960388183594	156.3832550048828	24.5899715423584	35.066776275634766	
121.58091735839844	156.24813842773438	25.013601303100586	36.621517181396484	
125.0311050415039	156.0745849609375	25.94199562072754	38.31020736694336	
128.18017578125	156.43353271484375	25.954580307006836	37.71702575683594	
131.4634246826172	156.00633239746094	25.502750396728516	37.2546501159668	
134.1577606201172	155.9673309326172	26.40203285217285	37.397064208984375	
138.52621459960938	155.43734741210938	26.568872451782227	39.79954147338867	
140.3672332763672	156.73165893554688	27.433935165405273	36.67008590698242	
144.0253143310547	156.75430297851562	28.39388084411621	38.43241500854492	
147.6527099609375	154.9025421142578	27.421504974365234	41.25101852416992	
151.44296264648438	155.07424926757812	28.171600341796875	40.510902404785156	
154.72254943847656	154.467041015625	29.03090476989746	40.12825393676758	
158.09896850585938	154.09207153320312	30.24812889099121	40.64990234375	
162.70562744140625	154.26846313476562	30.17132568359375	41.44490051269531	
166.50167846679688	153.9630126953125	29.874706268310547	41.77439880371094	
171.13119506835938	153.87393188476562	31.238826751708984	45.92609405517578	
175.51123046875	153.0729217529297	30.76028060913086	45.00354766845703	
178.60226440429688	152.6583709716797	32.62803268432617	48.555809020996094	
182.2233428955078	151.83651733398438	32.97068405151367	49.71399688720703	
178.9603729248047	150.23291015625	35.968448638916016	52.298805236816406	
192.64962768554688	151.0327911376953	34.86035919189453	51.861595153808594	
197.7813262939453	150.57101440429688	34.72015380859375	50.881195068359375	
202.55039978027344	150.97695922851562	36.43913650512695	52.155982971191406	
209.03042602539062	151.0548858642578	36.67554473876953	53.582855224609375	
215.0825653076172	150.72962951660156	36.328975677490234	54.671852111816406	
220.2842254638672	148.85548400878906	38.52434539794922	57.75030517578125	
225.65957641601562	149.1136932373047	40.54939270019531	60.95782470703125	
230.36587524414062	149.14102172851562	41.28050994873047	61.557334899902344	
235.7761993408203	147.91574096679688	42.89070129394531	64.7470703125	
239.599609375	148.3772735595703	46.80786895751953	67.43976593017578	
248.10409545898438	145.77066040039062	45.95383834838867	70.17221069335938	
254.39346313476562	145.0889434814453	48.767391204833984	72.34873962402344	
261.2548828125	144.79147338867188	49.83994674682617	72.70252227783203	
264.91400146484375	149.52227783203125	65.0532455444336	77.25064849853516	
277.19805908203125	146.54083251953125	49.00815200805664	67.6602554321289	
287.5250244140625	152.54441833496094	51.35892868041992	70.02949523925781	
294.3973693847656	152.85250854492188	57.8709716796875	73.7027587890625	
304.39984130859375	153.5802001953125	58.0112419128418	76.04307556152344	
324.1304016113281	164.2646026611328	66.2034683227539	78.61653900146484	
341.196533203125	164.78335571289062	57.01228713989258	75.83619689941406	
358.4373779296875	168.7149658203125	65.77793884277344	78.11122131347656	
377.67010498046875	170.48814392089844	64.80217742919922	76.95250701904297	
402.762939453125	163.70680236816406	57.140464782714844	72.52748107910156	
379.0484619140625	142.85736083984375	59.355926513671875	70.48509216308594	
379.61761474609375	131.06613159179688	48.94479751586914	60.91475296020508	
394.0245056152344	142.1810760498047	56.942832946777344	67.61955261230469	
419.69879150390625	151.28550720214844	52.5109748840332	53.231056213378906	
422.82257080078125	157.5113983154297	42.39689254760742	63.1531982421875	
435.69140625	167.3266143798828	55.5016975402832	65.90821838378906	
429.233154296875	163.73593139648438	55.34984588623047	65.7279052734375	
