20.0	172.0	10.0	15.0	
20.522045135498047	171.33399963378906	9.919431686401367	15.327471733093262	
21.017257690429688	171.37193298339844	9.65487289428711	15.517230033874512	
21.623132705688477	171.25131225585938	9.779683113098145	15.666712760925293	
22.731033325195312	170.8575897216797	9.349723815917969	16.0095272064209	
23.144655227661133	170.9412841796875	9.38814640045166	16.36446189880371	
23.661544799804688	171.24908447265625	9.259263038635254	15.741373062133789	
24.40435218811035	171.3250274658203	9.348495483398438	16.206844329833984	
24.91425132751465	171.37252807617188	9.927916526794434	16.221118927001953	
25.059267044067383	171.24990844726562	10.678762435913086	16.558496475219727	
25.476947784423828	171.79476928710938	11.27508544921875	16.600238800048828	
26.422073364257812	172.3717041015625	10.787266731262207	16.39850425720215	
27.12646484375	172.0343780517578	10.761320114135742	16.602130889892578	
27.902179718017578	171.92710876464844	11.06132984161377	16.299400329589844	
28.53311538696289	171.46241760253906	11.268472671508789	16.143253326416016	
28.750377655029297	172.45382690429688	10.79096794128418	16.93594741821289	
29.510644912719727	172.67782592773438	10.966168403625488	16.465192794799805	
30.184783935546875	171.5937042236328	10.904641151428223	17.07606315612793	
30.782384872436523	172.40509033203125	10.671632766723633	17.57868766784668	
31.654293060302734	172.3381805419922	11.018031120300293	17.36776351928711	
32.06987380981445	172.96212768554688	10.537036895751953	16.901718139648438	
31.809412002563477	173.15682983398438	10.765735626220703	17.015357971191406	
33.09267044067383	172.9974822998047	10.148011207580566	17.375083923339844	
33.40230178833008	172.91482543945312	10.19172477722168	17.22855567932129	
34.946956634521484	173.08840942382812	9.798408508300781	16.51349449157715	
35.698638916015625	173.05667114257812	9.806543350219727	16.544092178344727	
36.03385543823242	172.94114685058594	10.512388229370117	17.275861740112305	
37.22731399536133	172.9990997314453	10.100224494934082	17.782079696655273	
37.646278381347656	173.86891174316406	10.512940406799316	16.76725959777832	
38.40477752685547	173.62277221679688	10.229608535766602	17.250446319580078	
39.87163162231445	173.11148071289062	9.85383415222168	17.1754150390625	
40.13406753540039	173.53695678710938	10.560585021972656	16.475704193115234	
40.84532928466797	173.9236297607422	10.542675971984863	16.810226440429688	
42.06321334838867	174.0177764892578	9.786518096923828	16.49866485595703	
43.545326232910156	173.25375366210938	9.683149337768555	15.894964218139648	
43.97643280029297	173.88352966308594	9.589452743530273	16.89690589904785	
45.43489456176758	173.39682006835938	9.943258285522461	16.8027400970459	
45.82358169555664	173.80946350097656	10.30285358428955	18.21552276611328	
46.88581085205078	173.0696563720703	10.713140487670898	18.623510360717773	
47.84538650512695	172.8228302001953	11.144325256347656	18.238122940063477	
48.89470672607422	172.73489379882812	10.742677688598633	17.891712188720703	
50.17778015136719	173.3773651123047	10.103707313537598	17.736127853393555	
50.829551696777344	172.6735076904297	10.865485191345215	17.78105354309082	
52.1826171875	172.7672119140625	10.155241012573242	18.246856689453125	
53.38092803955078	172.28414916992188	10.104395866394043	18.623394012451172	
54.185707092285156	172.34115600585938	10.883352279663086	18.287492752075195	
55.304351806640625	172.28121948242188	10.734635353088379	17.80321502685547	
56.57622146606445	172.18397521972656	10.6176118850708	17.99660301208496	
57.566688537597656	172.54580688476562	10.859003067016602	18.49888038635254	
58.85853958129883	172.3499298095703	10.64057731628418	17.830780029296875	
59.33403778076172	172.13548278808594	10.856685638427734	18.389474868774414	
60.890167236328125	172.10780334472656	10.69548511505127	18.569889068603516	
62.26323318481445	172.36093139648438	11.178483963012695	18.09842872619629	
63.351806640625	172.16732788085938	10.789377212524414	18.0422420501709	
64.5677261352539	171.91342163085938	11.286989212036133	17.66878890991211	
65.06745147705078	172.48049926757812	11.875988006591797	18.356199264526367	
66.67533874511719	172.3108367919922	11.49308967590332	18.13450050354004	
67.8111801147461	172.82455444335938	11.812273979187012	17.517711639404297	
69.37422943115234	172.4274139404297	11.424020767211914	17.360137939453125	
70.95429992675781	171.91986083984375	11.13166332244873	18.81570816040039	
72.02845764160156	172.17539978027344	11.339164733886719	18.938377380371094	
73.23868560791016	172.53317260742188	11.627496719360352	18.050565719604492	
74.47530364990234	172.02987670898438	11.668724060058594	17.9858341217041	
76.18733978271484	172.45635986328125	11.483213424682617	18.22222900390625	
77.80194091796875	172.59640502929688	11.689475059509277	18.30756378173828	
78.81242370605469	172.68405151367188	11.25538444519043	18.198089599609375	
80.0024185180664	172.46426391601562	11.155489921569824	19.02330780029297	
80.98316955566406	173.09288024902344	11.353089332580566	19.58228874206543	
81.9637451171875	172.2340087890625	12.007122039794922	19.95954704284668	
83.71268463134766	171.85659790039062	12.102445602416992	19.952150344848633	
85.33439636230469	171.9431610107422	12.41963005065918	20.4193115234375	
86.72840118408203	172.23448181152344	12.58383846282959	19.801029205322266	
88.53707122802734	172.37088012695312	12.769522666931152	19.35641098022461	
89.97808837890625	171.99952697753906	11.759454727172852	19.46154022216797	
91.32769775390625	171.9844970703125	11.675565719604492	19.77711296081543	
93.81036376953125	171.81002807617188	11.51587200164795	19.68789291381836	
94.67061614990234	171.58731079101562	12.010258674621582	20.771039962768555	
96.21333312988281	170.62937927246094	11.8523588180542	20.932613372802734	
97.45939636230469	171.09072875976562	12.186159133911133	20.53145980834961	
98.52619171142578	171.20333862304688	12.031269073486328	20.3867244720459	
100.42326354980469	171.8445281982422	11.9527587890625	20.116252899169922	
101.37205505371094	172.13790893554688	12.104082107543945	19.510814666748047	
102.9458236694336	171.9916534423828	11.86979866027832	20.070419311523438	
105.11253356933594	171.3284912109375	11.872566223144531	21.098384857177734	
106.58316802978516	171.5294189453125	12.344124794006348	21.39059829711914	
108.57196044921875	172.12652587890625	12.195103645324707	21.59964370727539	
109.84574890136719	171.77481079101562	11.959628105163574	21.14449691772461	
110.6665267944336	171.00726318359375	12.008528709411621	22.40349578857422	
112.222900390625	171.91806030273438	12.103236198425293	20.986343383789062	
113.74739837646484	171.76123046875	12.462309837341309	21.32843780517578	
114.87744140625	172.0310821533203	12.462484359741211	21.938003540039062	
117.0101089477539	171.77706909179688	12.523284912109375	21.792739868164062	
118.1394271850586	172.06466674804688	11.896324157714844	21.26736831665039	
120.1553955078125	172.41183471679688	11.878349304199219	21.640010833740234	
121.2198715209961	171.9523468017578	12.082870483398438	22.09504508972168	
122.67127990722656	171.99386596679688	12.973770141601562	22.559154510498047	
124.60633850097656	172.16134643554688	12.851142883300781	22.333667755126953	
127.1869125366211	172.5975341796875	12.85011100769043	22.4865665435791	
128.9927215576172	171.9793701171875	12.696983337402344	23.02640151977539	
130.90321350097656	172.35711669921875	13.11530590057373	23.33333396911621	
132.6244354248047	172.3379364013672	12.987574577331543	23.047813415527344	
134.1493377685547	172.87088012695312	13.046188354492188	25.08430290222168	
137.050048828125	172.03384399414062	13.068944931030273	25.050228118896484	
137.83645629882812	173.4227752685547	13.49040699005127	25.253040313720703	
138.66152954101562	173.25791931152344	14.06892204284668	26.46940040588379	
142.77052307128906	173.54684448242188	14.373211860656738	27.454288482666016	
144.3417510986328	172.71812438964844	14.575932502746582	27.534236907958984	
147.37179565429688	176.4941864013672	14.755620956420898	26.36211585998535	
148.95660400390625	174.40032958984375	15.52638053894043	27.793542861938477	
152.9068145751953	175.00743103027344	14.94224739074707	26.117712020874023	
155.855712890625	174.51724243164062	15.3076810836792	27.542255401611328	
159.0057373046875	174.3325958251953	15.0751371383667	28.130706787109375	
162.6192626953125	173.94619750976562	14.901041030883789	27.83380126953125	
166.06492614746094	174.3397979736328	15.384912490844727	28.58609390258789	
166.5999755859375	175.4381103515625	16.62577247619629	29.601953506469727	
168.60401916503906	174.48536682128906	16.888471603393555	29.480276107788086	
175.28994750976562	176.13943481445312	16.168437957763672	27.65329933166504	
177.56927490234375	175.75076293945312	16.858264923095703	29.590063095092773	
182.439208984375	175.70266723632812	16.650978088378906	28.857547760009766	
185.07699584960938	175.29788208007812	17.52618980407715	29.011377334594727	
189.0586395263672	175.07382202148438	17.93843650817871	29.423070907592773	
191.593017578125	175.3927459716797	17.887191772460938	29.5617733001709	
196.39678955078125	176.59512329101562	17.41421127319336	29.518627166748047	
199.57504272460938	175.83334350585938	17.849332809448242	29.255746841430664	
202.93894958496094	174.80909729003906	18.909914016723633	30.31640625	
210.4670867919922	175.88075256347656	17.80722999572754	30.112253189086914	
213.9035186767578	175.5586395263672	19.123401641845703	30.91461181640625	
213.22555541992188	170.333740234375	27.3471736907959	41.02077102661133	
224.75430297851562	177.5171356201172	18.929759979248047	30.470727920532227	
226.43722534179688	177.70068359375	20.03634262084961	30.712173461914062	
231.9702911376953	177.4943084716797	21.701833724975586	32.049644470214844	
239.2527313232422	176.2156982421875	21.02145004272461	33.040855407714844	
243.2091827392578	177.43423461914062	22.578418731689453	34.218040466308594	
249.9923553466797	177.356201171875	22.834556579589844	33.95441436767578	
256.26654052734375	176.8392791748047	22.285831451416016	34.57712173461914	
265.4558410644531	175.47544860839844	21.198335647583008	35.22995376586914	
268.6392822265625	178.017333984375	23.278606414794922	35.23236083984375	
273.82940673828125	178.55654907226562	23.589977264404297	35.9544677734375	
280.78802490234375	179.0556182861328	23.41538429260254	36.13850784301758	
288.5001525878906	177.72500610351562	23.249164581298828	37.28746795654297	
296.09271240234375	177.23397827148438	23.455604553222656	36.264060974121094	
303.9122314453125	178.8126678466797	23.518871307373047	36.645084381103516	
313.41522216796875	178.7299346923828	23.604290008544922	37.89048385620117	
318.03887939453125	179.0634765625	25.408802032470703	40.016597747802734	
327.4661560058594	180.2428436279297	25.951528549194336	40.16114044189453	
336.302490234375	181.24209594726562	26.5510311126709	40.51301193237305	
342.6797790527344	181.53652954101562	27.42507553100586	41.42432403564453	
355.1375427246094	180.53076171875	27.979869842529297	42.816009521484375	
366.00421142578125	181.91500854492188	28.3035831451416	43.82733917236328	
377.52252197265625	181.57333374023438	28.413076400756836	43.845375061035156	
390.2066650390625	182.36062622070312	28.2435302734375	44.03710174560547	
402.7226257324219	183.7388458251953	29.07029151916504	46.141536712646484	
416.169921875	183.5896759033203	30.460519790649414	46.8250617980957	
429.03070068359375	183.2615203857422	30.027210235595703	48.12752151489258	
444.6112365722656	183.91757202148438	30.854129791259766	48.96796798706055	
