1.0	172.0	18.0	11.0	
0.9328954815864563	171.62913513183594	18.197032928466797	10.824732780456543	
1.0821874141693115	171.6157989501953	18.421058654785156	10.729351043701172	
1.2718307971954346	171.48829650878906	18.20654296875	10.925251007080078	
1.4468557834625244	171.5816192626953	17.98366928100586	10.873348236083984	
1.8281745910644531	171.72396850585938	17.8232421875	10.668489456176758	
1.9243568181991577	171.5701446533203	17.98984718322754	10.942950248718262	
2.3286852836608887	171.83065795898438	18.0158634185791	10.53669261932373	
2.309539556503296	171.89540100097656	18.405624389648438	10.533126831054688	
2.184098243713379	171.73348999023438	19.15960121154785	10.832857131958008	
2.7596659660339355	171.91452026367188	19.0131893157959	10.513188362121582	
2.8555359840393066	171.9176025390625	19.5384521484375	10.582428932189941	
3.1334846019744873	171.8871612548828	20.113231658935547	10.78929615020752	
3.572775363922119	171.94912719726562	19.779449462890625	10.760116577148438	
3.923917293548584	171.8907928466797	19.579029083251953	10.877199172973633	
4.423619270324707	171.88597106933594	19.42458724975586	10.917219161987305	
4.624686241149902	171.85400390625	19.466068267822266	10.85063648223877	
4.7945756912231445	171.94595336914062	19.651437759399414	10.788043022155762	
4.171040058135986	171.8739776611328	20.485309600830078	10.886655807495117	
5.455483913421631	171.958251953125	20.075653076171875	10.73386001586914	
5.681822776794434	172.0379638671875	20.548494338989258	10.601953506469727	
5.020509243011475	172.25123596191406	21.667308807373047	10.314291000366211	
5.748806953430176	172.0196075439453	22.534523010253906	10.565388679504395	
6.454460144042969	172.4197998046875	22.79456901550293	10.334818840026855	
6.654777526855469	172.01878356933594	22.070606231689453	10.722264289855957	
7.479918003082275	172.01644897460938	22.68023109436035	10.992788314819336	
7.622801303863525	171.99356079101562	22.593896865844727	10.869773864746094	
8.932000160217285	171.693115234375	24.42572021484375	11.5143461227417	
9.112829208374023	171.65859985351562	25.395130157470703	12.040185928344727	
9.858297348022461	171.52084350585938	25.245098114013672	12.433584213256836	
11.098962783813477	170.884765625	24.13804817199707	13.59722900390625	
10.65573501586914	170.64703369140625	24.808338165283203	13.519567489624023	
11.842750549316406	170.52853393554688	23.77155303955078	13.865880966186523	
12.617815017700195	170.98512268066406	24.577224731445312	13.840429306030273	
13.235044479370117	170.6480712890625	24.534080505371094	14.245158195495605	
13.518537521362305	170.48497009277344	24.820209503173828	14.411128044128418	
14.387850761413574	170.5084991455078	24.695188522338867	14.632403373718262	
15.058822631835938	170.1436309814453	25.180465698242188	15.294519424438477	
15.091923713684082	170.20852661132812	25.61025047302246	15.109684944152832	
16.03737449645996	170.14523315429688	25.871570587158203	15.732976913452148	
16.894596099853516	169.6781463623047	25.991107940673828	16.355077743530273	
17.444988250732422	169.6575164794922	25.892414093017578	16.28353500366211	
18.506277084350586	169.72218322753906	26.041748046875	16.86359977722168	
18.79439353942871	169.7914581298828	26.327922821044922	16.52430534362793	
19.34189796447754	169.51220703125	27.223026275634766	16.967430114746094	
19.9173526763916	169.495849609375	27.51119041442871	17.161895751953125	
21.08181381225586	169.8942108154297	27.181884765625	16.97078514099121	
21.106685638427734	169.73651123046875	27.5941104888916	16.93893814086914	
22.472620010375977	169.84219360351562	27.376155853271484	17.295068740844727	
21.132781982421875	169.8311309814453	28.88834571838379	16.62785530090332	
22.699121475219727	169.65679931640625	28.980266571044922	17.350170135498047	
21.77126693725586	170.05392456054688	29.56966209411621	16.354839324951172	
24.478479385375977	169.3305206298828	29.466943740844727	17.743438720703125	
25.9267635345459	169.1160125732422	30.362701416015625	18.675018310546875	
26.5212459564209	168.8699951171875	30.49106216430664	19.119598388671875	
27.967548370361328	168.97044372558594	29.630041122436523	19.29067611694336	
29.02362632751465	169.08242797851562	29.383869171142578	18.993453979492188	
27.8466739654541	169.19912719726562	31.75348472595215	18.416677474975586	
29.654098510742188	169.10028076171875	30.758113861083984	18.84270668029785	
31.287099838256836	169.2699737548828	29.654382705688477	18.55617332458496	
30.876140594482422	169.28988647460938	30.9920597076416	18.39625358581543	
31.825408935546875	169.33309936523438	30.607397079467773	18.295604705810547	
33.55647277832031	170.005859375	30.42800521850586	17.507308959960938	
33.569602966308594	169.7698974609375	32.88803482055664	17.993038177490234	
35.175010681152344	169.9165496826172	32.761871337890625	17.288345336914062	
36.90392303466797	170.14218139648438	33.38677978515625	17.829570770263672	
38.746917724609375	170.35145568847656	33.50801467895508	17.82145118713379	
39.28240203857422	170.0537109375	33.77537155151367	18.17803192138672	
41.455997467041016	170.54568481445312	32.17460250854492	17.281574249267578	
42.046669006347656	170.80239868164062	33.1336784362793	17.611127853393555	
43.952518463134766	170.86734008789062	33.52177810668945	17.506715774536133	
44.551048278808594	170.89944458007812	33.97747039794922	17.61434555053711	
42.781150817871094	170.566650390625	34.78380584716797	17.903396606445312	
45.47332000732422	170.6685333251953	34.41893768310547	18.145483016967773	
45.819976806640625	170.8547821044922	33.909873962402344	18.263538360595703	
46.40389633178711	170.8885955810547	34.33073806762695	18.364910125732422	
48.33460235595703	170.5516357421875	35.25125503540039	18.716100692749023	
50.794105529785156	170.68789672851562	36.06489181518555	18.743608474731445	
50.2798957824707	170.62643432617188	36.32659149169922	19.108835220336914	
54.35334014892578	169.795166015625	38.32057571411133	20.852285385131836	
54.809654235839844	169.50132751464844	38.56135559082031	21.567487716674805	
53.911094665527344	169.3236846923828	38.909751892089844	21.870059967041016	
59.415077209472656	170.5123748779297	37.518882751464844	21.68685531616211	
59.32087326049805	169.76181030273438	37.99470138549805	22.320297241210938	
61.47002410888672	169.724609375	38.592079162597656	22.774517059326172	
61.205810546875	170.3319091796875	38.95110321044922	22.755985260009766	
63.166656494140625	168.99887084960938	42.264305114746094	24.054153442382812	
63.90092849731445	169.38339233398438	41.778587341308594	23.69727897644043	
66.6163558959961	169.6058349609375	42.610008239746094	23.764802932739258	
69.1841049194336	169.6114959716797	43.067996978759766	24.588369369506836	
71.11634826660156	169.47445678710938	44.45263671875	24.988693237304688	
73.25621032714844	169.10836791992188	45.33196258544922	26.178457260131836	
76.70100402832031	170.15478515625	43.82572555541992	25.314441680908203	
76.49466705322266	168.91482543945312	46.3450927734375	26.513019561767578	
75.90413665771484	169.47103881835938	47.585792541503906	26.29863929748535	
85.44763946533203	169.72320556640625	46.837554931640625	26.279766082763672	
87.24071502685547	170.5334014892578	46.334327697753906	25.501880645751953	
91.21556854248047	170.60923767089844	47.02762222290039	26.465145111083984	
94.9052734375	171.407470703125	45.90402603149414	25.92502212524414	
95.54048156738281	170.79974365234375	46.755126953125	26.573755264282227	
98.84757995605469	169.58578491210938	50.23765563964844	27.50253677368164	
101.71136474609375	170.0967254638672	50.57378387451172	27.99176597595215	
106.07313537597656	169.37074279785156	50.6085090637207	29.03557777404785	
106.94502258300781	170.6759033203125	50.246253967285156	28.25653076171875	
110.54264068603516	170.2864990234375	53.551536560058594	28.74373435974121	
111.05937194824219	169.5322723388672	55.508811950683594	29.946008682250977	
117.22454833984375	169.2270050048828	56.30241775512695	29.654245376586914	
121.85267639160156	170.06639099121094	54.044029235839844	28.58160400390625	
129.0756072998047	169.94381713867188	55.35695266723633	30.39325523376465	
125.76014709472656	169.6998291015625	57.89076614379883	30.591121673583984	
137.169677734375	168.9935302734375	57.93693161010742	32.435420989990234	
139.31503295898438	169.306396484375	61.4449348449707	32.43657684326172	
141.82254028320312	169.5276641845703	65.33528900146484	33.514854431152344	
143.31201171875	169.69784545898438	66.79338073730469	33.571224212646484	
154.4263916015625	169.1396026611328	66.48099517822266	35.207923889160156	
159.77952575683594	167.62503051757812	69.18831634521484	36.80853271484375	
163.57000732421875	168.277099609375	69.99610900878906	36.58119583129883	
166.2705078125	168.66519165039062	70.2313003540039	36.67545700073242	
173.9932098388672	169.06204223632812	70.61652374267578	37.519989013671875	
180.07138061523438	168.2273712158203	71.65174865722656	37.303443908691406	
192.06405639648438	170.7515411376953	72.73011779785156	38.45602798461914	
197.62893676757812	168.02737426757812	74.97550964355469	40.85022735595703	
199.10324096679688	166.8466796875	78.289794921875	42.85675811767578	
207.75588989257812	165.27890014648438	82.53083801269531	45.688350677490234	
219.69522094726562	164.59483337402344	81.91529083251953	45.354923248291016	
227.2075653076172	167.0116424560547	81.41619110107422	45.6202278137207	
242.6436004638672	167.3420867919922	83.03306579589844	47.18526077270508	
248.4397430419922	168.11170959472656	83.7688217163086	48.083778381347656	
258.0862731933594	165.7943878173828	87.70030975341797	51.051483154296875	
273.80181884765625	167.98948669433594	94.43489074707031	53.29510498046875	
271.275634765625	162.8843994140625	97.57364654541016	59.49854278564453	
286.0230712890625	164.23684692382812	99.1697006225586	59.21124267578125	
312.19036865234375	167.64511108398438	103.162353515625	58.99767303466797	
324.0264892578125	167.17657470703125	108.17472839355469	61.3837776184082	
342.4546203613281	169.78585815429688	113.38575744628906	63.43531036376953	
342.9369201660156	164.87777709960938	115.0803451538086	66.25753021240234	
355.74853515625	168.87066650390625	113.46937561035156	66.44407653808594	
