34.0	167.0	23.0	15.0	
32.98948287963867	166.3676300048828	22.0671329498291	15.448384284973145	
31.74790382385254	166.6060028076172	23.55769920349121	15.271502494812012	
31.546215057373047	166.1214141845703	22.073013305664062	15.383081436157227	
30.273120880126953	166.0526580810547	23.053314208984375	16.070104598999023	
29.945154190063477	166.18821716308594	22.507917404174805	15.68528938293457	
29.13784408569336	165.9535675048828	23.22930908203125	15.863584518432617	
28.490463256835938	165.61007690429688	23.189739227294922	16.346473693847656	
27.980764389038086	165.43125915527344	23.295093536376953	16.98598289489746	
27.912485122680664	165.65475463867188	22.342369079589844	16.23590850830078	
27.210119247436523	166.061767578125	23.22731590270996	16.218881607055664	
27.061548233032227	165.51644897460938	22.2501220703125	16.903972625732422	
26.939006805419922	165.74069213867188	21.707473754882812	16.28038787841797	
25.627864837646484	165.65347290039062	23.942110061645508	16.2515926361084	
24.919130325317383	165.09698486328125	24.149404525756836	16.650827407836914	
25.01544189453125	165.2356414794922	23.240114212036133	16.22562026977539	
24.46175193786621	165.57528686523438	23.813554763793945	16.070581436157227	
23.916595458984375	165.33287048339844	24.135202407836914	16.078083038330078	
23.841022491455078	165.02206420898438	23.76264190673828	16.45206069946289	
23.59835433959961	165.31163024902344	23.69450569152832	16.256948471069336	
23.19156265258789	165.45045471191406	24.015422821044922	16.06443977355957	
22.727724075317383	165.5882110595703	24.272560119628906	15.793179512023926	
24.3256778717041	165.69857788085938	20.716285705566406	15.160116195678711	
24.00882339477539	165.9998321533203	20.91261100769043	14.835612297058105	
22.860214233398438	166.3485565185547	22.83345603942871	14.501930236816406	
23.5489559173584	166.45913696289062	20.414892196655273	13.93439769744873	
23.179935455322266	166.2133026123047	21.300310134887695	14.198199272155762	
21.846893310546875	165.1688995361328	21.56586265563965	15.742213249206543	
21.496349334716797	165.80709838867188	21.648744583129883	14.290295600891113	
21.161724090576172	165.65737915039062	23.307086944580078	14.89592170715332	
21.1408748626709	166.39321899414062	25.550756454467773	14.537162780761719	
21.673391342163086	167.23757934570312	27.057729721069336	13.798779487609863	
21.9781551361084	167.69888305664062	27.488067626953125	13.378570556640625	
22.676034927368164	168.33892822265625	25.60819435119629	13.032997131347656	
23.54098129272461	168.55039978027344	24.13229751586914	12.857409477233887	
22.916810989379883	168.48690795898438	25.088611602783203	12.709067344665527	
23.768497467041016	168.14642333984375	22.239891052246094	12.82513427734375	
23.361658096313477	168.5282440185547	24.258398056030273	12.50551986694336	
22.708173751831055	168.2639617919922	26.5444393157959	12.781027793884277	
23.379419326782227	168.22608947753906	26.233184814453125	13.024702072143555	
22.79888916015625	167.30189514160156	27.469188690185547	13.84889030456543	
23.63436508178711	167.7342987060547	27.061870574951172	13.463849067687988	
24.4666748046875	167.38356018066406	22.465816497802734	13.365687370300293	
23.407167434692383	167.41226196289062	24.818756103515625	13.489301681518555	
23.355499267578125	167.80166625976562	26.431385040283203	13.228988647460938	
23.7248477935791	167.7086944580078	25.6121768951416	13.360723495483398	
23.77850341796875	167.4713134765625	26.691335678100586	13.617243766784668	
24.843456268310547	167.59927368164062	25.973602294921875	13.52472972869873	
24.51630210876465	167.07470703125	25.16263771057129	13.673973083496094	
24.7220458984375	167.30274963378906	24.542673110961914	13.451745986938477	
24.633291244506836	167.67214965820312	27.01901626586914	13.395901679992676	
26.06414222717285	167.92361450195312	26.29286766052246	13.443098068237305	
26.217937469482422	167.9019012451172	27.780811309814453	13.274444580078125	
26.21272850036621	167.32211303710938	24.69066047668457	13.566615104675293	
26.62164306640625	168.020751953125	26.943683624267578	13.406953811645508	
27.459503173828125	167.50210571289062	26.85312271118164	13.504015922546387	
27.407894134521484	166.79348754882812	25.07646942138672	14.128809928894043	
28.360153198242188	166.5555419921875	19.653932571411133	13.316205024719238	
28.21560287475586	167.00167846679688	23.218963623046875	13.719525337219238	
28.10796546936035	167.2852783203125	24.951553344726562	13.706033706665039	
28.31720542907715	167.060546875	25.009838104248047	14.0236177444458	
27.69449234008789	167.17906188964844	23.978408813476562	13.72851276397705	
27.714096069335938	166.9547119140625	24.781070709228516	14.10973072052002	
28.847034454345703	166.777587890625	24.322399139404297	14.236555099487305	
29.418865203857422	166.65518188476562	22.4669132232666	13.932622909545898	
29.3568115234375	166.7427520751953	24.495601654052734	14.241277694702148	
30.17873764038086	166.76882934570312	26.339950561523438	14.571057319641113	
30.913721084594727	166.53892517089844	23.138500213623047	14.243894577026367	
31.450275421142578	167.2305450439453	27.15411949157715	14.553668022155762	
31.552974700927734	166.1970672607422	25.451644897460938	14.975881576538086	
31.96457862854004	166.18087768554688	23.621557235717773	14.308880805969238	
32.00629425048828	166.6009063720703	27.907678604125977	14.909936904907227	
33.289344787597656	167.0011749267578	27.0438232421875	14.804941177368164	
32.89716720581055	166.6708984375	27.487377166748047	14.966161727905273	
33.64198684692383	166.5156707763672	26.621963500976562	15.118295669555664	
34.445594787597656	166.22848510742188	23.948970794677734	14.66102123260498	
35.22804260253906	166.4823455810547	24.49540138244629	14.487167358398438	
35.385414123535156	166.8037872314453	27.673080444335938	15.0173978805542	
35.44507598876953	167.06478881835938	28.89383888244629	14.869344711303711	
36.4345588684082	167.41175842285156	30.975341796875	14.7025785446167	
36.43645095825195	167.21640014648438	29.853763580322266	14.490571975708008	
36.825843811035156	167.1021728515625	31.17112159729004	15.110549926757812	
37.036354064941406	167.08529663085938	31.037372589111328	14.768719673156738	
38.19192886352539	167.64181518554688	31.56613540649414	14.583641052246094	
38.490516662597656	167.24990844726562	30.605762481689453	14.685297966003418	
39.02274703979492	167.68429565429688	32.652099609375	14.438145637512207	
39.70250701904297	166.91580200195312	31.275720596313477	15.59528636932373	
40.142887115478516	167.05264282226562	30.824960708618164	15.567665100097656	
39.815696716308594	166.56820678710938	31.834808349609375	15.300458908081055	
40.15632247924805	166.1220245361328	31.454132080078125	15.943049430847168	
41.724185943603516	166.30906677246094	30.077518463134766	15.653722763061523	
42.5704231262207	166.7151641845703	30.63846206665039	15.978802680969238	
43.74491500854492	167.3197021484375	31.92922592163086	15.144037246704102	
44.72346115112305	167.54336547851562	30.977359771728516	14.926994323730469	
45.43410110473633	167.53079223632812	32.85547637939453	14.927556991577148	
47.614952087402344	168.2534637451172	31.0768985748291	14.0899658203125	
49.00055694580078	168.94827270507812	30.344593048095703	14.408894538879395	
50.27056884765625	168.47535705566406	29.8720760345459	15.20079517364502	
49.75520706176758	167.88485717773438	33.369789123535156	15.087244033813477	
51.66443634033203	167.89292907714844	30.286657333374023	15.216714859008789	
51.94654083251953	168.51434326171875	32.53978729248047	15.356782913208008	
52.730712890625	168.1167449951172	32.33075714111328	15.300183296203613	
53.9549560546875	168.6204833984375	32.12181091308594	15.161657333374023	
55.1834831237793	168.18209838867188	32.494773864746094	15.529205322265625	
54.62784957885742	168.07815551757812	34.1716194152832	15.556459426879883	
56.85418701171875	168.5988006591797	34.566585540771484	15.717645645141602	
57.218772888183594	167.60675048828125	34.203514099121094	16.437454223632812	
58.633445739746094	167.95095825195312	33.964332580566406	16.288442611694336	
60.46721267700195	168.5811004638672	32.06800079345703	16.39691162109375	
61.00604248046875	168.0059356689453	33.868690490722656	16.660646438598633	
62.53190231323242	167.9786376953125	33.12469482421875	17.111568450927734	
63.054908752441406	168.0756072998047	34.045616149902344	16.939502716064453	
64.35673522949219	167.9490509033203	33.566627502441406	17.625694274902344	
64.59380340576172	167.35836791992188	35.219017028808594	17.94399642944336	
64.93658447265625	167.3707733154297	34.67487716674805	18.173805236816406	
64.97334289550781	167.3844451904297	35.99605941772461	17.549972534179688	
68.22077941894531	168.58932495117188	32.76769256591797	16.890840530395508	
69.11405944824219	168.3608856201172	36.59229278564453	17.10506820678711	
70.55817413330078	167.86093139648438	36.27772521972656	17.37090492248535	
71.09684753417969	167.72744750976562	35.65465545654297	17.737106323242188	
72.85566711425781	168.14260864257812	33.911766052246094	17.67704963684082	
75.0682601928711	168.02581787109375	34.56020736694336	17.6301326751709	
75.50801849365234	167.54574584960938	33.36774826049805	17.941394805908203	
77.0859146118164	167.53842163085938	33.78723907470703	18.085493087768555	
78.87196350097656	168.1466827392578	32.04430389404297	18.414661407470703	
79.12186431884766	168.00735473632812	33.929527282714844	18.049819946289062	
79.46034240722656	167.56033325195312	34.874267578125	18.06035614013672	
82.01802062988281	168.1514892578125	35.38707733154297	17.53116226196289	
82.56615447998047	168.51370239257812	34.82335662841797	17.526968002319336	
84.57129669189453	168.9801788330078	34.891395568847656	16.76106834411621	
85.3946304321289	168.98411560058594	35.12196350097656	16.775102615356445	
86.13050842285156	168.6917724609375	34.87749099731445	17.35158920288086	
88.49594116210938	168.4196319580078	33.71416473388672	18.10837745666504	
89.86577606201172	168.49618530273438	35.168155670166016	18.137523651123047	
91.20829010009766	168.9568634033203	35.463951110839844	18.212141036987305	
93.79835510253906	168.73300170898438	35.91611862182617	18.474849700927734	
92.6398696899414	167.93576049804688	37.64427947998047	18.48167610168457	
95.57453918457031	168.84677124023438	38.026573181152344	18.253047943115234	
98.08332824707031	168.50399780273438	36.462623596191406	18.900760650634766	
98.23533630371094	168.39675903320312	40.49407196044922	18.704504013061523	
100.4115982055664	168.32382202148438	38.233795166015625	19.320322036743164	
102.00540924072266	168.18667602539062	40.294769287109375	19.861652374267578	
102.986328125	167.99273681640625	38.98065185546875	20.54014015197754	
105.93208312988281	168.5623321533203	39.23093795776367	19.739116668701172	
107.8714828491211	169.1324462890625	38.887351989746094	19.97398567199707	
109.56330871582031	168.91036987304688	38.49207305908203	19.59502601623535	
110.4255599975586	169.244873046875	40.04640579223633	19.5798397064209	
112.76145935058594	168.2294158935547	40.68681716918945	20.01040267944336	
114.83853912353516	169.05545043945312	40.13855743408203	20.054569244384766	
116.93849182128906	169.09986877441406	39.50922393798828	20.346471786499023	
118.99273681640625	168.17138671875	41.74701690673828	21.44814682006836	
121.48374938964844	168.4622344970703	41.3619384765625	21.615001678466797	
122.75138854980469	168.41778564453125	40.53634262084961	21.520404815673828	
125.73258972167969	168.58065795898438	39.16240310668945	22.020687103271484	
127.00337219238281	168.00193786621094	42.17667007446289	21.742040634155273	
128.98025512695312	167.46002197265625	40.83802795410156	23.151660919189453	
131.1038055419922	168.1461639404297	42.526344299316406	22.80532455444336	
132.73770141601562	168.38890075683594	43.132083892822266	22.93277359008789	
134.07821655273438	167.42425537109375	42.79526138305664	22.927955627441406	
135.92105102539062	167.8372344970703	44.36608123779297	22.481504440307617	
138.2108917236328	168.24093627929688	44.06687927246094	22.717453002929688	
140.69061279296875	167.89498901367188	42.940914154052734	23.213237762451172	
143.7176971435547	167.59584045410156	43.612327575683594	24.063997268676758	
145.05471801757812	167.552978515625	47.33877182006836	23.576168060302734	
147.95652770996094	167.00949096679688	45.09181594848633	24.195241928100586	
150.3424072265625	167.89698791503906	46.400611877441406	24.007078170776367	
152.76998901367188	168.19143676757812	47.200679779052734	23.863245010375977	
155.85830688476562	168.23094177246094	47.03856658935547	24.416505813598633	
157.4695587158203	167.57008361816406	47.33553695678711	23.84908676147461	
161.0564422607422	167.16488647460938	44.632755279541016	25.070186614990234	
163.16795349121094	166.97628784179688	50.667152404785156	25.490848541259766	
166.81455993652344	166.50588989257812	48.32174301147461	26.81784439086914	
169.9234161376953	166.85862731933594	49.769195556640625	26.944997787475586	
172.70123291015625	166.27828979492188	49.025367736816406	27.9415283203125	
176.37646484375	166.7498321533203	51.73506546020508	28.364757537841797	
178.52285766601562	166.73719787597656	54.495948791503906	28.880985260009766	
182.85755920410156	167.1277618408203	51.84064865112305	27.725635528564453	
185.9568328857422	166.51065063476562	49.24962615966797	29.313289642333984	
190.19825744628906	166.25408935546875	51.91431427001953	29.724523544311523	
192.88699340820312	165.45962524414062	52.43146896362305	30.0433349609375	
196.39974975585938	166.0413818359375	53.58754348754883	30.002887725830078	
200.28158569335938	165.62368774414062	52.71385955810547	29.991382598876953	
202.7960968017578	165.29031372070312	56.27532196044922	31.397329330444336	
206.65438842773438	165.2340545654297	56.057945251464844	31.027568817138672	
210.4337615966797	165.26614379882812	56.93579864501953	31.884052276611328	
215.0603790283203	165.30142211914062	56.32475662231445	33.239131927490234	
219.18167114257812	164.92616271972656	55.2459831237793	32.288570404052734	
224.02139282226562	164.9696502685547	55.7161865234375	32.900054931640625	
228.27011108398438	164.75454711914062	56.98649978637695	32.784889221191406	
233.42733764648438	165.16461181640625	57.4896240234375	32.991294860839844	
236.4021759033203	164.3177947998047	56.8991584777832	33.31931686401367	
240.65921020507812	164.6581268310547	60.81542205810547	34.20591354370117	
246.1467742919922	164.16033935546875	58.55864334106445	34.487281799316406	
251.62600708007812	164.72964477539062	63.92780303955078	34.96816635131836	
256.80535888671875	164.7733612060547	63.496185302734375	35.05628204345703	
262.8199462890625	164.42349243164062	60.683265686035156	35.802398681640625	
269.7816467285156	164.52230834960938	60.670310974121094	35.7628059387207	
275.5348815917969	165.09768676757812	59.78251266479492	35.72779083251953	
283.05474853515625	166.1619110107422	59.441078186035156	35.06034469604492	
288.6653137207031	166.30581665039062	59.27421951293945	34.98984909057617	
298.25701904296875	167.56234741210938	59.99665451049805	34.235660552978516	
304.8150939941406	167.45350646972656	59.04703903198242	34.47660827636719	
313.0299377441406	167.89674377441406	60.33122634887695	35.04542922973633	
321.026611328125	168.70941162109375	63.23261642456055	35.0719108581543	
329.6767272949219	169.32522583007812	61.815406799316406	34.60788345336914	
339.17816162109375	170.5504608154297	60.972267150878906	34.2586669921875	
346.788818359375	170.1356658935547	65.24635314941406	35.82892608642578	
351.260498046875	168.35134887695312	63.048980712890625	35.751869201660156	
367.93695068359375	172.79115295410156	66.42451477050781	34.592247009277344	
377.3388977050781	172.9812774658203	66.79238891601562	35.58544921875	
387.517578125	173.213623046875	67.60411071777344	36.53845977783203	
398.2814636230469	173.62046813964844	67.38249206542969	36.05315399169922	
411.58331298828125	175.41879272460938	65.60592651367188	35.67682647705078	
415.84942626953125	172.17015075683594	67.13661193847656	37.59144973754883	
