368.0	175.0	7.0	14.0	
367.14794921875	174.75198364257812	6.828782081604004	14.205304145812988	
366.8800354003906	174.8194122314453	6.5124831199646	14.167108535766602	
366.32232666015625	174.67579650878906	7.0434370040893555	14.324763298034668	
365.82305908203125	174.70822143554688	6.655014991760254	14.276054382324219	
365.62762451171875	174.4785614013672	6.5906081199646	14.615864753723145	
364.9745788574219	174.5673065185547	6.849236965179443	14.60441780090332	
364.51849365234375	174.38613891601562	6.8760576248168945	15.007105827331543	
363.95452880859375	174.3441162109375	7.142876625061035	15.026972770690918	
363.439453125	174.15277099609375	7.4573073387146	15.145527839660645	
363.135009765625	174.0441131591797	6.8241682052612305	15.321464538574219	
362.4095153808594	174.17723083496094	7.430996894836426	15.274724960327148	
362.14227294921875	174.30911254882812	7.129881858825684	14.977899551391602	
361.66265869140625	174.19241333007812	6.86077880859375	15.340855598449707	
361.07965087890625	174.2037353515625	7.134346008300781	15.3485746383667	
360.84588623046875	174.1327667236328	6.61011266708374	15.414823532104492	
360.44781494140625	174.07339477539062	6.8210577964782715	15.312372207641602	
359.7903137207031	174.19479370117188	7.05029296875	15.385734558105469	
359.49896240234375	174.03004455566406	6.856485843658447	15.473429679870605	
359.1307678222656	174.1970977783203	6.513603210449219	15.374565124511719	
358.357666015625	174.2375946044922	7.049380302429199	15.39574909210205	
358.16033935546875	174.07369995117188	6.921780586242676	15.653249740600586	
357.7251892089844	174.38148498535156	6.765799522399902	15.094125747680664	
357.0577087402344	174.14242553710938	7.308165073394775	15.468690872192383	
356.818115234375	174.20144653320312	6.89224910736084	15.368992805480957	
356.47052001953125	174.14199829101562	6.940463066101074	15.364568710327148	
355.9041748046875	174.33102416992188	6.901741027832031	15.2207612991333	
355.55963134765625	174.35166931152344	6.742316246032715	14.874273300170898	
354.927978515625	174.24697875976562	7.152258396148682	14.976719856262207	
354.4716796875	174.28811645507812	7.088054656982422	15.202707290649414	
354.27587890625	174.32754516601562	6.731577396392822	15.1165189743042	
353.7345275878906	174.3637237548828	6.7326459884643555	15.226959228515625	
353.0931701660156	174.38668823242188	7.024971961975098	15.172849655151367	
352.90155029296875	174.1184844970703	6.620169639587402	15.689196586608887	
352.43743896484375	174.1765594482422	7.039700984954834	15.780072212219238	
351.6704406738281	173.67819213867188	7.525822639465332	16.432125091552734	
351.72222900390625	173.9698028564453	7.064879417419434	15.4331693649292	
351.0574645996094	173.91453552246094	7.2810959815979	15.868581771850586	
350.4568786621094	173.7910919189453	7.134561061859131	16.28926658630371	
350.4443054199219	174.0402069091797	6.938741207122803	15.398585319519043	
349.8360900878906	174.20333862304688	6.976498603820801	15.569849014282227	
349.3714904785156	174.01675415039062	6.8617448806762695	15.70832633972168	
349.05877685546875	173.8703155517578	7.081904411315918	15.963106155395508	
348.0224304199219	174.32330322265625	7.544591426849365	15.549138069152832	
347.6587829589844	173.905517578125	7.382237434387207	16.018247604370117	
347.3029479980469	173.62881469726562	7.619662284851074	16.547948837280273	
346.60491943359375	173.98683166503906	7.564240455627441	15.768139839172363	
346.2410583496094	173.8420867919922	7.5347418785095215	16.002216339111328	
345.46624755859375	173.9463348388672	7.446045875549316	16.486988067626953	
345.04559326171875	174.12008666992188	7.093100070953369	16.1234188079834	
344.8473205566406	173.7472686767578	7.0374250411987305	16.570232391357422	
344.34344482421875	173.79122924804688	7.076015472412109	16.701671600341797	
343.72540283203125	173.5685272216797	7.518155574798584	17.07889175415039	
343.1114196777344	173.65164184570312	7.495824337005615	16.939062118530273	
342.60687255859375	174.02041625976562	7.358968257904053	15.975046157836914	
342.12066650390625	173.90309143066406	7.821126461029053	16.20272445678711	
341.80841064453125	174.12713623046875	7.27950382232666	15.972684860229492	
340.9239807128906	173.95822143554688	7.723787784576416	16.585599899291992	
340.38037109375	174.02577209472656	7.9982123374938965	16.321025848388672	
340.0247497558594	173.64895629882812	7.574897766113281	16.644245147705078	
339.3008728027344	173.74667358398438	8.009748458862305	16.761106491088867	
339.04278564453125	174.10887145996094	7.473532676696777	16.222827911376953	
338.15911865234375	173.66915893554688	7.717170715332031	16.951372146606445	
337.8894348144531	174.17282104492188	7.5205583572387695	16.191869735717773	
337.2335510253906	174.16482543945312	7.513480186462402	16.514938354492188	
336.34576416015625	174.14773559570312	8.057500839233398	16.72726821899414	
335.6814270019531	174.40512084960938	8.010740280151367	16.302921295166016	
335.51727294921875	174.32412719726562	7.816837310791016	16.41383171081543	
334.99835205078125	174.2553253173828	7.63491678237915	16.309911727905273	
334.49176025390625	174.58013916015625	7.433150291442871	15.738818168640137	
334.1142272949219	174.37802124023438	7.2173309326171875	15.983227729797363	
333.3594665527344	174.12779235839844	7.994571685791016	16.135915756225586	
332.71368408203125	174.6205596923828	7.785696983337402	15.882354736328125	
332.51348876953125	174.45758056640625	7.3526105880737305	15.775732040405273	
331.5875549316406	174.3302001953125	8.344427108764648	16.08708953857422	
331.45196533203125	174.3411407470703	7.531796455383301	16.09668731689453	
330.78277587890625	174.4669647216797	8.011032104492188	15.720895767211914	
330.16058349609375	174.7950897216797	7.55544900894165	15.702458381652832	
329.5610656738281	174.4476776123047	7.658728122711182	16.076038360595703	
329.01885986328125	174.6187744140625	7.820630073547363	15.811497688293457	
328.34326171875	174.7314910888672	7.85483455657959	15.709938049316406	
327.7337646484375	174.30368041992188	8.21290397644043	16.580951690673828	
327.18524169921875	174.23085021972656	7.947628974914551	16.6019287109375	
326.8699035644531	174.69064331054688	7.8184099197387695	15.884282112121582	
326.21258544921875	174.92550659179688	7.83983850479126	15.639825820922852	
325.60687255859375	175.04086303710938	7.860726356506348	15.34404468536377	
325.31298828125	174.86489868164062	7.740572452545166	15.720785140991211	
324.652099609375	174.78526306152344	7.8099846839904785	15.78184700012207	
324.36077880859375	174.75704956054688	7.733254909515381	15.786654472351074	
323.5513000488281	174.8098602294922	7.701184272766113	15.844118118286133	
323.041015625	174.45736694335938	7.906405448913574	16.484291076660156	
322.1029968261719	174.7307891845703	7.924400329589844	15.66114330291748	
321.8733215332031	174.5743865966797	7.930577278137207	15.948539733886719	
320.76605224609375	174.6248321533203	8.42416763305664	15.766461372375488	
320.14959716796875	174.6046600341797	8.243766784667969	15.901354789733887	
319.80792236328125	174.2096405029297	8.059664726257324	16.022342681884766	
319.28155517578125	174.4390411376953	7.929174900054932	15.787912368774414	
318.8133850097656	174.1591033935547	7.7428412437438965	16.069971084594727	
318.3790588378906	174.132568359375	7.742372989654541	16.337955474853516	
317.67138671875	174.32232666015625	7.76776647567749	16.14698028564453	
316.8038024902344	173.84286499023438	8.274253845214844	16.866554260253906	
316.11676025390625	174.14280700683594	8.188933372497559	16.39419937133789	
315.38592529296875	173.9081268310547	8.722830772399902	16.489295959472656	
314.8919982910156	173.54556274414062	8.692571640014648	16.577619552612305	
313.725830078125	173.4134063720703	8.892474174499512	17.168792724609375	
312.46173095703125	173.47073364257812	9.044961929321289	17.34912109375	
312.0741271972656	172.8424072265625	8.899782180786133	18.340015411376953	
311.1971740722656	173.60398864746094	8.703972816467285	17.63804817199707	
311.0052490234375	173.45799255371094	8.793919563293457	17.783939361572266	
310.4972229003906	173.67236328125	8.706658363342285	17.049129486083984	
309.66314697265625	172.77804565429688	8.933184623718262	18.66872787475586	
309.14630126953125	172.70028686523438	8.879005432128906	19.004207611083984	
308.6828918457031	172.40042114257812	8.879232406616211	18.863094329833984	
307.7251281738281	172.2106170654297	8.992008209228516	19.572917938232422	
306.6664733886719	172.6002655029297	9.644546508789062	19.166927337646484	
306.4214782714844	172.4307098388672	9.046197891235352	19.486133575439453	
305.22418212890625	172.27603149414062	9.558977127075195	19.532934188842773	
305.33197021484375	171.90420532226562	8.970624923706055	20.423959732055664	
304.47772216796875	172.7835693359375	8.988855361938477	19.955272674560547	
304.1431579589844	172.38531494140625	8.917577743530273	20.107891082763672	
303.7591552734375	172.66256713867188	8.916173934936523	20.085731506347656	
303.65313720703125	173.5435333251953	10.341888427734375	20.68377685546875	
302.57769775390625	171.89585876464844	10.707502365112305	21.41500473022461	
301.136962890625	172.50697326660156	9.733938217163086	20.093774795532227	
300.1935729980469	171.8194580078125	9.701627731323242	20.499876022338867	
300.112548828125	172.16702270507812	10.522017478942871	21.044034957885742	
298.32958984375	169.81417846679688	9.851232528686523	22.468761444091797	
298.75616455078125	171.21963500976562	11.044474601745605	22.08894920349121	
298.2582092285156	171.89898681640625	11.025307655334473	22.050615310668945	
295.4254150390625	170.34706115722656	10.85123348236084	21.70246696472168	
295.01171875	170.62799072265625	11.336831092834473	22.673662185668945	
293.2395935058594	169.062744140625	11.359643936157227	21.895122528076172	
289.44451904296875	167.7113494873047	10.091376304626465	22.047643661499023	
293.0372009277344	168.7340087890625	8.669931411743164	19.20195960998535	
301.81561279296875	168.7577362060547	9.218518257141113	19.150558471679688	
309.7602233886719	165.6643829345703	11.59404182434082	23.18808364868164	
317.3575744628906	171.55087280273438	7.975807189941406	15.606378555297852	
324.6674499511719	171.08175659179688	7.9411444664001465	15.917280197143555	
330.7886657714844	170.9308319091797	8.215478897094727	16.28681182861328	
337.6242370605469	170.88510131835938	7.98605489730835	16.057666778564453	
342.87396240234375	171.1683349609375	8.052911758422852	15.767784118652344	
348.8509216308594	167.98043823242188	10.453468322753906	20.906936645507812	
353.7831115722656	171.26048278808594	7.585974216461182	15.105802536010742	
358.3348693847656	171.09654235839844	7.359178066253662	15.21856689453125	
363.5577697753906	171.61477661132812	6.984995365142822	14.575227737426758	
367.8522033691406	171.05584716796875	7.121873378753662	14.692103385925293	
371.3143310546875	170.43028259277344	7.231254577636719	15.734051704406738	
375.24285888671875	169.4132843017578	7.6395769119262695	16.371986389160156	
378.0355529785156	169.18409729003906	7.5089006423950195	16.625635147094727	
381.9236145019531	169.58926391601562	7.667919158935547	15.963464736938477	
385.4366760253906	168.24203491210938	8.406092643737793	18.22361946105957	
389.67572021484375	167.9232635498047	7.331289768218994	19.2247314453125	
391.7689514160156	166.4222869873047	8.588674545288086	19.98086929321289	
394.64923095703125	167.70132446289062	7.847718238830566	18.81700897216797	
396.226806640625	168.5302276611328	7.6045989990234375	18.033103942871094	
398.97808837890625	167.69052124023438	9.84834098815918	19.69668197631836	
401.09063720703125	168.90292358398438	8.184148788452148	17.255464553833008	
403.30596923828125	169.0080108642578	7.873287200927734	17.8603572845459	
405.6114807128906	169.15304565429688	8.051641464233398	17.776288986206055	
408.18328857421875	166.56373596191406	10.65699291229248	21.31398582458496	
409.2218322753906	168.72799682617188	8.810479164123535	18.579776763916016	
411.86700439453125	167.67581176757812	10.65286636352539	21.30573272705078	
412.50628662109375	168.5651092529297	9.591070175170898	19.669116973876953	
417.3099670410156	169.5666961669922	10.354777336120605	20.70955467224121	
420.888671875	167.92404174804688	8.352593421936035	19.065563201904297	
423.7059020996094	167.0816650390625	10.429965019226074	20.85993003845215	
422.36016845703125	167.7701873779297	9.424715042114258	19.89082145690918	
422.7049255371094	167.86038208007812	9.178777694702148	19.42000961303711	
422.79443359375	166.43197631835938	9.62891960144043	20.004161834716797	
423.5227966308594	165.49267578125	9.551891326904297	20.386062622070312	
425.51873779296875	163.8442840576172	10.834737777709961	21.669475555419922	
426.6192321777344	164.56271362304688	10.456876754760742	20.913753509521484	
428.23809814453125	165.73892211914062	10.132078170776367	20.264156341552734	
427.7406311035156	171.12026977539062	10.410394668579102	20.820789337158203	
431.5599670410156	167.81329345703125	10.591071128845215	21.18214225769043	
431.9139709472656	169.5830841064453	11.018400192260742	22.036800384521484	
431.5257873535156	173.08538818359375	11.192814826965332	22.385629653930664	
427.52777099609375	174.1045684814453	11.682367324829102	23.364734649658203	
430.15460205078125	175.1554718017578	11.511847496032715	23.02369499206543	
435.5196228027344	171.71592712402344	11.676247596740723	23.352495193481445	
437.89202880859375	167.13421630859375	11.602033615112305	23.20406723022461	
435.600830078125	169.9744873046875	11.758951187133789	23.517902374267578	
431.81427001953125	172.6371307373047	11.771759033203125	23.54351806640625	
432.40338134765625	181.14297485351562	11.503019332885742	23.006038665771484	
432.5025939941406	173.67015075683594	11.848569869995117	23.697139739990234	
429.02777099609375	168.993408203125	11.837869644165039	23.675739288330078	
429.2109375	173.54486083984375	11.745874404907227	23.491748809814453	
430.1900329589844	169.82498168945312	11.550259590148926	23.10051918029785	
429.55242919921875	165.62820434570312	11.535575866699219	23.071151733398438	
424.2982482910156	164.62686157226562	11.377161026000977	22.754322052001953	
424.38104248046875	164.67002868652344	11.608716011047363	23.217432022094727	
424.4388122558594	165.01773071289062	11.283770561218262	22.567541122436523	
423.2412109375	164.3823699951172	11.22514533996582	22.45029067993164	
436.68426513671875	166.67938232421875	11.073567390441895	22.14713478088379	
428.7296447753906	168.95655822753906	10.853293418884277	21.706586837768555	
432.7783203125	173.23501586914062	10.834884643554688	21.669769287109375	
436.3350524902344	167.5419921875	10.978238105773926	21.95647621154785	
434.350830078125	170.12130737304688	10.8214750289917	21.6429500579834	
425.1266174316406	164.8500518798828	10.581751823425293	21.163503646850586	
424.6966247558594	165.18838500976562	10.472150802612305	20.94430160522461	
423.879638671875	166.0395050048828	10.457290649414062	20.914581298828125	
424.5557556152344	164.89083862304688	10.544410705566406	21.088821411132812	
423.54736328125	165.89059448242188	10.722236633300781	21.444473266601562	
424.79052734375	167.33309936523438	8.060134887695312	19.942344665527344	
425.00482177734375	167.44863891601562	7.916665554046631	20.149667739868164	
423.3560485839844	165.7357940673828	10.814875602722168	21.629751205444336	
424.36175537109375	167.75405883789062	7.989060878753662	19.705080032348633	
424.66522216796875	167.5918731689453	8.001065254211426	19.642980575561523	
424.983154296875	167.54132080078125	7.813195705413818	20.053632736206055	
424.99749755859375	167.85113525390625	7.765677452087402	19.88968849182129	
