3.0	171.0	18.0	13.0	
3.406062364578247	170.55145263671875	18.151994705200195	13.056501388549805	
4.181510925292969	170.85275268554688	17.493419647216797	12.466018676757812	
4.881721019744873	171.14730834960938	16.950937271118164	11.938309669494629	
5.136257648468018	171.5679473876953	16.882244110107422	11.586542129516602	
5.460507392883301	171.67181396484375	16.805376052856445	11.226642608642578	
5.256213665008545	171.33340454101562	17.36916732788086	11.683246612548828	
5.2242608070373535	171.26449584960938	18.20638656616211	12.117891311645508	
5.549166202545166	171.45254516601562	17.815433502197266	11.882186889648438	
6.621241092681885	171.67990112304688	17.044734954833984	11.47053050994873	
6.408186435699463	171.29736328125	17.86843490600586	11.983628273010254	
7.178836822509766	171.67881774902344	17.285930633544922	11.682044982910156	
7.9573774337768555	171.89833068847656	17.372411727905273	11.534914016723633	
7.254927635192871	171.244384765625	18.910554885864258	12.612228393554688	
8.623568534851074	171.74105834960938	17.570783615112305	11.894729614257812	
9.04919147491455	171.48776245117188	17.64302635192871	12.081368446350098	
9.115490913391113	171.3562774658203	17.5954647064209	12.186208724975586	
9.937684059143066	171.44677734375	17.026424407958984	12.013763427734375	
10.148114204406738	171.5363006591797	17.654369354248047	12.059456825256348	
10.833130836486816	171.5753173828125	17.538883209228516	12.042247772216797	
11.753938674926758	171.77801513671875	17.365947723388672	11.908690452575684	
11.993946075439453	171.46701049804688	17.62616729736328	12.381394386291504	
12.659846305847168	171.5409393310547	17.420955657958984	12.094950675964355	
13.206454277038574	171.52041625976562	17.818944931030273	12.274370193481445	
13.383012771606445	171.36514282226562	17.955900192260742	12.225791931152344	
14.205902099609375	171.10362243652344	18.271297454833984	12.614424705505371	
15.346464157104492	171.16696166992188	17.674663543701172	12.847320556640625	
15.739428520202637	170.71994018554688	18.290447235107422	13.348146438598633	
16.464805603027344	171.10385131835938	18.574661254882812	13.277860641479492	
16.385997772216797	170.99166870117188	19.462316513061523	13.4537992477417	
17.25674057006836	171.4376678466797	19.453807830810547	13.163583755493164	
17.57731056213379	170.93023681640625	20.046844482421875	13.522631645202637	
17.97500228881836	170.98045349121094	19.952346801757812	13.44800853729248	
18.460308074951172	170.75616455078125	20.120656967163086	13.679985046386719	
19.061481475830078	170.50474548339844	20.69671058654785	14.068219184875488	
20.18729591369629	170.98721313476562	20.47194480895996	13.886453628540039	
20.548858642578125	171.13478088378906	20.407367706298828	13.459188461303711	
21.469058990478516	170.92529296875	20.424545288085938	13.864672660827637	
22.29778289794922	171.1871337890625	20.588830947875977	13.583662033081055	
24.26935386657715	171.4007110595703	19.887571334838867	13.993557929992676	
25.578569412231445	171.674072265625	20.807336807250977	13.839266777038574	
26.292016983032227	171.63424682617188	21.431230545043945	13.700251579284668	
27.13844871520996	171.35772705078125	21.812278747558594	14.19665813446045	
28.125537872314453	171.4677734375	21.42424774169922	13.78730583190918	
29.143321990966797	171.48622131347656	21.12554931640625	13.736684799194336	
30.27705955505371	171.8392333984375	21.042057037353516	13.452548027038574	
31.65994644165039	172.30435180664062	21.106983184814453	13.237394332885742	
32.93152618408203	172.4481658935547	20.831396102905273	12.888885498046875	
32.79182815551758	172.24888610839844	23.68682861328125	14.417343139648438	
34.531593322753906	172.1080322265625	23.49760627746582	14.21327018737793	
36.604736328125	172.1573944091797	22.648967742919922	13.9452486038208	
37.67717361450195	171.9136505126953	23.371349334716797	14.1332426071167	
37.16576385498047	168.07212829589844	26.9938907623291	18.527673721313477	
39.01389694213867	167.64659118652344	26.142169952392578	19.89227867126465	
40.72256851196289	167.91281127929688	25.34330940246582	19.415508270263672	
42.15017318725586	168.20925903320312	26.246318817138672	19.064237594604492	
42.35077667236328	167.98995971679688	28.17813491821289	18.956005096435547	
45.42805099487305	172.254638671875	25.19681167602539	15.564460754394531	
47.079551696777344	170.19581604003906	28.6319580078125	16.590999603271484	
48.91603469848633	170.6128692626953	27.785385131835938	16.696868896484375	
50.25983810424805	172.03163146972656	26.888986587524414	16.289806365966797	
51.933067321777344	172.13909912109375	26.815933227539062	16.017202377319336	
52.406211853027344	171.78033447265625	27.51752281188965	16.260009765625	
54.67924118041992	171.9799346923828	27.547321319580078	16.499534606933594	
56.64459991455078	171.70529174804688	26.977697372436523	16.845788955688477	
58.93718338012695	171.22113037109375	28.457714080810547	18.515398025512695	
60.81877517700195	171.79165649414062	27.848308563232422	17.852781295776367	
64.06449890136719	172.39859008789062	26.62876319885254	16.803001403808594	
65.33965301513672	173.49632263183594	28.0460205078125	16.418636322021484	
67.78643798828125	174.02944946289062	27.60262680053711	15.902853012084961	
69.92223358154297	173.98287963867188	29.136554718017578	16.031543731689453	
71.92139434814453	174.03250122070312	28.641803741455078	16.671213150024414	
74.30562591552734	174.3413543701172	29.761470794677734	16.93123435974121	
77.82906341552734	174.7200469970703	28.912654876708984	16.996963500976562	
80.84782409667969	175.1414031982422	28.241744995117188	15.915308952331543	
82.73784637451172	175.36737060546875	28.926061630249023	16.085651397705078	
85.25537109375	175.5280303955078	30.023656845092773	16.34008026123047	
88.24568176269531	175.5989990234375	30.663543701171875	16.870426177978516	
90.71562194824219	176.1913604736328	29.859325408935547	16.89286231994629	
92.96751403808594	174.87405395507812	33.062843322753906	19.067951202392578	
95.39997100830078	174.2097930908203	34.46166229248047	21.197574615478516	
99.33592224121094	175.3068084716797	33.44861602783203	20.427003860473633	
103.21810150146484	176.57614135742188	33.16741180419922	19.773115158081055	
107.24153900146484	176.26278686523438	36.360450744628906	20.426538467407227	
112.14945983886719	176.53768920898438	35.62147521972656	20.216474533081055	
115.9261703491211	176.84173583984375	35.288368225097656	19.949447631835938	
120.0484390258789	177.14047241210938	34.61019515991211	19.519344329833984	
124.2249526977539	175.2957305908203	37.028709411621094	21.321985244750977	
128.79006958007812	177.156982421875	35.44826126098633	19.7164249420166	
133.02525329589844	178.22608947753906	35.02500534057617	19.41783905029297	
138.51356506347656	179.06549072265625	35.322792053222656	19.654850006103516	
144.1792755126953	179.09432983398438	36.19969177246094	20.56363296508789	
149.31521606445312	178.19851684570312	37.24654769897461	21.120147705078125	
154.5748748779297	178.39068603515625	38.08063507080078	21.920207977294922	
160.60865783691406	179.16598510742188	40.83390426635742	22.21480369567871	
166.99354553222656	179.21246337890625	41.3956413269043	23.43532371520996	
173.87310791015625	179.21188354492188	42.66947937011719	23.693157196044922	
181.06385803222656	180.058837890625	42.654998779296875	23.74330711364746	
190.2025909423828	180.20050048828125	44.27977752685547	23.960466384887695	
198.53875732421875	180.98873901367188	47.15810775756836	23.846067428588867	
205.10989379882812	181.02796936035156	45.076087951660156	25.682819366455078	
216.75634765625	181.42092895507812	49.08647155761719	25.190549850463867	
228.3725128173828	182.16732788085938	49.60770034790039	24.603769302368164	
236.0852813720703	182.95297241210938	49.317161560058594	27.000713348388672	
249.9918212890625	183.4611053466797	50.921173095703125	27.12981605529785	
262.5414733886719	184.004150390625	52.148223876953125	27.29067611694336	
278.13372802734375	183.46759033203125	51.37916946411133	29.440753936767578	
294.3462829589844	183.9082489013672	52.267913818359375	30.26473045349121	
312.65252685546875	185.79196166992188	53.988853454589844	27.799291610717773	
333.5030822753906	185.91139221191406	55.716407775878906	30.752573013305664	
351.2635803222656	190.34811401367188	52.68198776245117	25.996295928955078	
371.7552795410156	191.14199829101562	52.6258659362793	27.524608612060547	
395.0593566894531	191.88336181640625	55.638702392578125	26.924331665039062	
413.79656982421875	192.20623779296875	58.84498977661133	42.49916076660156	
426.85089111328125	190.70199584960938	57.73352813720703	41.696434020996094	
413.8258361816406	172.3125762939453	58.52630615234375	42.26899337768555	
