347.0	92.0	22.0	9.0	
347.62249755859375	91.86613464355469	19.105571746826172	8.764768600463867	
346.9903259277344	92.16295623779297	19.15983772277832	8.6887788772583	
344.5396423339844	91.67977905273438	21.102710723876953	9.698290824890137	
343.3050842285156	91.8211669921875	22.124597549438477	9.515942573547363	
342.74755859375	91.91851043701172	21.40941047668457	9.529470443725586	
341.08831787109375	91.8538818359375	22.084308624267578	9.671442031860352	
341.0276794433594	91.96357727050781	20.88378143310547	9.618578910827637	
340.0958251953125	92.4442138671875	20.693571090698242	8.688397407531738	
338.760498046875	92.45573425292969	20.845111846923828	8.564390182495117	
337.5220642089844	92.39756774902344	21.60396957397461	8.969919204711914	
335.9879455566406	92.77919006347656	21.588436126708984	8.523538589477539	
335.5985107421875	92.90142822265625	20.615947723388672	8.845863342285156	
335.71600341796875	93.03598022460938	18.60617446899414	8.647613525390625	
333.02130126953125	92.9464111328125	21.42850685119629	9.244089126586914	
331.3559875488281	93.42314147949219	22.942502975463867	9.048687934875488	
331.348876953125	93.88883972167969	21.002817153930664	8.364056587219238	
330.5224609375	94.20606994628906	19.655414581298828	8.33479118347168	
327.93194580078125	94.01788330078125	22.2802791595459	8.75261116027832	
327.23028564453125	93.96229553222656	22.03061294555664	9.446799278259277	
326.7458801269531	94.41951751708984	20.5389461517334	9.318596839904785	
326.0081481933594	95.3187255859375	19.55734634399414	8.176706314086914	
323.8961181640625	95.09611511230469	21.34874153137207	9.224714279174805	
322.4869689941406	95.40840148925781	20.978246688842773	9.011781692504883	
322.467529296875	95.79743957519531	19.079858779907227	9.132750511169434	
319.76153564453125	95.96772766113281	20.79181671142578	8.99678897857666	
318.6922912597656	96.29237365722656	21.040245056152344	8.959807395935059	
317.75982666015625	96.39815521240234	20.108171463012695	8.975971221923828	
316.712890625	96.56559753417969	19.835063934326172	8.808660507202148	
314.1607666015625	96.08467102050781	21.865741729736328	9.164222717285156	
313.42633056640625	95.83900451660156	21.284297943115234	9.673662185668945	
311.56488037109375	95.70545959472656	22.19175148010254	9.509732246398926	
311.5783386230469	95.99337768554688	20.2098331451416	8.858695030212402	
310.9314880371094	96.1251449584961	19.693220138549805	8.618246078491211	
309.5763244628906	95.65464782714844	20.399873733520508	9.262141227722168	
307.75982666015625	95.20713806152344	22.04500389099121	9.554462432861328	
306.255859375	94.72354888916016	22.318862915039062	9.781669616699219	
305.0821838378906	94.4266586303711	22.87467384338379	9.859331130981445	
305.62286376953125	94.58476257324219	20.348020553588867	9.614437103271484	
304.30218505859375	94.60118865966797	20.741825103759766	9.256834983825684	
303.07220458984375	94.28083801269531	20.799787521362305	9.444036483764648	
302.3057861328125	94.98310089111328	21.068965911865234	8.619115829467773	
301.079833984375	93.8971176147461	21.551158905029297	9.670206069946289	
300.00140380859375	93.79627990722656	21.50516128540039	9.667119979858398	
298.75054931640625	94.04893493652344	21.883665084838867	9.523412704467773	
297.79046630859375	94.4393310546875	22.23621368408203	9.081530570983887	
297.13836669921875	94.63928985595703	21.523950576782227	8.928895950317383	
296.15057373046875	94.68040466308594	21.594078063964844	9.035067558288574	
295.0379943847656	94.41532897949219	21.255773544311523	9.27013111114502	
294.8221740722656	94.29331970214844	20.105867385864258	9.498392105102539	
293.9715270996094	94.25038146972656	19.78783416748047	9.548759460449219	
293.5273132324219	95.4299545288086	21.57386589050293	8.825671195983887	
291.80413818359375	94.0633544921875	20.33700180053711	9.907981872558594	
290.08148193359375	93.6963882446289	21.37952995300293	10.461071968078613	
288.787353515625	93.26387786865234	21.94040870666504	10.954484939575195	
288.82318115234375	94.87242889404297	23.193470001220703	9.488236427307129	
286.1602783203125	91.97404479980469	21.35689926147461	11.324798583984375	
287.201416015625	92.68760681152344	20.606956481933594	10.961987495422363	
287.1686096191406	92.48390197753906	20.249759674072266	11.572591781616211	
286.1171569824219	92.3941879272461	22.645015716552734	11.452733993530273	
285.2479553222656	91.51171875	22.642818450927734	11.86172866821289	
286.39129638671875	94.84176635742188	23.279748916625977	9.523530960083008	
288.98760986328125	94.35333251953125	19.37172508239746	9.911657333374023	
289.7190856933594	94.39405059814453	18.735502243041992	9.952226638793945	
288.479248046875	93.34977722167969	19.774303436279297	11.214576721191406	
286.94122314453125	92.9539566040039	21.378198623657227	11.486261367797852	
289.735107421875	93.57685852050781	18.756084442138672	11.253811836242676	
290.54315185546875	94.05744934082031	17.834197998046875	10.655145645141602	
289.2464904785156	93.51541900634766	19.337491989135742	11.188579559326172	
287.3773498535156	95.44224548339844	24.211559295654297	9.904723167419434	
286.2587890625	91.70576477050781	22.68896484375	13.401949882507324	
287.00433349609375	94.41507720947266	25.039215087890625	10.243309020996094	
287.4328308105469	91.86275482177734	22.015933990478516	14.01531982421875	
287.03143310546875	91.48637390136719	22.253416061401367	14.156941413879395	
287.26239013671875	91.46233367919922	22.265111923217773	14.666788101196289	
286.9234313964844	91.2621841430664	22.465381622314453	14.650911331176758	
285.56390380859375	90.21163940429688	24.277868270874023	15.876901626586914	
286.8810729980469	91.91141510009766	22.54389762878418	14.02119255065918	
286.5147399902344	91.43546295166016	22.903589248657227	14.580968856811523	
287.08953857421875	91.97681427001953	22.35988998413086	13.74638843536377	
286.16558837890625	90.76860046386719	23.719207763671875	15.455172538757324	
285.81927490234375	90.81941986083984	23.728252410888672	15.098772048950195	
284.86090087890625	90.12773132324219	24.986164093017578	16.006885528564453	
285.5939636230469	90.99591064453125	24.103824615478516	15.481538772583008	
284.78607177734375	90.0433349609375	25.260101318359375	16.10854721069336	
285.9122619628906	91.10909271240234	23.890745162963867	15.017170906066895	
286.1009826660156	91.31307220458984	23.767501831054688	14.805498123168945	
286.29681396484375	91.1937026977539	23.48188018798828	14.855450630187988	
285.70306396484375	90.85189056396484	23.945619583129883	15.233471870422363	
284.89971923828125	90.27730560302734	24.75136947631836	15.579002380371094	
285.273681640625	90.4349136352539	24.497093200683594	15.631047248840332	
286.2874755859375	91.10514831542969	23.45627212524414	15.06493854522705	
285.5313415527344	90.80250549316406	24.396854400634766	15.35722541809082	
285.34130859375	90.79212188720703	24.68798828125	15.218994140625	
285.02349853515625	90.55340576171875	24.869070053100586	15.306989669799805	
285.6063537597656	90.95465087890625	24.772705078125	15.27845573425293	
285.17999267578125	90.70417785644531	24.635009765625	15.260538101196289	
285.77191162109375	90.95088958740234	24.19273567199707	15.527303695678711	
285.5279235839844	91.04293823242188	24.547300338745117	15.208459854125977	
285.3570251464844	90.40279388427734	24.962759017944336	16.167699813842773	
285.96331787109375	91.17498016357422	23.713985443115234	15.052267074584961	
286.0350036621094	91.44471740722656	24.025529861450195	14.89935302734375	
285.5395812988281	90.40092468261719	24.61903953552246	15.891064643859863	
285.60247802734375	90.94448852539062	24.203880310058594	15.254681587219238	
284.8785400390625	93.11653137207031	32.942955017089844	13.476654052734375	
285.158447265625	90.4122085571289	24.778820037841797	15.939626693725586	
285.4024658203125	90.87617492675781	24.137718200683594	15.42126178741455	
285.6755065917969	91.19001007080078	24.185962677001953	15.08612060546875	
286.3021240234375	90.78182220458984	23.187658309936523	15.000753402709961	
286.2612609863281	90.65364074707031	23.578655242919922	15.186637878417969	
285.2329406738281	90.26103210449219	24.766403198242188	15.817980766296387	
284.8695373535156	90.46556854248047	25.08656120300293	16.113723754882812	
284.2198181152344	90.25694274902344	25.507747650146484	16.31100082397461	
284.80279541015625	90.46458435058594	25.095123291015625	16.079259872436523	
285.0218811035156	90.46819305419922	24.871253967285156	16.183101654052734	
284.23504638671875	90.42574310302734	25.73746109008789	16.25709342956543	
285.1747131347656	90.72813415527344	25.187625885009766	16.468524932861328	
284.98052978515625	91.05110168457031	25.228723526000977	15.491691589355469	
284.9936218261719	90.90840148925781	24.94759750366211	15.92255973815918	
284.7491455078125	90.67262268066406	25.18832015991211	16.337818145751953	
284.98760986328125	90.7406005859375	24.861621856689453	16.691425323486328	
284.9502258300781	89.91804504394531	25.198360443115234	18.05329132080078	
284.87445068359375	89.95710754394531	25.111530303955078	17.64028549194336	
285.2118225097656	90.1138916015625	24.87043571472168	17.76898956298828	
284.8508605957031	90.19996643066406	25.21552848815918	17.387502670288086	
285.020263671875	90.66541290283203	25.520248413085938	17.35825538635254	
285.4037780761719	90.77519226074219	24.4334659576416	16.78470230102539	
284.75714111328125	90.0445556640625	25.568180084228516	17.93001937866211	
284.7440185546875	90.70915222167969	25.496726989746094	16.726335525512695	
285.154052734375	89.9629135131836	25.444847106933594	18.014257431030273	
284.5223693847656	89.85980224609375	26.088964462280273	18.931121826171875	
284.30419921875	90.13468933105469	25.730438232421875	17.871532440185547	
284.3561096191406	90.15571594238281	25.856958389282227	17.542783737182617	
283.75042724609375	90.23185729980469	26.391048431396484	17.420490264892578	
284.43438720703125	90.21913146972656	26.167898178100586	16.754619598388672	
283.86468505859375	89.27183532714844	26.696863174438477	18.198453903198242	
283.61590576171875	89.78590393066406	26.22625732421875	18.674367904663086	
284.6984558105469	89.83467102050781	25.58016586303711	18.44752311706543	
284.2688293457031	90.53849792480469	25.92034912109375	16.739099502563477	
284.48956298828125	90.42619323730469	25.63509178161621	16.965145111083984	
284.81939697265625	90.08314514160156	25.387619018554688	17.832551956176758	
283.8659973144531	90.29053497314453	26.223552703857422	17.204021453857422	
283.546630859375	90.24485778808594	26.55537986755371	17.021377563476562	
284.35504150390625	90.82112884521484	25.51723289489746	16.724592208862305	
284.1180419921875	90.19115447998047	26.134435653686523	17.15903091430664	
283.8179016113281	89.9717788696289	26.404504776000977	17.720531463623047	
284.050048828125	90.2450942993164	26.03463363647461	17.17718505859375	
283.9194641113281	89.92569732666016	26.425586700439453	18.169902801513672	
283.8908996582031	90.44197082519531	26.529586791992188	17.54258918762207	
284.35284423828125	90.06350708007812	25.794906616210938	17.97243881225586	
283.77459716796875	90.51831817626953	26.516204833984375	16.909740447998047	
285.0081481933594	90.4791030883789	25.6527099609375	17.20041275024414	
285.18157958984375	90.48966217041016	24.953210830688477	16.70362663269043	
284.65423583984375	90.5030746459961	24.841535568237305	17.192272186279297	
283.9983825683594	90.21170806884766	26.255237579345703	18.079910278320312	
284.09674072265625	91.57369232177734	25.510929107666016	16.449298858642578	
284.18841552734375	92.02803802490234	25.601043701171875	16.095239639282227	
284.00286865234375	91.26332092285156	25.87990379333496	17.275005340576172	
285.31085205078125	91.45714569091797	24.925548553466797	16.983997344970703	
284.5466003417969	91.65193176269531	25.196609497070312	16.15579605102539	
283.85675048828125	90.526123046875	25.56886863708496	16.811840057373047	
284.57122802734375	90.62400817871094	25.800151824951172	16.568309783935547	
285.05902099609375	91.04369354248047	25.011737823486328	16.47278594970703	
284.5362548828125	91.04551696777344	25.648513793945312	17.028491973876953	
284.4091796875	90.3500747680664	25.451086044311523	17.345691680908203	
284.6618347167969	90.83191680908203	25.19524574279785	16.695470809936523	
284.00103759765625	91.08460998535156	26.76702880859375	16.76851463317871	
283.599609375	90.49315643310547	26.847030639648438	17.259014129638672	
283.86962890625	90.72466278076172	25.20937156677246	17.09438705444336	
283.6699523925781	90.30863952636719	26.652751922607422	17.94300651550293	
284.24444580078125	90.71704864501953	26.843570709228516	17.60886001586914	
284.6069641113281	90.19035339355469	25.309032440185547	17.688762664794922	
284.24749755859375	90.6064682006836	25.755252838134766	17.025920867919922	
283.2840576171875	89.8322982788086	26.45694351196289	18.216333389282227	
283.48065185546875	89.5848617553711	26.86112403869629	19.110912322998047	
284.0149841308594	90.9325942993164	26.413333892822266	17.485122680664062	
283.9913635253906	90.82460021972656	26.30170249938965	17.89907455444336	
283.4761047363281	90.06675720214844	27.096027374267578	18.23554039001465	
283.8839416503906	90.21293640136719	26.94723892211914	18.197063446044922	
283.9414978027344	90.83262634277344	26.530664443969727	17.9810791015625	
282.8346862792969	89.4833984375	27.293487548828125	18.605619430541992	
283.60504150390625	89.70750427246094	26.49072265625	19.06459617614746	
283.96917724609375	89.62507629394531	26.492877960205078	18.624835968017578	
283.9149169921875	89.67928314208984	26.256967544555664	18.55847930908203	
283.9200744628906	90.04653930664062	26.416879653930664	18.144481658935547	
284.06097412109375	90.17559814453125	25.789600372314453	17.855615615844727	
283.98931884765625	89.49393463134766	26.538549423217773	19.164703369140625	
283.8868103027344	89.522705078125	26.533435821533203	18.717863082885742	
283.80859375	89.23970031738281	26.83528709411621	19.03609275817871	
284.04052734375	90.01426696777344	26.305002212524414	17.80948829650879	
284.230224609375	90.0488510131836	25.92181396484375	17.716596603393555	
283.63873291015625	90.72693634033203	26.512426376342773	17.726242065429688	
284.1839294433594	90.78397369384766	26.55257797241211	17.197128295898438	
284.71820068359375	92.28385925292969	26.11654281616211	17.165964126586914	
284.74981689453125	92.30514526367188	25.975360870361328	16.732755661010742	
284.9148254394531	91.57891845703125	25.23726463317871	17.219104766845703	
283.7272033691406	91.29412841796875	25.026731491088867	17.665800094604492	
284.30029296875	91.09140014648438	25.623210906982422	17.445514678955078	
284.65777587890625	91.66600799560547	26.345142364501953	16.727161407470703	
284.68475341796875	91.62537384033203	25.3291072845459	16.575172424316406	
284.6545715332031	90.77396392822266	25.074771881103516	16.761978149414062	
283.9094543457031	90.27049255371094	26.376266479492188	17.229305267333984	
284.41192626953125	90.44284057617188	25.668615341186523	17.259618759155273	
284.9428405761719	90.45240783691406	24.91326332092285	17.217166900634766	
284.05303955078125	90.0239028930664	26.25576400756836	17.973758697509766	
284.5147399902344	90.31205749511719	25.583776473999023	17.641672134399414	
284.9252014160156	90.43367767333984	25.661941528320312	17.170488357543945	
283.91552734375	90.09892272949219	26.454273223876953	17.02999496459961	
283.9820251464844	90.34638977050781	26.188879013061523	16.90408706665039	
284.1642150878906	90.28125	26.1907958984375	16.786449432373047	
283.7048034667969	90.15209197998047	26.540279388427734	16.87240982055664	
284.3005676269531	89.88356018066406	25.823673248291016	17.31265640258789	
284.43560791015625	90.84534454345703	25.40481185913086	15.757983207702637	
285.1849060058594	90.3322525024414	25.111913681030273	17.01211929321289	
284.95062255859375	91.18254852294922	25.01691246032715	15.831178665161133	
285.05426025390625	90.95414733886719	25.1357479095459	16.01478385925293	
284.54583740234375	90.56490325927734	25.319360733032227	16.514328002929688	
284.9337158203125	90.69581604003906	24.975542068481445	16.697900772094727	
284.87646484375	90.6136703491211	25.148815155029297	16.86214828491211	
284.87554931640625	90.80560302734375	24.918773651123047	16.102481842041016	
285.29364013671875	90.86609649658203	24.899219512939453	16.48824691772461	
285.5221252441406	91.3041000366211	24.28864288330078	15.328043937683105	
284.88458251953125	90.4569320678711	25.162090301513672	16.985183715820312	
285.6891174316406	90.639404296875	24.552316665649414	16.867511749267578	
285.55548095703125	90.92390441894531	24.370765686035156	15.957252502441406	
284.9413146972656	90.77999114990234	24.841760635375977	15.977374076843262	
285.35137939453125	90.8592529296875	24.76353645324707	16.306697845458984	
284.66522216796875	90.11860656738281	25.79608154296875	16.950836181640625	
284.4714050292969	90.41899108886719	25.0838680267334	16.012868881225586	
284.1270446777344	89.61473083496094	25.56598472595215	17.357770919799805	
284.7251281738281	90.26744079589844	25.767568588256836	16.849380493164062	
284.24139404296875	89.92755889892578	25.863134384155273	17.051166534423828	
284.46661376953125	90.01184844970703	25.822223663330078	17.61496353149414	
284.65069580078125	90.15809631347656	25.820825576782227	17.103805541992188	
284.246826171875	90.5832290649414	26.004138946533203	16.504098892211914	
284.4200439453125	90.58567810058594	25.640783309936523	16.396345138549805	
284.56573486328125	90.34159088134766	25.47633934020996	16.950977325439453	
284.40887451171875	90.34136962890625	25.804290771484375	16.645488739013672	
284.1961669921875	90.28361511230469	25.65903091430664	16.55867576599121	
284.1831970214844	89.78250885009766	26.39276123046875	17.40035629272461	
283.8165283203125	90.2304458618164	26.502399444580078	16.86343002319336	
284.17926025390625	90.1100082397461	25.901885986328125	17.77813148498535	
284.54034423828125	89.91504669189453	25.683263778686523	17.798542022705078	
284.502197265625	89.98989868164062	25.964752197265625	18.162572860717773	
284.59478759765625	90.39997100830078	25.215892791748047	17.299846649169922	
284.34466552734375	90.47306823730469	25.687458038330078	16.979660034179688	
284.44024658203125	90.72636413574219	25.712642669677734	16.44801139831543	
284.0406494140625	90.52838134765625	25.924245834350586	17.284698486328125	
284.49822998046875	90.55778503417969	25.13650894165039	17.056476593017578	
283.7054748535156	89.5451889038086	26.879459381103516	18.755611419677734	
283.86883544921875	90.02830505371094	26.58797264099121	18.022018432617188	
283.342041015625	89.81621551513672	26.859375	17.601688385009766	
284.5615234375	90.63227844238281	25.2261962890625	16.772220611572266	
284.0233154296875	90.0666275024414	26.321645736694336	17.887086868286133	
283.8546447753906	90.2945556640625	25.879657745361328	16.948877334594727	
283.93414306640625	90.62545013427734	25.76409912109375	16.755855560302734	
283.7752990722656	90.1062240600586	26.393661499023438	17.5289249420166	
283.65167236328125	89.70304870605469	26.286144256591797	17.644813537597656	
284.0800476074219	90.04627990722656	25.846691131591797	17.631357192993164	
283.7591247558594	90.03657531738281	26.580997467041016	18.043598175048828	
283.83563232421875	89.94438171386719	26.05010986328125	17.883724212646484	
283.46630859375	89.90215301513672	27.050731658935547	17.820514678955078	
283.75946044921875	89.76294708251953	26.465503692626953	18.047428131103516	
283.6776123046875	89.72377014160156	26.627277374267578	17.873809814453125	
284.10430908203125	89.5990982055664	25.978321075439453	18.256399154663086	
284.05938720703125	90.0868911743164	26.145084381103516	17.286428451538086	
284.4418640136719	90.36273193359375	25.563791275024414	17.312637329101562	
284.06866455078125	90.07460021972656	26.21108055114746	17.84682846069336	
284.1065979003906	90.39720153808594	25.952173233032227	17.069963455200195	
283.70989990234375	89.9751968383789	26.253009796142578	17.321630477905273	
283.8492126464844	90.40250396728516	26.214862823486328	16.823596954345703	
284.39385986328125	90.34072875976562	25.748849868774414	17.163291931152344	
284.2638244628906	90.07210540771484	26.200366973876953	18.231266021728516	
283.60528564453125	90.17787170410156	26.684412002563477	17.433656692504883	
283.7138366699219	90.39799499511719	26.226612091064453	16.793598175048828	
284.6229553222656	90.6791763305664	25.448749542236328	16.887380599975586	
284.6389465332031	90.79022216796875	25.106891632080078	16.49807357788086	
284.30914306640625	90.24327087402344	26.315319061279297	17.265602111816406	
284.4766845703125	90.61149597167969	25.574981689453125	16.858903884887695	
284.3348693847656	90.52182006835938	25.430255889892578	16.66238021850586	
284.282958984375	90.24999237060547	25.585994720458984	17.16964340209961	
284.7278137207031	90.43891906738281	25.146705627441406	16.982194900512695	
284.3602294921875	90.28902435302734	25.848434448242188	17.216041564941406	
284.99639892578125	90.4178237915039	24.9494571685791	17.09903335571289	
284.92230224609375	90.57200622558594	25.231969833374023	16.706552505493164	
284.9794006347656	91.139404296875	24.66575813293457	15.791097640991211	
284.74542236328125	90.24158477783203	25.577293395996094	16.938323974609375	
284.11541748046875	90.51164245605469	26.012760162353516	16.337995529174805	
284.01873779296875	90.54398345947266	26.21889305114746	16.657581329345703	
284.5567932128906	90.61494445800781	25.08901023864746	16.644712448120117	
283.74517822265625	90.27740478515625	26.063846588134766	16.813148498535156	
284.5640869140625	90.68556213378906	25.640045166015625	16.493759155273438	
285.15093994140625	90.5832290649414	25.13312339782715	16.85274887084961	
284.84393310546875	90.51573181152344	24.71470069885254	16.630197525024414	
284.3753356933594	90.2970962524414	25.612930297851562	16.6273250579834	
284.3832092285156	90.37727355957031	25.69973373413086	16.842620849609375	
284.227783203125	90.15811920166016	25.77529525756836	16.72945213317871	
284.6824035644531	90.1983642578125	25.505123138427734	17.060070037841797	
284.25225830078125	90.55813598632812	25.615503311157227	16.541515350341797	
283.6827392578125	89.78217315673828	26.480655670166016	17.210397720336914	
283.85052490234375	89.69869995117188	26.284805297851562	17.69000816345215	
284.19921875	89.93757629394531	25.77895164489746	17.56679916381836	
284.22906494140625	89.95845031738281	25.90216636657715	17.283987045288086	
284.57684326171875	90.47343444824219	25.421993255615234	16.518831253051758	
284.391357421875	90.55403137207031	25.79343605041504	16.63069725036621	
284.724853515625	90.4823226928711	25.505666732788086	16.771770477294922	
284.482666015625	90.02275848388672	25.68760108947754	17.228479385375977	
284.509521484375	90.19241333007812	25.5867977142334	16.995529174804688	
285.157470703125	90.58577728271484	24.45794677734375	16.72576904296875	
284.58343505859375	90.1151123046875	25.776165008544922	16.940027236938477	
284.71710205078125	90.68046569824219	25.49584197998047	16.55550765991211	
284.48406982421875	90.53805541992188	25.714670181274414	16.654251098632812	
284.25885009765625	90.5003890991211	25.75812339782715	16.722217559814453	
284.44036865234375	90.25279235839844	25.68157386779785	17.13885498046875	
284.29522705078125	90.5416030883789	25.946163177490234	16.579891204833984	
284.71978759765625	90.24226379394531	25.517032623291016	17.067947387695312	
284.08612060546875	90.13162994384766	25.902944564819336	17.239641189575195	
283.42926025390625	89.52391052246094	27.502389907836914	17.91055679321289	
283.3161926269531	89.28372192382812	26.784969329833984	18.6785888671875	
283.41937255859375	88.96497344970703	27.263080596923828	19.48937225341797	
283.68768310546875	89.52000427246094	27.075292587280273	18.512617111206055	
283.853271484375	89.33443450927734	26.913410186767578	18.464567184448242	
284.20458984375	89.64385986328125	26.39614486694336	18.488361358642578	
283.7771911621094	89.52461242675781	26.602710723876953	18.165159225463867	
284.22119140625	90.07981872558594	25.682559967041016	17.78763198852539	
284.46875	90.19752502441406	25.306915283203125	17.510807037353516	
284.76580810546875	90.14354705810547	25.522817611694336	17.57762336730957	
284.09222412109375	90.61189270019531	25.705835342407227	16.58962631225586	
284.4024353027344	90.21900177001953	25.656768798828125	17.15139389038086	
284.4368591308594	90.59580993652344	25.56680679321289	16.669193267822266	
284.4376525878906	90.25773620605469	25.96396255493164	17.47060775756836	
283.7706604003906	89.81184387207031	26.331356048583984	17.562381744384766	
284.182861328125	89.66975402832031	26.281047821044922	18.17782974243164	
284.5428161621094	90.26982116699219	25.985483169555664	17.230798721313477	
284.3041076660156	90.63448333740234	25.5683536529541	16.517343521118164	
284.9776306152344	90.5171890258789	24.982120513916016	16.75692367553711	
284.4157409667969	90.68159484863281	25.644775390625	16.460582733154297	
284.96160888671875	90.58655548095703	25.202877044677734	16.84978485107422	
285.119140625	90.98130798339844	25.364038467407227	15.973077774047852	
284.81060791015625	90.5027847290039	25.589298248291016	16.428977966308594	
284.93695068359375	90.72526550292969	25.33046531677246	16.45895004272461	
284.55828857421875	90.3667221069336	25.35477638244629	16.736591339111328	
284.548828125	90.5726089477539	25.489444732666016	16.304515838623047	
284.2667541503906	90.36466979980469	25.796295166015625	16.292102813720703	
284.7495422363281	90.5855941772461	24.65804100036621	16.30209732055664	
284.2309875488281	90.82383728027344	25.695816040039062	16.14333152770996	
284.5476989746094	90.37004089355469	25.8718204498291	16.806249618530273	
284.4107360839844	90.70326232910156	25.779376983642578	16.01828384399414	
285.05096435546875	90.70564270019531	24.788358688354492	16.29982566833496	
284.658203125	90.55643463134766	25.441675186157227	15.78381633758545	
285.1552734375	91.02596282958984	24.36985969543457	15.537322998046875	
285.45343017578125	91.72489929199219	24.11411476135254	14.939526557922363	
284.89813232421875	90.74063873291016	25.05760955810547	16.387283325195312	
284.8442687988281	90.73058319091797	24.701923370361328	16.13642692565918	
284.19329833984375	90.2582778930664	25.711841583251953	16.71567726135254	
285.04547119140625	90.64237976074219	25.07308006286621	16.575178146362305	
284.68560791015625	90.51679229736328	24.971431732177734	16.302867889404297	
285.02642822265625	90.8840560913086	25.175111770629883	16.026926040649414	
284.9932556152344	90.76898193359375	25.20695686340332	16.209569931030273	
284.75030517578125	90.77375793457031	25.125879287719727	16.378101348876953	
284.85504150390625	90.47348022460938	24.975610733032227	16.39129066467285	
285.4921569824219	90.89886474609375	24.464324951171875	16.309764862060547	
285.0516662597656	91.03252410888672	24.893980026245117	16.026073455810547	
284.76373291015625	90.54374694824219	25.54368019104004	16.839235305786133	
283.77899169921875	90.10630798339844	25.9475154876709	16.791723251342773	
284.2156066894531	89.81523132324219	26.454280853271484	18.07041358947754	
283.751953125	90.00843048095703	26.544109344482422	17.37372398376465	
284.3968200683594	90.07746887207031	25.79342269897461	17.480056762695312	
284.04150390625	90.08164978027344	26.36697006225586	17.62843894958496	
284.1421203613281	90.13799285888672	25.93984031677246	17.557174682617188	
284.1922912597656	90.3422622680664	25.976806640625	17.271656036376953	
284.4583435058594	90.26982116699219	25.397706985473633	17.53355598449707	
284.0468444824219	89.25575256347656	26.793170928955078	18.785425186157227	
284.0541687011719	89.85791015625	26.570165634155273	18.41358184814453	
283.39385986328125	89.98001861572266	26.419321060180664	17.699289321899414	
284.2477722167969	89.95960998535156	26.19330406188965	17.99683380126953	
283.88323974609375	90.03112030029297	26.375228881835938	18.15494155883789	
284.27960205078125	89.83848571777344	25.748332977294922	18.03519630432129	
284.6800537109375	90.58140563964844	25.13947868347168	17.262859344482422	
284.42864990234375	90.06925201416016	25.980640411376953	17.973051071166992	
283.62762451171875	89.3646469116211	26.762643814086914	18.528852462768555	
284.1687316894531	90.28571319580078	25.81976318359375	17.187238693237305	
284.11236572265625	89.96961975097656	25.99310874938965	17.47125244140625	
284.17059326171875	90.18421936035156	26.09905433654785	17.509235382080078	
283.6063537597656	89.72888946533203	26.640722274780273	17.6468448638916	
283.75213623046875	89.5981674194336	26.238088607788086	17.723684310913086	
283.9068908691406	89.73734283447266	26.515274047851562	17.816736221313477	
283.8545837402344	90.0898666381836	26.438602447509766	16.881481170654297	
284.46563720703125	90.092529296875	25.835607528686523	17.389230728149414	
283.78192138671875	89.88890838623047	26.37441635131836	17.323062896728516	
284.64599609375	91.18197631835938	24.96636199951172	15.684550285339355	
285.13946533203125	90.89307403564453	24.791101455688477	16.108928680419922	
284.581298828125	90.84845733642578	25.36032485961914	15.90056324005127	
284.2872619628906	90.32884979248047	25.759063720703125	16.635337829589844	
284.77581787109375	90.65440368652344	24.960569381713867	16.6304931640625	
284.73150634765625	90.668701171875	25.307435989379883	16.441373825073242	
285.1808776855469	91.52243041992188	24.965078353881836	14.967028617858887	
284.7334899902344	90.46626281738281	25.323062896728516	16.564472198486328	
285.01611328125	90.61202239990234	25.081390380859375	16.426311492919922	
284.51458740234375	90.61331176757812	25.569713592529297	16.560571670532227	
284.5435485839844	90.47135162353516	25.691930770874023	16.391191482543945	
284.7908630371094	90.31837463378906	25.075355529785156	16.88933753967285	
285.14727783203125	90.8898696899414	24.859901428222656	16.170547485351562	
285.47332763671875	90.93994903564453	24.263370513916016	16.083118438720703	
285.46258544921875	91.44634246826172	24.40220832824707	15.475919723510742	
284.984619140625	90.83197784423828	24.592063903808594	15.961163520812988	
285.37664794921875	91.1497802734375	24.57210922241211	15.908709526062012	
285.0159606933594	90.63441467285156	25.221803665161133	16.372718811035156	
285.81646728515625	91.46235656738281	24.08922576904297	15.308816909790039	
284.6984558105469	90.46251678466797	25.459564208984375	16.586902618408203	
285.0635681152344	90.79487609863281	25.01236343383789	16.194332122802734	
285.3260192871094	91.20333862304688	24.94232749938965	15.940492630004883	
285.189697265625	90.82880401611328	24.474178314208984	16.38681411743164	
284.56427001953125	90.50115966796875	25.512630462646484	16.513465881347656	
284.9022521972656	90.81572723388672	25.40578269958496	16.078105926513672	
285.3069152832031	91.30680084228516	24.35202980041504	15.261938095092773	
284.55963134765625	90.96977233886719	25.171703338623047	15.592864990234375	
284.97064208984375	90.70364379882812	25.05295181274414	16.162334442138672	
285.17425537109375	90.85719299316406	24.745777130126953	16.058086395263672	
284.71722412109375	90.59429931640625	25.289508819580078	16.264385223388672	
284.4479675292969	90.46662902832031	25.37063217163086	16.359203338623047	
285.4868469238281	91.2298583984375	24.416032791137695	15.6119384765625	
285.5982971191406	91.1481704711914	24.600746154785156	15.7062349319458	
285.53485107421875	91.3685531616211	24.329418182373047	15.186368942260742	
285.61712646484375	91.5340576171875	24.10380744934082	14.782346725463867	
285.8172607421875	91.22576904296875	24.47845458984375	15.508810043334961	
285.63409423828125	91.8004379272461	24.242809295654297	14.477200508117676	
285.518798828125	91.13098907470703	24.815500259399414	15.82493782043457	
285.4020080566406	91.19903564453125	24.755651473999023	15.37347412109375	
285.5232238769531	91.2472152709961	24.388742446899414	15.537297248840332	
285.03045654296875	91.23451232910156	24.802101135253906	15.158772468566895	
285.2841796875	91.58766174316406	24.397464752197266	14.768678665161133	
285.46575927734375	91.1494369506836	24.38640594482422	15.678298950195312	
284.50177001953125	90.81632995605469	25.287845611572266	15.857213020324707	
284.4325866699219	90.62335205078125	25.70815086364746	16.337881088256836	
284.3455505371094	90.36212158203125	25.8095760345459	16.799772262573242	
284.3875427246094	90.69319152832031	25.86886978149414	16.297306060791016	
285.3181457519531	91.23536682128906	25.033700942993164	15.703866958618164	
284.8329772949219	91.4647216796875	25.085147857666016	14.586153984069824	
285.91363525390625	91.53496551513672	23.05063247680664	14.145814895629883	
286.77532958984375	92.2517318725586	22.1834774017334	13.016634941101074	
284.281494140625	90.64935302734375	23.47830581665039	13.721966743469238	
284.465576171875	90.5162582397461	23.998821258544922	14.384454727172852	
284.97637939453125	91.48904418945312	25.02918243408203	14.04504108428955	
285.16571044921875	90.79631042480469	24.409404754638672	15.237068176269531	
284.81890869140625	91.0699691772461	24.204681396484375	14.182866096496582	
283.34930419921875	90.02311706542969	25.232275009155273	14.784686088562012	
283.5798645019531	89.48429107666016	24.908111572265625	15.415838241577148	
284.08612060546875	88.87026977539062	24.053600311279297	15.88440990447998	
283.7436218261719	89.43934631347656	24.353755950927734	14.946571350097656	
