198.0	141.0	46.0	56.0	
196.79489135742188	141.01284790039062	47.701194763183594	55.968414306640625	
201.46633911132812	138.30726623535156	45.846153259277344	55.946937561035156	
212.9571075439453	135.20790100097656	46.99057388305664	57.205909729003906	
223.88986206054688	142.87066650390625	44.468284606933594	54.13529586791992	
233.00637817382812	145.2212371826172	43.19186782836914	52.581398010253906	
236.34219360351562	141.8983612060547	43.913368225097656	53.459747314453125	
240.04037475585938	142.74514770507812	45.918251037597656	55.900474548339844	
236.2969207763672	134.4711151123047	47.879852294921875	66.22576904296875	
233.8635711669922	134.4438934326172	49.573219299316406	60.350013732910156	
228.5424346923828	134.63131713867188	49.011314392089844	64.33659362792969	
225.08511352539062	135.01502990722656	49.770225524902344	64.53412628173828	
224.4680633544922	135.82186889648438	50.438228607177734	63.25727462768555	
225.33779907226562	136.0755615234375	50.28363037109375	63.82441329956055	
226.65585327148438	134.85317993164062	51.14910888671875	65.13579559326172	
229.22067260742188	133.9913787841797	52.16400909423828	65.9319076538086	
231.58590698242188	131.72940063476562	53.28105545043945	67.27255249023438	
235.76553344726562	133.96214294433594	52.25663375854492	66.03031158447266	
238.1146697998047	134.32025146484375	52.77416229248047	66.65410614013672	
240.8981170654297	134.91445922851562	52.260154724121094	65.64659118652344	
241.46182250976562	135.9759063720703	51.61742401123047	65.21470642089844	
242.7885284423828	139.25953674316406	51.5587043762207	64.36603546142578	
240.2012481689453	136.3665008544922	52.61201095581055	67.66422271728516	
243.5897979736328	137.8314971923828	52.0521354675293	66.85905456542969	
245.29708862304688	137.1588897705078	53.38130569458008	68.74136352539062	
246.406494140625	136.3001251220703	54.853965759277344	69.48045349121094	
247.45339965820312	136.45330810546875	53.764984130859375	69.44388580322266	
246.65890502929688	137.24285888671875	51.9967041015625	67.58329772949219	
246.7914276123047	136.54684448242188	54.75806427001953	68.40015411376953	
251.7716064453125	136.29898071289062	56.46425247192383	70.25672149658203	
264.15386962890625	140.62545776367188	55.5616340637207	70.50691223144531	
275.2726745605469	142.64389038085938	57.023292541503906	70.23545837402344	
287.83740234375	145.22520446777344	55.95741653442383	68.19312286376953	
293.7934265136719	148.64675903320312	55.387977600097656	68.84342956542969	
294.74139404296875	148.70030212402344	55.728858947753906	69.34300231933594	
292.12274169921875	148.95272827148438	57.399009704589844	69.41984558105469	
290.20086669921875	148.5362091064453	56.92700958251953	70.79635620117188	
290.61529541015625	152.4647216796875	55.068992614746094	68.43376922607422	
288.52410888671875	152.99913024902344	54.194007873535156	67.19093322753906	
292.24359130859375	152.400146484375	51.319427490234375	62.47584915161133	
292.3816223144531	159.8138427734375	52.958099365234375	64.48585510253906	
293.82525634765625	157.12709045410156	55.901947021484375	68.01704406738281	
301.4925537109375	157.8599090576172	56.51172637939453	68.8896484375	
309.7944030761719	161.0164337158203	54.24497604370117	67.00748443603516	
314.5818176269531	161.0364532470703	55.6061897277832	69.85601806640625	
316.1647644042969	160.2030792236328	56.08570098876953	71.88999938964844	
321.667724609375	165.7082977294922	55.26959991455078	69.64421081542969	
323.015625	166.44821166992188	56.40269088745117	69.90864562988281	
323.8503112792969	167.4041290283203	57.51740264892578	73.36233520507812	
326.2591857910156	169.3026580810547	57.603416442871094	72.48224639892578	
326.39312744140625	169.09182739257812	58.00449752807617	73.8303451538086	
325.14483642578125	168.92459106445312	59.23518753051758	75.01319885253906	
325.2032165527344	170.79031372070312	58.069236755371094	75.34097290039062	
325.0067443847656	171.19873046875	58.546539306640625	75.7330322265625	
323.548095703125	171.40042114257812	59.24943161010742	76.85269927978516	
322.79302978515625	173.80555725097656	58.4747428894043	76.6060562133789	
319.1733093261719	171.7255859375	58.8636589050293	77.84991455078125	
318.2957458496094	173.03512573242188	58.548065185546875	77.07069396972656	
315.89349365234375	173.38204956054688	58.291526794433594	77.91265106201172	
315.12078857421875	175.06317138671875	58.7220344543457	77.00846862792969	
312.7373352050781	174.11392211914062	58.78472900390625	79.02691650390625	
309.80902099609375	174.48214721679688	56.8479118347168	77.16788482666016	
309.7347412109375	178.24684143066406	56.13612747192383	75.15132141113281	
307.11724853515625	178.6598358154297	56.455711364746094	76.07308197021484	
306.2743835449219	179.7775421142578	56.5404167175293	75.07054138183594	
303.5532531738281	178.2975311279297	56.71467971801758	75.54893493652344	
301.81219482421875	180.6484832763672	54.48676681518555	73.29978942871094	
298.0816345214844	180.86434936523438	54.929168701171875	72.66575622558594	
294.5440368652344	179.3082733154297	53.631324768066406	71.62307739257812	
291.22674560546875	179.95852661132812	53.387718200683594	70.62361907958984	
287.7123107910156	178.9683837890625	52.66950607299805	70.36061096191406	
284.950439453125	180.66567993164062	51.86591339111328	70.00141906738281	
280.9480895996094	179.41769409179688	52.15510177612305	69.67726135253906	
278.76123046875	180.49887084960938	53.085960388183594	69.20272827148438	
276.0629577636719	181.8176727294922	52.5666618347168	68.42327880859375	
270.65234375	179.5251007080078	51.94268798828125	69.42158508300781	
266.2226257324219	179.58096313476562	51.393760681152344	69.68977355957031	
264.4158935546875	179.52194213867188	49.629493713378906	67.30926513671875	
259.8609924316406	177.40444946289062	49.14591979980469	67.10693359375	
256.4208068847656	176.4241943359375	48.615699768066406	65.87994384765625	
252.64871215820312	176.90048217773438	48.107337951660156	64.3917236328125	
248.1236572265625	175.8807830810547	47.157249450683594	63.061134338378906	
243.8326416015625	172.91226196289062	46.46494674682617	61.669105529785156	
238.7241973876953	172.5471649169922	46.91371536254883	62.35382080078125	
235.47531127929688	168.82803344726562	45.992027282714844	60.911155700683594	
232.34707641601562	167.25155639648438	45.64867401123047	61.659934997558594	
230.5799560546875	167.6156005859375	44.49803924560547	60.50175094604492	
224.2434539794922	162.57156372070312	46.02552032470703	61.74592971801758	
223.9887237548828	168.9712677001953	43.70539093017578	57.529197692871094	
217.32723999023438	160.8975372314453	44.79499053955078	59.931907653808594	
213.47830200195312	158.97171020507812	45.37323760986328	61.28156280517578	
210.98178100585938	157.8187713623047	45.95116424560547	61.87092971801758	
208.18917846679688	156.4647979736328	46.25901794433594	61.67308807373047	
206.2120361328125	155.35879516601562	46.10893630981445	61.57714080810547	
204.99264526367188	155.6866455078125	45.442474365234375	60.66740036010742	
203.6128387451172	156.0265655517578	45.0180549621582	59.947723388671875	
201.04132080078125	154.23719787597656	45.048240661621094	60.7000732421875	
200.0927734375	154.0244903564453	44.692108154296875	60.17280960083008	
198.7442626953125	152.98516845703125	44.20922088623047	59.7031364440918	
196.93112182617188	150.6214599609375	44.80034255981445	60.7371711730957	
194.2528076171875	150.06265258789062	45.95296096801758	60.41111373901367	
190.4800567626953	149.8660125732422	45.59163284301758	59.3629035949707	
189.1232147216797	149.87655639648438	45.23949432373047	59.3360710144043	
188.2220001220703	148.53440856933594	45.39990997314453	59.94044876098633	
189.04046630859375	147.23416137695312	45.3484992980957	60.49480056762695	
191.408447265625	145.8743896484375	46.07696533203125	61.30864334106445	
195.98019409179688	147.13084411621094	44.18073654174805	59.62109375	
198.73651123046875	146.7576446533203	43.48456954956055	60.0750617980957	
202.07272338867188	147.83827209472656	42.988792419433594	59.71624755859375	
205.12060546875	147.55557250976562	42.84861373901367	59.861412048339844	
206.88516235351562	145.74188232421875	44.42951583862305	61.42951583862305	
208.94580078125	145.22409057617188	45.09009552001953	61.9224853515625	
211.75009155273438	142.74029541015625	45.285274505615234	62.57080078125	
214.5328826904297	142.07553100585938	46.726173400878906	63.62012481689453	
218.7987518310547	140.780029296875	46.4456901550293	64.357666015625	
225.32431030273438	140.92234802246094	48.211055755615234	64.68390655517578	
230.9776611328125	139.44964599609375	49.79488754272461	64.35838317871094	
233.9933319091797	137.13021850585938	50.80384063720703	67.46810913085938	
236.855712890625	138.6757354736328	51.76115798950195	67.20901489257812	
238.932373046875	136.96975708007812	51.232872009277344	67.28822326660156	
241.12576293945312	136.4830780029297	51.95953369140625	67.71859741210938	
244.5858917236328	136.26254272460938	52.865264892578125	68.26299285888672	
247.51638793945312	137.28749084472656	53.19538116455078	67.708740234375	
249.2730255126953	136.56199645996094	52.384918212890625	68.11055755615234	
248.9971466064453	136.68360900878906	53.60600662231445	69.38511657714844	
251.97036743164062	136.24317932128906	53.376121520996094	67.94221496582031	
250.52230834960938	133.78558349609375	56.54951858520508	71.3260498046875	
253.4442901611328	135.09938049316406	56.1575927734375	70.13822937011719	
255.287353515625	138.47900390625	55.206825256347656	68.52537536621094	
257.13323974609375	139.2926788330078	55.15507888793945	67.75155639648438	
257.27813720703125	137.63482666015625	56.00004959106445	68.87255859375	
260.22674560546875	140.53921508789062	55.653175354003906	67.78234100341797	
260.1107482910156	138.0664825439453	56.91899490356445	71.1041259765625	
259.9530334472656	136.00784301757812	57.96317672729492	72.64696502685547	
258.96783447265625	134.25100708007812	59.563194274902344	74.77584075927734	
259.8470458984375	135.3893585205078	59.32166290283203	74.43059539794922	
260.7016906738281	135.0050811767578	58.116981506347656	74.75044250488281	
261.409912109375	135.44418334960938	57.350440979003906	73.49398040771484	
262.32183837890625	136.37258911132812	56.3714485168457	73.35133361816406	
263.62811279296875	136.2405242919922	55.76263427734375	71.24565887451172	
263.0718688964844	138.00823974609375	55.98594284057617	70.82328033447266	
261.1965026855469	134.58741760253906	57.376853942871094	73.77202606201172	
262.9014587402344	137.0182647705078	56.39390182495117	71.48028564453125	
262.50262451171875	135.4695587158203	56.010948181152344	71.69087982177734	
263.2265625	135.4318389892578	55.7115478515625	71.32030487060547	
262.354248046875	133.8465118408203	56.46434783935547	71.80084991455078	
264.3201599121094	134.36697387695312	55.5885124206543	68.85765075683594	
264.62091064453125	133.17684936523438	55.246437072753906	68.96686553955078	
265.3579406738281	133.4047393798828	53.97926712036133	66.54375457763672	
264.2982177734375	133.10244750976562	54.05302810668945	66.91096496582031	
263.2366638183594	133.6585235595703	54.35088348388672	66.36270904541016	
263.9737243652344	129.9863739013672	53.391807556152344	66.82453918457031	
263.5890197753906	129.79666137695312	52.932777404785156	66.81778717041016	
262.1655578613281	126.05538177490234	54.490631103515625	68.53517150878906	
261.51715087890625	127.00960540771484	53.94742965698242	67.4990234375	
262.07763671875	126.93109130859375	53.62981414794922	66.4561538696289	
262.6831359863281	124.9886474609375	53.01860809326172	66.4261703491211	
261.3399963378906	124.09846496582031	53.1886100769043	66.62419128417969	
260.40380859375	122.09725189208984	53.075965881347656	67.18521881103516	
262.51507568359375	121.63612365722656	51.676795959472656	66.40575408935547	
262.92840576171875	121.1016616821289	51.303382873535156	66.70774841308594	
263.8992919921875	122.68302917480469	50.91160202026367	64.2479248046875	
262.56890869140625	120.19670104980469	51.79296875	66.29393005371094	
261.20489501953125	118.72941589355469	52.0611572265625	66.47657775878906	
260.1084899902344	116.074951171875	51.99570846557617	66.49278259277344	
259.4569091796875	114.3968505859375	52.68799591064453	66.5240707397461	
259.3182067871094	113.16729736328125	53.28424072265625	65.41080474853516	
257.877197265625	109.77360534667969	54.13692092895508	65.80918884277344	
259.2509460449219	108.89750671386719	53.5972785949707	65.28933715820312	
261.78790283203125	110.4341049194336	52.19865036010742	61.279808044433594	
261.16278076171875	107.12959289550781	52.49576950073242	62.16542434692383	
259.526123046875	106.9414291381836	53.719139099121094	63.06769943237305	
257.97186279296875	101.51676177978516	55.029754638671875	66.18026733398438	
256.50823974609375	101.5779800415039	53.9973030090332	66.06551361083984	
256.03326416015625	101.54842376708984	54.05571365356445	65.13636016845703	
255.171142578125	99.52250671386719	53.57568359375	65.8395004272461	
255.3720703125	98.0220718383789	54.0169792175293	65.65226745605469	
253.1193389892578	98.3333511352539	55.62787628173828	65.49710083007812	
251.5198974609375	98.32080078125	55.17101287841797	64.51763916015625	
252.02322387695312	96.63404846191406	54.2659912109375	64.13482666015625	
249.95889282226562	96.51299285888672	53.8044319152832	63.7571907043457	
249.6081085205078	96.24745178222656	53.78947830200195	63.51860427856445	
250.473388671875	94.12096405029297	54.85376739501953	66.12870788574219	
250.71826171875	93.53865814208984	52.8858757019043	64.74505615234375	
251.60720825195312	89.02174377441406	53.6788444519043	66.45722961425781	
250.5319366455078	92.4946060180664	52.39561080932617	63.52098846435547	
251.4291229248047	91.10270690917969	52.049339294433594	63.51873016357422	
250.2294464111328	89.95905303955078	52.008758544921875	63.001373291015625	
251.513427734375	92.00479888916016	49.466949462890625	60.220703125	
249.593994140625	88.46382141113281	52.463294982910156	62.090553283691406	
248.2982940673828	86.92012786865234	53.24772262573242	62.3150634765625	
249.22994995117188	86.0049057006836	50.934669494628906	60.98189163208008	
248.21780395507812	86.94105529785156	51.318580627441406	59.95214080810547	
248.91317749023438	86.28559875488281	50.69303512573242	58.48206329345703	
247.85726928710938	83.31217956542969	52.072105407714844	59.81888961791992	
247.80020141601562	84.14029693603516	52.19298553466797	59.0574951171875	
246.16610717773438	83.3796615600586	51.1145133972168	57.69130325317383	
245.98428344726562	83.78484344482422	49.94078826904297	56.58490753173828	
245.088623046875	83.2397689819336	49.79442596435547	55.4693717956543	
245.46890258789062	85.9599609375	47.97422409057617	52.68342971801758	
242.1389923095703	84.30245208740234	47.20558166503906	53.883941650390625	
242.73886108398438	83.57548522949219	48.532325744628906	53.03734588623047	
241.66146850585938	85.91300964355469	46.84843826293945	50.4212760925293	
240.19332885742188	83.96662902832031	47.88549041748047	51.682777404785156	
237.5907745361328	81.9564437866211	47.91678237915039	51.9545783996582	
235.9984893798828	78.90474700927734	48.015254974365234	53.8829231262207	
237.1597442626953	78.85670471191406	46.90700912475586	53.106590270996094	
237.6728973388672	77.70930480957031	47.123435974121094	54.071563720703125	
242.1097869873047	80.35025024414062	46.8245849609375	51.975738525390625	
242.1392059326172	79.99241638183594	47.853580474853516	53.21612548828125	
238.01107788085938	76.4289321899414	47.36745834350586	55.193267822265625	
236.98733520507812	75.97782897949219	43.723262786865234	54.85249710083008	
238.405517578125	76.32072448730469	41.89537811279297	53.785255432128906	
239.0604248046875	76.8138198852539	42.97117614746094	53.7619743347168	
239.36325073242188	76.42999267578125	41.7793083190918	53.134864807128906	
240.8563232421875	78.42744445800781	40.5833740234375	51.346290588378906	
241.01602172851562	78.9993896484375	39.592952728271484	51.06636047363281	
242.5540313720703	78.00492095947266	38.941375732421875	50.571815490722656	
246.7147216796875	80.29765319824219	39.98563766479492	48.583152770996094	
251.0610809326172	81.6178207397461	40.49097442626953	47.47978591918945	
254.06216430664062	80.54833984375	37.29877853393555	45.40725326538086	
254.49319458007812	82.3801498413086	39.15419387817383	44.18574905395508	
254.4031219482422	82.3088607788086	37.485687255859375	42.2707633972168	
255.2297821044922	80.83767700195312	38.796875	43.1253547668457	
255.5375213623047	80.50235748291016	37.98571014404297	42.77942657470703	
256.5832214355469	79.66990661621094	37.71119689941406	41.60753631591797	
256.05902099609375	77.72421264648438	37.44802474975586	43.18574523925781	
258.4495849609375	79.33143615722656	37.959068298339844	41.057064056396484	
259.3915710449219	78.45198059082031	37.3029670715332	41.02135467529297	
260.42529296875	77.48295593261719	37.10045623779297	40.911109924316406	
260.11468505859375	76.56420135498047	37.72650909423828	42.681610107421875	
260.6598205566406	77.23158264160156	38.39826965332031	42.82685089111328	
261.0743103027344	75.89468383789062	39.632225036621094	43.36880111694336	
262.0894470214844	76.71011352539062	38.63365173339844	43.643184661865234	
262.9881896972656	77.61688232421875	39.871376037597656	42.92535400390625	
264.1428527832031	78.2996597290039	40.127296447753906	42.612030029296875	
265.4454650878906	80.359619140625	39.574119567871094	41.66254425048828	
265.8936462402344	81.01361083984375	39.092430114746094	42.36192321777344	
266.0204162597656	82.13262176513672	39.610511779785156	43.49187469482422	
267.42620849609375	82.55879974365234	41.014076232910156	44.08914566040039	
268.63470458984375	83.36956787109375	41.998680114746094	44.12882614135742	
269.3975524902344	84.37328338623047	41.828346252441406	45.24481201171875	
269.59423828125	83.8542251586914	42.45646667480469	46.829429626464844	
271.40948486328125	85.39737701416016	43.13724899291992	44.84239959716797	
271.1205139160156	82.63447570800781	44.38051223754883	46.916107177734375	
271.09893798828125	81.2471923828125	44.36211395263672	47.77894973754883	
271.0346984863281	78.94598388671875	43.77340316772461	48.22897720336914	
272.0595703125	80.13557434082031	42.77873992919922	46.4117546081543	
272.8023986816406	82.31139373779297	41.657501220703125	44.503143310546875	
274.2178649902344	84.759521484375	41.254920959472656	43.74340057373047	
276.73480224609375	88.09970092773438	40.372066497802734	42.44466018676758	
279.8934326171875	89.4923095703125	40.50642395019531	42.06267166137695	
280.71197509765625	89.10193634033203	40.659149169921875	43.22580337524414	
281.4457092285156	88.77192687988281	41.121803283691406	44.27670669555664	
283.0101623535156	89.84294128417969	42.55025863647461	44.50486373901367	
285.1539001464844	89.48677062988281	43.51653289794922	46.909915924072266	
284.822509765625	91.1885757446289	42.86870574951172	47.3638801574707	
285.991455078125	92.37569427490234	43.46652603149414	48.61924362182617	
286.90985107421875	92.94970703125	43.713809967041016	50.58021926879883	
286.4964294433594	92.70905303955078	45.11442565917969	51.3564338684082	
285.03680419921875	89.17813110351562	47.56394958496094	56.346099853515625	
284.32159423828125	88.59523010253906	48.88785934448242	58.668304443359375	
286.2412109375	85.49251556396484	52.489776611328125	64.35816192626953	
285.101806640625	90.44819641113281	54.7877082824707	63.94213104248047	
283.5164794921875	85.78741455078125	56.75154495239258	69.82929992675781	
282.29339599609375	87.07521057128906	60.8673095703125	71.33377838134766	
278.5772705078125	88.84127807617188	62.89350128173828	73.20279693603516	
275.79302978515625	89.70023345947266	62.14316940307617	72.87230682373047	
276.2201843261719	93.15534973144531	60.87847137451172	72.50962829589844	
274.5126953125	93.51204681396484	63.68866729736328	73.55708312988281	
275.3327941894531	94.82842254638672	64.89832305908203	75.7824478149414	
275.827880859375	96.0943603515625	64.31541442871094	75.7946548461914	
273.0689697265625	95.5072021484375	65.70272064208984	76.54411315917969	
273.60845947265625	97.20332336425781	62.92803192138672	73.93656921386719	
273.96429443359375	97.06290435791016	63.853126525878906	76.14097595214844	
274.9149475097656	101.35941314697266	62.398948669433594	75.37504577636719	
273.7079772949219	98.98918151855469	62.693115234375	77.11412048339844	
274.376220703125	100.19332122802734	63.772560119628906	79.98335266113281	
273.75897216796875	101.66239166259766	63.3244514465332	78.58533477783203	
273.21685791015625	100.19828033447266	63.391868591308594	80.75807189941406	
272.9244689941406	104.35677337646484	63.71775436401367	80.00605773925781	
272.2142639160156	102.6402359008789	61.94312286376953	79.40138244628906	
272.0072326660156	106.89078521728516	62.23917770385742	79.18392181396484	
273.3853759765625	110.52113342285156	61.461143493652344	77.94207763671875	
271.63055419921875	109.41705322265625	61.63414764404297	79.41683197021484	
268.47821044921875	109.41622161865234	63.5130729675293	80.38035583496094	
269.8282165527344	112.50419616699219	62.33709716796875	79.12645721435547	
269.1545715332031	113.80195617675781	62.11644744873047	77.46623992919922	
268.606201171875	115.51249694824219	62.66352462768555	79.39588928222656	
267.85247802734375	117.36643981933594	61.81901931762695	77.96355438232422	
266.6286315917969	117.15450286865234	59.813743591308594	76.0665283203125	
265.5869445800781	120.60758209228516	60.59675216674805	76.2164306640625	
265.5521240234375	121.2112045288086	58.8776741027832	76.37352752685547	
266.06024169921875	123.736572265625	58.40924072265625	75.66996765136719	
266.4130859375	124.5209732055664	58.33699417114258	76.89591217041016	
265.55224609375	125.82427978515625	58.088340759277344	76.06048583984375	
264.1680908203125	125.89505767822266	59.59953689575195	78.16326904296875	
262.19952392578125	121.1522216796875	59.67283248901367	79.22801971435547	
261.7810974121094	122.2904052734375	59.78773880004883	80.73243713378906	
261.2095031738281	122.4710693359375	58.998504638671875	79.15177154541016	
260.7279968261719	122.63316345214844	59.24993896484375	79.76885986328125	
260.7851257324219	125.34474182128906	58.60737991333008	77.45338439941406	
259.9791564941406	124.25337219238281	57.040382385253906	76.29938507080078	
259.01226806640625	124.2491455078125	56.88563919067383	75.81263732910156	
259.1891174316406	125.45123291015625	57.91887664794922	76.86785888671875	
260.8180236816406	127.329345703125	56.769691467285156	74.9375	
262.4788513183594	130.16635131835938	55.843299865722656	73.48136901855469	
262.16131591796875	131.74842834472656	56.217506408691406	74.5044937133789	
261.7216796875	131.83627319335938	55.470245361328125	75.27385711669922	
260.6085510253906	135.09780883789062	54.83827590942383	69.47361755371094	
257.51165771484375	133.2608642578125	55.87931442260742	69.53511047363281	
260.9530944824219	133.9373016357422	54.438697814941406	69.30142974853516	
261.6981201171875	134.7729949951172	55.175270080566406	70.01387786865234	
260.52996826171875	133.30722045898438	56.3770866394043	71.15068054199219	
263.132568359375	133.78604125976562	55.87751388549805	72.04579162597656	
264.5755920410156	132.2111053466797	55.64386749267578	72.81584167480469	
269.59527587890625	135.05966186523438	55.68907928466797	73.50592803955078	
273.23773193359375	137.67843627929688	57.1972770690918	75.59205627441406	
278.0454406738281	143.24252319335938	58.819580078125	75.38018035888672	
276.10260009765625	141.5635528564453	58.89698028564453	76.60211181640625	
274.64056396484375	140.98275756835938	58.057655334472656	77.235107421875	
273.832763671875	143.70896911621094	56.660865783691406	75.19625091552734	
272.03948974609375	142.62835693359375	55.8345832824707	73.56251525878906	
270.53790283203125	146.47596740722656	55.3629264831543	72.97388458251953	
271.1168212890625	146.8618927001953	54.8250732421875	71.10551452636719	
267.15069580078125	143.1477813720703	53.69537353515625	71.7354965209961	
267.317626953125	146.14852905273438	54.366111755371094	71.47438049316406	
265.87579345703125	146.6374969482422	54.7845458984375	71.98591613769531	
265.9080505371094	148.38621520996094	54.83000946044922	71.23591613769531	
265.436767578125	147.05868530273438	54.63957977294922	71.04843139648438	
265.4900817871094	144.73275756835938	53.631797790527344	70.9907455444336	
263.84234619140625	144.2078399658203	54.09252166748047	70.88043975830078	
262.2687683105469	141.41439819335938	53.782371520996094	72.30000305175781	
264.6531677246094	144.0990447998047	53.75116729736328	71.81185150146484	
266.68841552734375	148.2101287841797	53.10895919799805	70.25548553466797	
265.94720458984375	147.06922912597656	53.9044303894043	71.09920501708984	
265.5409851074219	145.6942901611328	53.10676193237305	69.70653533935547	
266.51068115234375	146.32281494140625	53.292938232421875	70.22077941894531	
268.0380554199219	148.3944091796875	52.906822204589844	68.07148742675781	
267.60577392578125	144.2464599609375	52.31598663330078	69.80330657958984	
270.0794982910156	147.10264587402344	53.275978088378906	69.00057220458984	
271.82012939453125	145.94570922851562	53.49474334716797	70.53536987304688	
273.37603759765625	148.40347290039062	53.99029541015625	70.41458129882812	
273.5461730957031	145.9528045654297	53.000877380371094	71.23739624023438	
275.6483459472656	147.56201171875	53.75444793701172	69.55839538574219	
276.9331970214844	149.52838134765625	52.84454345703125	67.61538696289062	
273.83660888671875	146.0489044189453	53.419395446777344	70.62218475341797	
274.9490661621094	147.61021423339844	53.1519660949707	68.79231262207031	
274.0743713378906	145.07113647460938	54.521446228027344	70.73515319824219	
273.8723449707031	148.00222778320312	53.817138671875	69.5628662109375	
274.35528564453125	150.4237823486328	53.88610076904297	69.5962905883789	
273.1315612792969	151.29275512695312	53.6806755065918	70.45198059082031	
271.3521728515625	154.89871215820312	54.393898010253906	68.96321105957031	
267.52197265625	153.12539672851562	55.30693817138672	70.81695556640625	
266.6958923339844	151.79058837890625	56.1170768737793	71.40547180175781	
264.5049743652344	145.697998046875	55.552085876464844	72.79615783691406	
262.8706970214844	143.4488067626953	55.422462463378906	73.67581939697266	
258.5066833496094	140.3563232421875	56.1132698059082	72.85221862792969	
259.42041015625	138.89813232421875	54.1085090637207	71.13432312011719	
259.1565856933594	137.15731811523438	56.16552734375	72.47026062011719	
263.96197509765625	139.41726684570312	54.143714904785156	70.46888732910156	
267.00537109375	138.65158081054688	52.93330001831055	70.37649536132812	
268.0124816894531	139.1603546142578	53.483558654785156	70.18827819824219	
264.30535888671875	135.10342407226562	55.713897705078125	73.80260467529297	
263.9056091308594	137.3777618408203	54.689910888671875	71.10517120361328	
263.46868896484375	137.141845703125	55.079612731933594	72.4081802368164	
262.1593322753906	135.32691955566406	54.5464973449707	71.30644989013672	
265.9541320800781	139.0763702392578	52.13080978393555	69.87271118164062	
265.2321472167969	139.56967163085938	53.19782638549805	70.6747817993164	
263.1601867675781	138.22274780273438	53.805931091308594	71.85905456542969	
264.26470947265625	141.0084991455078	52.32814407348633	70.1829833984375	
261.3216247558594	137.0885467529297	53.43925857543945	71.77564239501953	
258.2762756347656	137.07272338867188	55.382476806640625	70.90372467041016	
260.78021240234375	138.14593505859375	53.348182678222656	68.31234741210938	
263.25335693359375	139.9770050048828	52.439430236816406	67.79191589355469	
268.32672119140625	142.30099487304688	52.05482864379883	68.1219482421875	
268.5987243652344	141.8334503173828	54.593849182128906	71.03602600097656	
269.4827575683594	143.3506622314453	55.86492919921875	72.90166473388672	
270.3927307128906	143.99386596679688	56.15202713012695	72.90324401855469	
271.7070007324219	147.11361694335938	55.77936553955078	72.09638977050781	
269.8763122558594	148.8090057373047	57.20064163208008	72.9289321899414	
270.67095947265625	147.97396850585938	54.48299026489258	70.54207611083984	
266.7532043457031	149.01223754882812	54.63496017456055	70.41768646240234	
261.55499267578125	143.69387817382812	53.51948928833008	70.63090515136719	
256.95672607421875	141.74697875976562	52.33290481567383	68.91111755371094	
255.0767059326172	141.52767944335938	51.027732849121094	68.14867401123047	
250.1870880126953	139.99789428710938	51.78325653076172	69.9200210571289	
249.64791870117188	140.7074432373047	50.151466369628906	67.9468002319336	
245.865478515625	140.1064453125	50.83727264404297	68.44132232666016	
242.673583984375	139.44003295898438	50.624977111816406	67.92447662353516	
238.61709594726562	138.0898895263672	50.189552307128906	67.31944274902344	
235.44570922851562	138.60223388671875	50.29615020751953	66.19140625	
233.6792755126953	140.88914489746094	49.01093292236328	63.75749969482422	
231.3738555908203	137.81076049804688	48.168495178222656	64.0760269165039	
230.4582977294922	139.20314025878906	46.20331954956055	61.785545349121094	
226.57235717773438	139.28866577148438	47.581565856933594	61.65279006958008	
224.9379425048828	140.86978149414062	47.800716400146484	60.61332321166992	
223.0273895263672	139.95452880859375	48.208778381347656	61.18553924560547	
221.4442901611328	138.5330352783203	47.54622268676758	60.743736267089844	
221.0392608642578	139.76019287109375	47.434349060058594	59.75745391845703	
220.5881805419922	141.19619750976562	45.75779342651367	59.38698196411133	
217.5350799560547	137.511962890625	46.48027801513672	62.15118408203125	
215.9737091064453	135.791259765625	46.34667205810547	62.47272491455078	
214.7202911376953	135.19253540039062	46.43457794189453	63.40532302856445	
214.2639923095703	135.61367797851562	45.79884338378906	62.014808654785156	
213.9005584716797	135.0674285888672	45.18435287475586	61.1116943359375	
214.0478973388672	136.10568237304688	44.35961151123047	60.10529708862305	
212.2847137451172	135.00701904296875	44.50422286987305	61.43730545043945	
211.2305145263672	136.9270782470703	45.02424621582031	60.430686950683594	
208.9835968017578	132.54421997070312	45.3592643737793	62.06781005859375	
206.1280517578125	132.65432739257812	46.729148864746094	62.31181716918945	
206.45095825195312	132.8950653076172	45.73754119873047	62.03129196166992	
207.59951782226562	135.14553833007812	44.016517639160156	60.22540283203125	
206.16738891601562	137.08865356445312	44.568538665771484	59.45283126831055	
205.3360595703125	136.49331665039062	44.47993087768555	59.474769592285156	
204.67916870117188	134.51895141601562	43.88217544555664	60.16411209106445	
204.17677307128906	133.61363220214844	44.07640838623047	60.31427764892578	
205.450439453125	136.70379638671875	41.848968505859375	56.78632354736328	
205.1981964111328	137.65382385253906	40.906700134277344	55.50287628173828	
204.2330780029297	133.88690185546875	41.29638671875	56.46806716918945	
203.25961303710938	131.5026397705078	41.74346923828125	56.62218475341797	
203.12339782714844	127.3156509399414	42.29996871948242	57.01689529418945	
202.48558044433594	125.20866394042969	42.911964416503906	57.75117874145508	
204.8625030517578	127.04133605957031	40.423011779785156	56.45318603515625	
204.6037139892578	126.19731140136719	40.18220901489258	56.20215606689453	
201.94158935546875	121.3433837890625	42.83688735961914	59.6158332824707	
203.0929718017578	123.9176025390625	42.75212860107422	57.3494987487793	
202.6866912841797	122.9206314086914	44.04673767089844	59.17791748046875	
201.30718994140625	122.00956726074219	43.88809585571289	59.697227478027344	
199.39244079589844	121.8460464477539	46.48298263549805	61.092201232910156	
200.6795654296875	124.14408874511719	44.81709289550781	59.74092483520508	
199.34841918945312	124.46983337402344	45.996543884277344	60.39397430419922	
197.0296173095703	121.9135513305664	46.67132568359375	61.151710510253906	
197.23757934570312	124.5283203125	44.7992057800293	59.08161163330078	
194.9772186279297	124.09538269042969	45.716434478759766	59.8687858581543	
195.63575744628906	124.3205795288086	44.70268630981445	59.92253875732422	
195.88400268554688	124.64151763916016	45.70684051513672	59.60082244873047	
195.33184814453125	121.75422668457031	47.5928955078125	60.941001892089844	
195.61477661132812	118.63734436035156	49.90995407104492	62.38086700439453	
195.2600555419922	116.03865051269531	51.5587158203125	62.988868713378906	
196.390380859375	112.1080093383789	51.7003288269043	64.25933074951172	
199.4397735595703	113.22062683105469	51.40398406982422	62.79951095581055	
198.68356323242188	108.67740631103516	53.75634765625	65.23125457763672	
203.1624755859375	106.79931640625	52.12006378173828	66.75736999511719	
206.3267822265625	105.1683120727539	52.42578125	68.39376068115234	
211.13037109375	109.26668548583984	52.25972366333008	65.93001556396484	
213.56753540039062	110.22993469238281	52.293006896972656	65.67333221435547	
215.8842010498047	110.22254943847656	52.3759880065918	66.78892517089844	
218.9767608642578	115.77955627441406	52.3812141418457	63.7548828125	
216.99609375	109.6177978515625	55.00266647338867	67.76963806152344	
214.291748046875	106.43414306640625	57.43602752685547	69.68831634521484	
213.90548706054688	105.27195739746094	57.972557067871094	69.57921600341797	
213.78573608398438	107.87164306640625	56.633216857910156	66.69577026367188	
215.46316528320312	106.6475601196289	55.77162551879883	66.42292022705078	
217.6725311279297	109.34892272949219	54.69765090942383	64.08992767333984	
224.6835174560547	110.3943099975586	50.95811080932617	64.95828247070312	
228.5255126953125	111.3857192993164	50.60013961791992	67.9150390625	
230.17959594726562	117.63629150390625	49.684410095214844	67.12564086914062	
228.72097778320312	119.3757553100586	50.49928283691406	67.55229187011719	
225.68161010742188	118.47898864746094	52.14690399169922	68.72874450683594	
227.59091186523438	118.02610778808594	50.57086944580078	65.82403564453125	
226.458984375	115.38883972167969	52.44008255004883	66.11878204345703	
224.44900512695312	111.16973876953125	55.14325714111328	66.89262390136719	
226.41201782226562	110.7491226196289	55.46813201904297	65.60061645507812	
229.157958984375	109.51689147949219	54.895751953125	65.10572814941406	
230.63613891601562	110.588134765625	54.87479782104492	61.60858154296875	
231.38851928710938	107.35398864746094	57.4841194152832	62.62915802001953	
232.4655303955078	108.37982177734375	55.9539680480957	65.0488510131836	
233.9193115234375	108.90959167480469	56.46239471435547	67.48561096191406	
235.4138946533203	108.09814453125	57.484336853027344	71.75439453125	
235.73513793945312	110.4117431640625	57.73596954345703	73.19986724853516	
238.1947021484375	113.84181213378906	58.697349548339844	75.42207336425781	
239.5614013671875	119.86165618896484	58.614784240722656	74.81358337402344	
247.0703887939453	124.13216400146484	55.73871612548828	72.2232666015625	
250.8695068359375	124.5704116821289	55.093894958496094	72.28016662597656	
250.2916259765625	123.25056457519531	55.915992736816406	73.00901794433594	
249.34619140625	125.19621276855469	56.99180221557617	73.48259735107422	
249.28622436523438	123.64869689941406	53.73285675048828	70.53520965576172	
241.56674194335938	120.92903900146484	55.859458923339844	71.6585464477539	
236.33865356445312	121.22673034667969	56.420875549316406	67.69197845458984	
231.7805938720703	123.90357971191406	56.55181121826172	65.33210754394531	
229.6278076171875	123.88985443115234	56.37975311279297	64.22787475585938	
232.4413299560547	120.81489562988281	56.67426300048828	66.19657135009766	
236.4685821533203	118.35494232177734	56.57343673706055	69.21827697753906	
246.53414916992188	122.8257827758789	52.92085647583008	68.12861633300781	
249.8042449951172	123.5224838256836	51.96746063232422	69.37815856933594	
248.12692260742188	124.60616302490234	52.89501190185547	68.33845520019531	
245.62158203125	124.330322265625	53.08534622192383	65.7847900390625	
242.756103515625	122.4122085571289	53.32183837890625	65.27088928222656	
239.5703582763672	121.27180480957031	55.25483322143555	67.17698669433594	
240.2522735595703	121.14935302734375	55.63768768310547	69.04973602294922	
239.820556640625	123.05338287353516	55.51451873779297	68.14129638671875	
241.7870635986328	123.743408203125	54.09058380126953	67.01670837402344	
243.006591796875	127.5481948852539	53.787925720214844	66.54338073730469	
246.7123260498047	125.77589416503906	55.671241760253906	70.60020446777344	
247.06277465820312	126.31489562988281	56.36653518676758	72.00349426269531	
247.17343139648438	127.53587341308594	56.505767822265625	72.31048583984375	
248.1339569091797	126.30291748046875	55.549659729003906	71.64881896972656	
246.2600555419922	129.1079559326172	54.55145263671875	69.73762512207031	
243.2579803466797	127.86555480957031	52.55016326904297	67.07432556152344	
244.68856811523438	129.33409118652344	51.63767623901367	65.75587463378906	
243.5701141357422	129.09649658203125	51.929893493652344	64.61922454833984	
243.11373901367188	127.8784408569336	53.83434295654297	66.15475463867188	
244.9961395263672	125.32652282714844	55.2374267578125	69.9735336303711	
246.3448944091797	127.11201477050781	55.71061325073242	71.14559936523438	
244.94692993164062	126.59004211425781	56.056854248046875	73.7393569946289	
244.4535675048828	127.77311706542969	54.2576904296875	71.1289291381836	
242.07620239257812	126.86067199707031	54.954017639160156	70.61334228515625	
241.52151489257812	129.87269592285156	53.18404006958008	68.19151306152344	
237.2524871826172	129.40830993652344	53.67656326293945	67.49283599853516	
236.20394897460938	131.79632568359375	52.61791229248047	67.63206481933594	
230.4359893798828	130.51809692382812	51.94774627685547	65.86613464355469	
224.89352416992188	128.1302490234375	53.35432815551758	65.61491394042969	
221.2720947265625	126.27677154541016	55.627113342285156	66.69572448730469	
222.4384765625	129.0248565673828	55.09794235229492	65.1545181274414	
223.88571166992188	128.26541137695312	56.17292404174805	65.87345123291016	
229.7524871826172	127.55418395996094	55.02600860595703	68.23600769042969	
237.5782470703125	130.5525360107422	54.8239860534668	68.36778259277344	
244.17984008789062	132.37847900390625	55.533958435058594	70.43655395507812	
246.88925170898438	139.55215454101562	56.81647872924805	68.91805267333984	
246.9328155517578	141.98886108398438	56.40793991088867	67.10134887695312	
245.04299926757812	140.0316925048828	54.520240783691406	67.6231918334961	
242.4124755859375	135.0338897705078	54.3123664855957	69.04158020019531	
239.3483428955078	133.67282104492188	51.340179443359375	65.99525451660156	
235.3706817626953	132.6622772216797	48.690345764160156	65.40177154541016	
234.38369750976562	134.5967254638672	47.11696243286133	64.1617431640625	
232.1940155029297	130.65982055664062	47.2659797668457	66.62786102294922	
233.4476318359375	131.25587463378906	48.252342224121094	66.94247436523438	
234.2009735107422	130.354736328125	49.17942428588867	67.31037139892578	
233.77713012695312	129.78610229492188	50.46870803833008	68.22338104248047	
235.14968872070312	131.93057250976562	50.3464469909668	65.78462219238281	
231.5701141357422	129.29818725585938	50.62388229370117	67.89433288574219	
232.3042449951172	130.76904296875	50.678829193115234	66.66590881347656	
233.00759887695312	130.0034637451172	49.19004440307617	66.66509246826172	
232.6236114501953	126.959716796875	49.7091064453125	68.40260314941406	
234.0461883544922	127.86997985839844	49.753013610839844	67.09991455078125	
238.06277465820312	129.61502075195312	48.30732727050781	64.11306762695312	
238.56619262695312	124.6628189086914	47.77587127685547	65.83387756347656	
240.61538696289062	127.23957824707031	46.56284713745117	63.29590606689453	
241.14370727539062	127.04048156738281	46.6440544128418	62.94466018676758	
240.7954864501953	127.15730285644531	46.05243682861328	62.33686065673828	
240.70706176757812	126.0743179321289	45.1495361328125	62.80011749267578	
240.20413208007812	126.6146469116211	45.822120666503906	63.25799560546875	
240.1996612548828	127.18233489990234	44.256439208984375	62.49940872192383	
241.3857421875	128.90841674804688	45.07851028442383	62.06749725341797	
242.59475708007812	132.93099975585938	43.18988037109375	52.5789794921875	
243.3017120361328	128.393310546875	45.43151092529297	61.52128219604492	
244.8282928466797	127.26130676269531	44.8930778503418	60.28437423706055	
245.67715454101562	127.07537841796875	43.73357009887695	59.91064453125	
247.088623046875	128.70193481445312	43.13854217529297	58.69511795043945	
246.40390014648438	128.28392028808594	44.9989013671875	60.778594970703125	
248.4784698486328	130.77554321289062	45.194366455078125	60.24686813354492	
248.2694091796875	130.29904174804688	45.99301528930664	61.851806640625	
249.87362670898438	131.23944091796875	46.61054611206055	63.006874084472656	
254.8790283203125	131.7335662841797	45.818092346191406	62.642555236816406	
258.18829345703125	133.988037109375	46.046897888183594	61.3795166015625	
262.07904052734375	131.868896484375	46.17731857299805	63.62406539916992	
263.4593811035156	134.12269592285156	47.34076690673828	64.24403381347656	
265.29559326171875	130.5838165283203	48.532196044921875	67.61454010009766	
265.0030822753906	129.82107543945312	49.163536071777344	67.363037109375	
264.20062255859375	130.77037048339844	48.13991165161133	65.16484069824219	
261.160400390625	134.7329559326172	47.590728759765625	62.28496551513672	
255.07431030273438	134.5368194580078	48.75422668457031	64.30571746826172	
249.6048126220703	131.4792022705078	48.332420349121094	65.80966186523438	
244.06689453125	134.04806518554688	47.89742660522461	64.01930236816406	
239.2714080810547	135.55926513671875	47.038421630859375	62.85449981689453	
233.29672241210938	134.31710815429688	46.76537322998047	62.953147888183594	
225.2698516845703	132.85116577148438	46.97450637817383	65.23124694824219	
221.1628875732422	133.42864990234375	46.017539978027344	64.79706573486328	
216.52505493164062	133.03770446777344	45.70509719848633	64.11885833740234	
210.6687469482422	132.32757568359375	45.43915557861328	64.55957794189453	
206.56478881835938	138.2220916748047	43.717628479003906	59.709388732910156	
200.5325927734375	133.0262451171875	44.76038360595703	62.17649459838867	
197.70176696777344	133.8853759765625	43.4731330871582	60.06650924682617	
192.73153686523438	130.8614501953125	44.27324676513672	61.412139892578125	
189.54266357421875	131.266845703125	43.563446044921875	60.17706298828125	
185.3035125732422	128.749755859375	44.63376235961914	60.94758224487305	
181.78482055664062	128.3223419189453	44.082359313964844	59.97460174560547	
179.09771728515625	130.33541870117188	42.989933013916016	59.2738037109375	
175.55111694335938	128.5125274658203	43.2483024597168	59.6511344909668	
173.0455780029297	129.05795288085938	43.15146255493164	60.4969367980957	
169.8947296142578	130.51998901367188	42.04985427856445	60.18768310546875	
167.98834228515625	131.66958618164062	39.454261779785156	57.4095573425293	
166.1903533935547	136.11351013183594	38.24146270751953	54.260658264160156	
161.7573699951172	136.68255615234375	38.09831619262695	53.6354866027832	
158.0170135498047	134.0379638671875	39.08838653564453	55.369239807128906	
156.0916748046875	135.63717651367188	39.621726989746094	54.241851806640625	
156.75997924804688	136.19662475585938	38.424903869628906	53.44561004638672	
157.06703186035156	140.41720581054688	39.2006950378418	52.416160583496094	
158.46011352539062	139.71188354492188	37.90587615966797	51.031715393066406	
160.11709594726562	137.73880004882812	37.298709869384766	50.849891662597656	
161.21334838867188	137.65011596679688	37.40604782104492	51.04761505126953	
163.4198455810547	138.7726593017578	37.120445251464844	50.3330192565918	
166.3195037841797	138.384033203125	38.06247329711914	51.75531768798828	
171.15533447265625	140.4091796875	37.929443359375	50.829803466796875	
174.55029296875	141.8056182861328	35.473243713378906	43.184818267822266	
181.2882537841797	141.241943359375	34.41396713256836	47.218379974365234	
186.8214569091797	144.17538452148438	33.33283996582031	45.4566535949707	
190.96621704101562	142.3065643310547	32.860538482666016	44.449310302734375	
196.8861846923828	142.18936157226562	31.853927612304688	43.53691482543945	
201.6023712158203	143.01016235351562	31.34090805053711	41.7626838684082	
205.7676239013672	145.3870391845703	30.93185043334961	41.003883361816406	
210.04055786132812	145.0947265625	30.89389991760254	41.109954833984375	
214.5354766845703	142.7670440673828	30.582698822021484	41.39740753173828	
217.5767822265625	145.754150390625	30.571996688842773	40.818077087402344	
220.7636260986328	148.29702758789062	29.884740829467773	41.47395706176758	
223.4020538330078	151.45603942871094	28.90311622619629	35.186405181884766	
226.82894897460938	152.2151336669922	27.704647064208984	39.172210693359375	
229.0150146484375	153.23570251464844	26.42095375061035	38.22425079345703	
231.95352172851562	155.72552490234375	24.730684280395508	35.92138671875	
230.68173217773438	154.7197723388672	25.003856658935547	30.439472198486328	
232.17471313476562	155.56365966796875	24.011383056640625	29.231243133544922	
233.75680541992188	154.56399536132812	24.748003005981445	30.12799644470215	
234.3485107421875	152.5396270751953	25.17844581604004	30.652013778686523	
232.6390838623047	151.40347290039062	25.26205825805664	30.753803253173828	
230.59701538085938	149.11663818359375	26.142297744750977	31.82539939880371	
231.1681671142578	147.96051025390625	26.64996910095215	32.44343185424805	
226.6103057861328	146.71401977539062	25.941158294677734	31.58053207397461	
223.0978240966797	145.01235961914062	27.989299774169922	36.779197692871094	
218.0608673095703	143.46058654785156	28.927379608154297	37.39521026611328	
214.5289306640625	144.75143432617188	26.01949119567871	31.6758975982666	
211.47024536132812	140.3997802734375	27.81780433654785	37.72840118408203	
207.37265014648438	138.56692504882812	29.009735107421875	39.821311950683594	
206.4422607421875	143.92999267578125	27.345592498779297	33.29027557373047	
202.08950805664062	138.51602172851562	31.3057861328125	41.69205856323242	
199.7519989013672	134.69676208496094	32.234657287597656	44.33677673339844	
198.18043518066406	133.66342163085938	33.78398132324219	45.7929801940918	
198.77719116210938	128.75674438476562	34.3792610168457	46.96012878417969	
196.25498962402344	134.52212524414062	33.517295837402344	45.4674186706543	
193.0824737548828	132.23617553710938	34.97540283203125	47.74495315551758	
189.5998077392578	128.95327758789062	37.344581604003906	50.94047927856445	
187.70452880859375	134.95407104492188	35.28302001953125	42.953224182128906	
185.88609313964844	128.05850219726562	37.472686767578125	54.7974853515625	
183.78761291503906	128.5678253173828	38.208030700683594	54.84270477294922	
183.26803588867188	130.47531127929688	37.9714469909668	53.473304748535156	
182.66409301757812	130.71539306640625	37.6224365234375	53.0051155090332	
182.0869598388672	133.48707580566406	36.72025680541992	50.42266082763672	
181.36959838867188	136.1536407470703	35.87102127075195	48.89775085449219	
180.03150939941406	135.2194366455078	36.023536682128906	48.696449279785156	
178.63076782226562	135.40960693359375	35.623382568359375	48.03435134887695	
177.55288696289062	137.7923126220703	33.48761749267578	40.76749801635742	
177.04281616210938	135.0428009033203	34.44232940673828	46.19160461425781	
176.4928436279297	137.43914794921875	33.74608612060547	45.46173858642578	
175.05520629882812	135.99591064453125	33.858436584472656	45.493919372558594	
174.2272491455078	136.25149536132812	31.911569595336914	43.44231033325195	
172.8730010986328	135.83106994628906	31.597183227539062	43.74148941040039	
172.3002166748047	133.2766876220703	32.431434631347656	45.51551818847656	
171.96063232421875	133.79547119140625	32.64215850830078	44.39502716064453	
172.5402374267578	137.01861572265625	31.456125259399414	41.12975311279297	
176.88015747070312	139.8046112060547	29.229028701782227	40.03114318847656	
179.0298309326172	142.16665649414062	28.30634117126465	39.21220779418945	
181.68783569335938	142.1175537109375	26.748851776123047	38.5645866394043	
181.03419494628906	145.55377197265625	27.242328643798828	33.1645393371582	
182.6698760986328	142.87417602539062	26.239376068115234	38.925201416015625	
177.59449768066406	143.22808837890625	28.474233627319336	38.9555778503418	
174.4777069091797	143.07681274414062	28.849178314208984	39.18824005126953	
170.4771270751953	140.862060546875	30.5137882232666	39.89471435546875	
168.6079559326172	135.79368591308594	32.99089050292969	44.39228057861328	
169.92750549316406	138.27737426757812	31.742883682250977	43.44975280761719	
173.111572265625	138.1261749267578	31.632709503173828	41.70332717895508	
178.99002075195312	142.09841918945312	29.073705673217773	39.2568244934082	
185.3544158935547	145.4319610595703	27.612445831298828	37.86197280883789	
188.86251831054688	145.71231079101562	27.152225494384766	37.578514099121094	
190.8430633544922	145.69566345214844	28.560598373413086	37.93667221069336	
193.09695434570312	146.51123046875	28.09720802307129	37.88214111328125	
194.25723266601562	149.0165252685547	25.875131607055664	34.87888717651367	
192.443115234375	148.829833984375	25.782791137695312	34.553993225097656	
186.3112335205078	144.76712036132812	27.99758529663086	37.171348571777344	
179.88787841796875	141.3675994873047	29.85123062133789	37.876956939697266	
180.3199005126953	142.44000244140625	26.939193725585938	32.79551315307617	
193.66281127929688	133.11219787597656	27.68838882446289	39.01389694213867	
197.77101135253906	133.56985473632812	28.175708770751953	34.30083084106445	
197.96249389648438	129.68026733398438	28.891571044921875	41.109832763671875	
197.75306701660156	130.07034301757812	29.559595108032227	42.24318313598633	
199.5862579345703	128.0225830078125	30.04787254333496	42.82036209106445	
198.59335327148438	127.0320816040039	30.015182495117188	43.872169494628906	
199.10130310058594	127.967041015625	29.83283042907715	43.4219856262207	
196.85507202148438	129.43280029296875	29.731637954711914	43.030521392822266	
195.69097900390625	132.53988647460938	30.17706298828125	43.564002990722656	
195.66549682617188	133.79983520507812	30.411022186279297	44.083099365234375	
194.99356079101562	136.33522033691406	30.383255004882812	44.1434211730957	
196.001953125	140.17530822753906	30.035476684570312	42.85301971435547	
195.98123168945312	140.38412475585938	30.24563980102539	44.2296257019043	
196.30328369140625	141.99813842773438	31.16817283630371	45.02823257446289	
190.52413940429688	143.87379455566406	35.809303283691406	47.556434631347656	
191.2801055908203	147.1280059814453	36.770416259765625	48.025421142578125	
194.64279174804688	149.41900634765625	35.43617630004883	47.538795471191406	
194.83897399902344	148.05250549316406	37.097511291503906	48.93561553955078	
194.35882568359375	147.3439178466797	37.48628234863281	48.4569091796875	
194.90684509277344	145.9969940185547	38.877716064453125	49.627960205078125	
195.8032684326172	145.0176239013672	38.23238754272461	49.411434173583984	
195.63006591796875	146.71072387695312	37.625240325927734	48.57469940185547	
194.95274353027344	147.72836303710938	37.822547912597656	48.60315704345703	
198.7519073486328	147.96939086914062	36.43992233276367	49.123023986816406	
199.23806762695312	148.9121856689453	37.00969314575195	50.305274963378906	
199.84078979492188	161.2162628173828	33.974266052246094	41.35994338989258	
203.2964324951172	166.4927978515625	33.575801849365234	47.433475494384766	
202.4259490966797	169.7921905517578	33.62794876098633	45.167144775390625	
201.89527893066406	170.76803588867188	33.31357955932617	44.662193298339844	
198.11337280273438	171.70120239257812	34.60503005981445	47.88169479370117	
193.7645721435547	174.5633087158203	36.12765884399414	49.71267318725586	
193.34268188476562	177.5059051513672	36.09675216674805	50.80659103393555	
192.64564514160156	177.10455322265625	35.445899963378906	51.33826446533203	
194.8193817138672	176.70376586914062	34.080421447753906	49.20039367675781	
195.5965118408203	185.0732879638672	33.582725524902344	40.8832893371582	
204.82034301757812	162.83602905273438	32.84093475341797	39.98023986816406	
211.16207885742188	156.58572387695312	29.59451675415039	48.53071212768555	
216.7097625732422	155.91262817382812	26.87936019897461	44.787113189697266	
210.66470336914062	171.35922241210938	29.967144012451172	36.481712341308594	
210.13003540039062	185.3607177734375	30.303171157836914	46.25663757324219	
209.295166015625	191.0672607421875	32.58429718017578	44.00086212158203	
206.6887664794922	190.4485321044922	34.16246795654297	42.813880920410156	
204.8583221435547	186.33639526367188	34.48976135253906	44.1361083984375	
202.82814025878906	181.56784057617188	36.0565071105957	46.01427459716797	
202.76751708984375	179.86952209472656	36.267391204833984	46.672096252441406	
203.2301788330078	176.99520874023438	37.64008712768555	48.81873321533203	
204.91329956054688	176.3440704345703	39.434669494628906	49.80620574951172	
208.1682586669922	177.2703094482422	39.91548156738281	50.39887619018555	
207.6587371826172	175.1381378173828	42.63077926635742	53.392723083496094	
209.56948852539062	172.0581512451172	43.78281021118164	55.75286865234375	
207.70458984375	165.97116088867188	43.96173095703125	59.291412353515625	
204.44418334960938	163.9132843017578	45.73076629638672	61.528419494628906	
199.07809448242188	163.27381896972656	48.1718864440918	62.02257537841797	
198.0657958984375	162.189697265625	48.88203048706055	62.415931701660156	
197.78067016601562	159.94479370117188	48.56500244140625	64.00746154785156	
199.21624755859375	161.49575805664062	47.94844436645508	62.18018341064453	
201.56259155273438	160.6360626220703	47.237091064453125	62.639976501464844	
206.1836395263672	158.76173400878906	44.61867904663086	62.7193603515625	
206.4990692138672	158.6422882080078	45.034454345703125	62.02349853515625	
207.651611328125	159.99209594726562	43.50738525390625	59.95160675048828	
207.6925048828125	159.22889709472656	42.65584945678711	59.58173751831055	
206.4810028076172	157.43247985839844	42.852455139160156	60.6332893371582	
205.03515625	155.22555541992188	44.13889694213867	61.31782150268555	
204.49478149414062	153.09640502929688	44.91605758666992	61.644775390625	
207.2451629638672	153.33216857910156	43.453609466552734	60.799652099609375	
209.3305206298828	154.82644653320312	43.830360412597656	60.28489303588867	
212.3547821044922	157.49261474609375	44.905006408691406	59.51575469970703	
213.6840057373047	156.51669311523438	46.49742889404297	60.594505310058594	
216.16806030273438	156.8943328857422	47.32147216796875	62.06050491333008	
217.1614227294922	157.518798828125	47.049034118652344	61.56299591064453	
214.4700164794922	156.6015167236328	48.687278747558594	62.0449104309082	
215.41983032226562	158.9179229736328	47.39297866821289	59.39003372192383	
210.86767578125	157.72470092773438	48.74934387207031	61.73316192626953	
210.8280487060547	160.5736083984375	47.762290954589844	60.532493591308594	
210.837158203125	160.25439453125	46.168434143066406	60.794471740722656	
210.662353515625	162.9713592529297	46.885009765625	60.105445861816406	
211.0431365966797	161.61697387695312	46.53953170776367	61.609947204589844	
211.39266967773438	160.3777313232422	47.82296371459961	63.2725944519043	
211.8528594970703	159.38113403320312	49.12201690673828	63.4488410949707	
211.3292694091797	157.95968627929688	48.70108413696289	63.87095260620117	
211.9637451171875	157.74911499023438	49.866920471191406	65.03203582763672	
212.84902954101562	168.57440185546875	46.217918395996094	56.2652702331543	
201.95506286621094	167.41175842285156	45.1087760925293	54.915016174316406	
192.16331481933594	173.49581909179688	45.437599182128906	55.3153190612793	
193.72686767578125	175.15945434570312	44.24293518066406	53.86094284057617	
198.6240692138672	175.03164672851562	43.75244903564453	53.263832092285156	
195.83319091796875	169.5501251220703	43.95405197143555	53.5092658996582	
196.93838500976562	175.2581024169922	43.230628967285156	52.628570556640625	
196.82249450683594	177.10409545898438	42.15214157104492	51.31563186645508	
196.4932861328125	174.16348266601562	41.70928955078125	50.77650833129883	
203.65560913085938	179.11572265625	42.341854095458984	51.546592712402344	
197.60147094726562	176.05941772460938	43.782989501953125	53.30101776123047	
203.8251953125	179.6359405517578	43.677452087402344	53.17253494262695	
206.41177368164062	180.45639038085938	43.112571716308594	52.4848518371582	
194.2701416015625	202.22105407714844	43.30637741088867	52.720787048339844	
172.58920288085938	205.16891479492188	42.90492630004883	52.23206329345703	
215.17568969726562	169.51931762695312	44.9747200012207	58.80144500732422	
221.95877075195312	172.41162109375	47.691246032714844	59.79561233520508	
223.2628936767578	172.07925415039062	50.011993408203125	63.43721389770508	
222.5772247314453	169.64874267578125	50.19635772705078	65.02312469482422	
223.4756622314453	169.66184997558594	51.41987991333008	66.33074951171875	
222.2825469970703	167.34091186523438	53.596221923828125	68.36641693115234	
219.949462890625	164.0561065673828	57.59733963012695	73.28213500976562	
221.39456176757812	166.10159301757812	57.713287353515625	72.02821350097656	
222.7274627685547	166.96646118164062	57.22841262817383	72.13514709472656	
221.12936401367188	163.90463256835938	56.85340118408203	73.52188110351562	
222.5662384033203	164.6125030517578	55.68117141723633	71.11183166503906	
221.0844268798828	161.407470703125	55.683319091796875	71.40611267089844	
217.5641326904297	159.4105682373047	55.3359375	71.0542221069336	
217.4340362548828	161.21340942382812	53.3555793762207	68.8608169555664	
215.3231964111328	161.9789276123047	51.11353302001953	67.7412109375	
214.97158813476562	165.58847045898438	49.633705139160156	66.53511047363281	
215.6533966064453	167.6660919189453	47.4622688293457	64.4083023071289	
216.66592407226562	169.73324584960938	46.10993194580078	62.756141662597656	
217.6746063232422	168.783203125	45.092533111572266	61.85271453857422	
218.518310546875	171.08221435546875	46.028175354003906	61.335365295410156	
219.3621368408203	170.90451049804688	46.776573181152344	62.46038818359375	
221.02670288085938	170.89706420898438	48.14311599731445	63.62957763671875	
219.56008911132812	168.57247924804688	49.28005599975586	64.0028076171875	
220.2216339111328	169.8196563720703	50.48839569091797	64.31594848632812	
222.8099822998047	170.86575317382812	50.0326042175293	62.49139404296875	
220.58755493164062	168.19094848632812	52.27508544921875	65.98518371582031	
221.75430297851562	169.91256713867188	51.7155876159668	66.89961242675781	
223.8172149658203	171.79800415039062	50.35741424560547	65.17827606201172	
223.53945922851562	170.84194946289062	50.70811462402344	67.28321838378906	
225.2612762451172	172.3441162109375	48.731117248535156	65.2216796875	
226.32797241210938	174.07846069335938	48.44454574584961	65.33355712890625	
226.07919311523438	173.46133422851562	48.77986526489258	65.31974792480469	
226.4132843017578	172.6244659423828	49.34912109375	65.19477844238281	
225.69140625	168.14694213867188	49.521339416503906	67.64580535888672	
225.47671508789062	166.21202087402344	50.07661819458008	66.5268325805664	
224.59201049804688	156.9717559814453	50.556114196777344	68.06459045410156	
227.247802734375	154.17532348632812	51.533103942871094	66.94404602050781	
230.29647827148438	149.23532104492188	53.17612838745117	67.7889404296875	
236.57247924804688	148.32131958007812	52.81621551513672	66.23643493652344	
238.80526733398438	140.85025024414062	54.121185302734375	67.22777557373047	
239.6935272216797	137.2580108642578	57.08323287963867	68.44962310791016	
242.53707885742188	132.71572875976562	59.663909912109375	71.91009521484375	
241.8934326171875	127.93843078613281	58.58715057373047	72.39755249023438	
239.277099609375	123.2882308959961	59.428306579589844	72.62046813964844	
241.3376007080078	122.2774429321289	58.744964599609375	70.92996978759766	
246.99990844726562	118.43062591552734	56.88732147216797	71.92466735839844	
251.5968475341797	107.77592468261719	54.13309860229492	74.40990447998047	
255.74072265625	101.96212005615234	54.22661590576172	76.02040100097656	
258.04840087890625	100.86769104003906	55.629295349121094	75.31550598144531	
257.8983459472656	97.31632995605469	57.31721115112305	73.79611206054688	
257.19140625	99.02330017089844	55.2359504699707	72.86096954345703	
258.22503662109375	98.63298034667969	55.2731819152832	74.35027313232422	
261.25128173828125	96.28425598144531	51.85454559326172	72.34625244140625	
267.3487243652344	93.33961486816406	47.25033187866211	69.09666442871094	
268.37890625	91.54899597167969	47.54255676269531	69.87074279785156	
273.25775146484375	89.32000732421875	49.838050842285156	68.42239379882812	
266.8665466308594	87.18435668945312	47.85576629638672	58.25917434692383	
268.680419921875	90.84577941894531	48.00409698486328	58.43975067138672	
271.8551330566406	89.1632308959961	52.97956085205078	71.91368103027344	
273.03424072265625	89.1019287109375	53.046875	72.8222427368164	
270.8976745605469	87.67141723632812	54.115013122558594	74.88545989990234	
269.62921142578125	85.5491943359375	53.16733932495117	74.24945831298828	
270.14691162109375	88.11267852783203	52.98722457885742	72.78153991699219	
268.4643249511719	88.63096618652344	52.494773864746094	72.47076416015625	
268.71771240234375	88.5066909790039	51.12681198120117	71.37621307373047	
268.8721618652344	87.06483459472656	51.90376663208008	71.54463195800781	
266.48309326171875	86.82518768310547	54.09702682495117	68.45711517333984	
270.0133972167969	85.33840942382812	53.710670471191406	68.04866790771484	
267.44000244140625	90.98970794677734	55.65574264526367	66.69987487792969	
264.4582214355469	89.27886199951172	57.2713508605957	68.03414916992188	
259.4515686035156	91.72831726074219	57.133399963378906	67.31924438476562	
255.3859100341797	93.54010009765625	57.609718322753906	67.42399597167969	
251.5085906982422	94.03751373291016	54.23842239379883	65.19721221923828	
249.326904296875	98.61296844482422	50.82628631591797	65.00250244140625	
248.54336547851562	99.74992370605469	48.22091293334961	64.50151062011719	
253.1205291748047	96.70750427246094	46.559783935546875	56.68147659301758	
262.61651611328125	101.28125762939453	43.75376892089844	53.26546096801758	
249.9267120361328	93.22965240478516	42.66565704345703	51.9408073425293	
235.53781127929688	73.83253479003906	42.32535934448242	51.526527404785156	
236.76953125	69.06074523925781	40.08161163330078	48.795013427734375	
238.4272003173828	71.2715835571289	39.5902214050293	48.196800231933594	
237.8778533935547	66.82208251953125	38.91559600830078	47.375518798828125	
237.07247924804688	71.55842590332031	37.682552337646484	45.874427795410156	
246.4355010986328	97.22389221191406	36.44702911376953	44.37031173706055	
243.2411651611328	92.36897277832031	35.49967956542969	43.217018127441406	
243.3865966796875	112.57926177978516	35.01502990722656	42.62700653076172	
243.2640380859375	102.52326965332031	34.12340545654297	41.54155349731445	
246.14059448242188	104.63703918457031	33.7585563659668	41.097389221191406	
242.5438690185547	78.31632232666016	34.94074630737305	48.140663146972656	
246.4153289794922	69.26224517822266	34.04081344604492	41.44100570678711	
249.38265991210938	66.13134765625	33.033668518066406	40.21491241455078	
249.3616485595703	61.93756866455078	32.758277893066406	39.8796501159668	
249.95736694335938	67.66242980957031	33.01720428466797	40.19486618041992	
250.104248046875	67.9096908569336	33.264652252197266	40.49610137939453	
250.6045379638672	66.3614501953125	33.19832229614258	40.41535568237305	
251.40707397460938	71.93803405761719	33.56187438964844	40.857940673828125	
251.6157684326172	68.6436767578125	32.7105712890625	39.82156753540039	
251.32846069335938	71.01597595214844	33.5845947265625	40.88559341430664	
252.8727569580078	68.32825469970703	35.336612701416016	43.01848602294922	
254.8025360107422	69.90986633300781	34.145057678222656	41.567893981933594	
255.3720245361328	77.0765380859375	34.67273712158203	42.21028137207031	
268.419677734375	109.96915435791016	34.67438507080078	42.21228790283203	
277.742919921875	115.237060546875	32.69086456298828	39.79756546020508	
268.05010986328125	135.72604370117188	33.50855255126953	40.79301071166992	
269.3325500488281	151.08187866210938	33.131797790527344	40.3343505859375	
255.0584716796875	198.3228302001953	31.831066131591797	38.750850677490234	
254.15380859375	226.47842407226562	32.74247741699219	39.86039352416992	
249.94906616210938	223.7125244140625	33.06071090698242	40.24781036376953	
256.62237548828125	213.4062042236328	33.587257385253906	40.888824462890625	
