174.0	102.0	44.0	40.0	
171.90740966796875	101.95407104492188	45.63727951049805	40.218101501464844	
172.42129516601562	101.98860168457031	43.89805221557617	39.89629364013672	
173.3125	101.91658020019531	44.13147735595703	39.83721923828125	
174.0423126220703	100.41065979003906	44.558128356933594	39.964569091796875	
175.00445556640625	99.71052551269531	42.4872932434082	38.806846618652344	
174.37814331054688	98.75950622558594	43.885719299316406	39.35945510864258	
174.2306671142578	98.23863983154297	45.27213668823242	40.02619171142578	
175.0277557373047	98.9624252319336	42.67176055908203	39.73877716064453	
174.81478881835938	100.12915802001953	42.799644470214844	39.81427001953125	
172.99081420898438	101.62881469726562	45.1042366027832	39.846290588378906	
173.0763702392578	102.85408782958984	43.1214485168457	38.87218475341797	
171.6363067626953	103.23551940917969	43.97145080566406	39.39822006225586	
171.54788208007812	103.36631774902344	45.0003776550293	39.95211410522461	
173.0945281982422	103.2815170288086	43.15666198730469	39.17116928100586	
173.61972045898438	102.7473373413086	43.71607208251953	39.001556396484375	
175.4248809814453	102.4875259399414	43.99262619018555	39.317054748535156	
178.58428955078125	103.40743255615234	43.749427795410156	38.13019561767578	
179.83456420898438	102.993408203125	45.18480682373047	39.617347717285156	
181.718994140625	103.06689453125	43.17169189453125	38.42184066772461	
183.5128631591797	102.9525146484375	42.49846649169922	38.596923828125	
184.92037963867188	103.18974304199219	42.481258392333984	38.73993682861328	
186.6718292236328	102.55670166015625	41.24075698852539	37.93731689453125	
186.60006713867188	101.4857406616211	42.714813232421875	38.31477355957031	
186.85092163085938	100.04010009765625	43.14476776123047	38.535118103027344	
188.36370849609375	98.09781646728516	42.52446746826172	39.01081085205078	
192.55738830566406	95.22425842285156	43.103363037109375	39.726924896240234	
197.61135864257812	91.91632080078125	43.812374114990234	39.41008377075195	
201.061279296875	88.73014831542969	43.71940612792969	39.69670486450195	
203.48190307617188	85.46888732910156	43.915138244628906	40.07213592529297	
207.77804565429688	84.58859252929688	43.14329528808594	39.104652404785156	
210.75732421875	83.89666748046875	42.98246383666992	39.09318542480469	
212.43753051757812	83.39021301269531	44.25352096557617	39.82508087158203	
214.4960479736328	84.17994689941406	41.512969970703125	39.060577392578125	
216.6528778076172	84.88233947753906	42.488258361816406	39.40473556518555	
219.2913360595703	85.05274963378906	42.12668991088867	39.09968948364258	
218.72879028320312	84.72334289550781	42.805816650390625	39.249324798583984	
219.1924285888672	83.51564025878906	42.98733901977539	39.4366569519043	
222.04873657226562	84.02804565429688	43.06655502319336	38.893184661865234	
220.9404296875	83.50177001953125	44.01384735107422	39.987083435058594	
218.52182006835938	83.84102630615234	45.13307571411133	40.05366516113281	
217.30517578125	85.74179077148438	43.65164566040039	39.0017204284668	
214.0235137939453	87.40498352050781	44.41010284423828	39.333839416503906	
211.6431884765625	89.13401794433594	44.9027214050293	39.14095687866211	
208.2952117919922	91.56184387207031	44.949378967285156	38.63914489746094	
203.55490112304688	94.64007568359375	45.62388229370117	39.0833740234375	
198.6352081298828	97.7569351196289	47.3189582824707	38.75504684448242	
194.265869140625	100.6873779296875	45.83429718017578	38.09919357299805	
188.46078491210938	104.68941497802734	45.65711212158203	37.373897552490234	
181.6973419189453	107.39335632324219	45.93473434448242	37.70828628540039	
173.90823364257812	109.91795349121094	49.112884521484375	38.570011138916016	
163.67311096191406	108.96879577636719	59.514373779296875	44.96251678466797	
159.89532470703125	110.78355407714844	59.491851806640625	45.26047897338867	
155.4813690185547	112.03816986083984	61.29729461669922	47.36134338378906	
153.00872802734375	113.29905700683594	61.879676818847656	48.27762222290039	
149.6772918701172	112.77813720703125	63.545166015625	49.300453186035156	
150.5546417236328	114.0800552368164	61.43321990966797	48.306617736816406	
150.7288360595703	114.34028625488281	62.2953987121582	48.571754455566406	
149.3061065673828	116.48429107666016	61.693748474121094	47.02933120727539	
153.28854370117188	115.9117431640625	61.05890655517578	46.88325119018555	
163.20010375976562	115.95072937011719	56.3581428527832	43.02525329589844	
174.6386260986328	117.1083755493164	47.25894546508789	38.59461212158203	
180.9449005126953	114.90434265136719	45.057464599609375	38.20976638793945	
186.4889373779297	112.9953384399414	44.69335174560547	37.20261764526367	
193.72921752929688	109.91606140136719	44.03692626953125	37.79347610473633	
198.1063690185547	106.5947036743164	45.552547454833984	38.8134651184082	
204.7412872314453	106.04862213134766	42.68547821044922	38.5393180847168	
208.8272247314453	109.73832702636719	41.41851806640625	38.0797233581543	
213.55960083007812	110.9439926147461	41.442684173583984	38.64739990234375	
216.843505859375	111.07752990722656	42.7979621887207	38.84105682373047	
221.87109375	111.14485931396484	41.173519134521484	37.979591369628906	
226.0444793701172	109.77725982666016	43.00153350830078	38.96445846557617	
232.8497772216797	109.88629150390625	41.814422607421875	37.78194046020508	
240.0998077392578	109.6303939819336	41.713706970214844	38.07709503173828	
249.09463500976562	106.8736572265625	40.38726806640625	37.79192352294922	
256.6031799316406	101.97795104980469	38.67564392089844	37.48322296142578	
255.2393798828125	97.00321197509766	47.81001281738281	42.0588264465332	
259.24920654296875	95.1982650756836	48.70127868652344	42.734588623046875	
264.22930908203125	94.10802459716797	46.94804763793945	42.20487594604492	
266.3886413574219	91.71340942382812	46.163856506347656	42.36859130859375	
266.9404296875	89.0684585571289	46.29262924194336	41.7393684387207	
265.9373474121094	85.75350952148438	46.42311096191406	41.79034423828125	
264.0501403808594	85.24143981933594	44.82642364501953	41.02450942993164	
259.99365234375	86.35881805419922	40.139957427978516	38.48155975341797	
255.303955078125	87.84508514404297	37.031349182128906	37.20047378540039	
248.24673461914062	90.1715087890625	39.45458221435547	37.13622283935547	
239.1432647705078	94.48894500732422	40.75214767456055	36.93932342529297	
230.73318481445312	98.30534362792969	40.346004486083984	37.509117126464844	
224.50338745117188	102.30952453613281	39.616947174072266	37.26190948486328	
216.48046875	105.12995910644531	41.500823974609375	36.933998107910156	
210.85104370117188	106.61246490478516	40.28712463378906	36.91551208496094	
206.51657104492188	106.9482192993164	40.59973907470703	37.301109313964844	
202.00942993164062	107.59056091308594	40.424747467041016	37.22980880737305	
198.88250732421875	107.76774597167969	40.556488037109375	36.98836135864258	
193.55996704101562	108.37519836425781	42.06086730957031	37.00089645385742	
187.71084594726562	107.0124740600586	40.663490295410156	37.275367736816406	
183.2794647216797	103.9088363647461	41.955299377441406	38.089012145996094	
180.3312530517578	99.36456298828125	42.88310241699219	39.775054931640625	
172.89212036132812	93.98926544189453	49.90851974487305	43.118492126464844	
169.17063903808594	91.397216796875	50.83609390258789	44.40326690673828	
166.10208129882812	89.48207092285156	50.7922248840332	44.62850570678711	
162.4449920654297	87.2544937133789	52.205894470214844	45.20276641845703	
160.4714813232422	84.87100982666016	51.61450958251953	44.95750427246094	
160.56399536132812	81.16541290283203	51.01787567138672	45.02320098876953	
160.010498046875	77.57289123535156	51.81837844848633	45.16693878173828	
161.19973754882812	73.61251068115234	49.768028259277344	44.2178955078125	
160.6121063232422	74.7476577758789	47.15047073364258	38.7724723815918	
160.74600219726562	75.69676208496094	48.17170333862305	35.72308349609375	
161.86648559570312	74.6364974975586	46.75724792480469	34.820377349853516	
162.39846801757812	67.1256103515625	47.154258728027344	41.0749397277832	
163.22293090820312	64.17134857177734	47.12730026245117	43.07905960083008	
163.5292510986328	63.179847717285156	46.008705139160156	43.57701873779297	
161.0052490234375	63.925514221191406	47.368896484375	43.58885192871094	
160.68698120117188	63.4824333190918	47.3878288269043	44.45667266845703	
159.53443908691406	62.36279296875	49.12379837036133	45.3858642578125	
159.1671600341797	63.16290283203125	49.325645446777344	45.82781219482422	
159.34483337402344	64.48117065429688	48.1403923034668	44.711761474609375	
158.5693817138672	65.58183288574219	48.74102783203125	44.22804641723633	
157.3856658935547	72.5357894897461	48.29114532470703	37.68227005004883	
158.98428344726562	75.38030242919922	43.97863006591797	33.309356689453125	
161.77322387695312	72.58182525634766	41.099212646484375	34.09707260131836	
162.20828247070312	69.85389709472656	41.395545959472656	35.494911193847656	
161.6871795654297	67.44190979003906	41.20555877685547	37.17810821533203	
161.7806854248047	62.96834182739258	43.637813568115234	41.319332122802734	
163.01950073242188	62.670372009277344	42.23540496826172	40.04450225830078	
164.26318359375	60.51666259765625	40.6309814453125	40.61604690551758	
165.54122924804688	59.20813751220703	40.538719177246094	41.72509765625	
166.06947326660156	59.34901809692383	41.10504150390625	43.84253692626953	
164.97406005859375	58.39155197143555	41.30678176879883	45.1353645324707	
168.24276733398438	57.98530197143555	39.24584197998047	45.70915603637695	
170.401123046875	55.929481506347656	38.81932067871094	45.720970153808594	
169.46681213378906	55.67176055908203	39.06686019897461	46.35161590576172	
170.330810546875	58.121070861816406	39.05198287963867	44.336036682128906	
171.1012725830078	59.67698287963867	37.93400192260742	43.95127868652344	
159.2303924560547	53.17310333251953	49.51966094970703	45.017921447753906	
167.8797607421875	62.6402702331543	36.273956298828125	42.364219665527344	
167.9190673828125	61.38794708251953	37.782615661621094	42.77324295043945	
169.5054931640625	63.683021545410156	36.02923583984375	39.64340591430664	
165.78262329101562	66.11402893066406	38.7814826965332	37.64331817626953	
167.11468505859375	64.00228118896484	38.45459747314453	39.766151428222656	
170.72976684570312	59.50493240356445	36.747642517089844	43.20420455932617	
172.81752014160156	58.932823181152344	36.43476104736328	42.59957504272461	
172.94473266601562	56.634986877441406	38.23273468017578	44.70122528076172	
172.48690795898438	56.36730194091797	38.00381088256836	45.57585525512695	
172.20265197753906	57.571014404296875	37.58713150024414	44.058876037597656	
170.70736694335938	56.73738479614258	38.53580856323242	43.726497650146484	
170.6669921875	57.70599365234375	37.992122650146484	41.942169189453125	
170.20872497558594	60.412986755371094	38.80310821533203	40.6722412109375	
169.63568115234375	64.41910552978516	38.365943908691406	39.33024597167969	
166.73892211914062	68.46017456054688	39.88826370239258	40.26411056518555	
163.69180297851562	75.77195739746094	40.23949432373047	37.01154708862305	
160.38682556152344	80.47160339355469	41.20728302001953	37.12347412109375	
154.24876403808594	85.22002410888672	47.882843017578125	39.148372650146484	
151.0767822265625	90.34562683105469	50.14373779296875	38.5225715637207	
148.08267211914062	93.16902160644531	51.14911651611328	38.574954986572266	
145.9894561767578	94.71501159667969	51.60199737548828	38.84074783325195	
146.97760009765625	95.85893249511719	50.3022346496582	38.520652770996094	
146.47576904296875	95.187255859375	50.75897216796875	39.121734619140625	
147.1592254638672	95.98920440673828	51.53102493286133	38.642173767089844	
147.7664794921875	97.14154052734375	50.589385986328125	38.259559631347656	
146.7689666748047	95.80876922607422	51.960777282714844	40.68403625488281	
149.44631958007812	93.81201171875	51.113487243652344	44.35296630859375	
153.04893493652344	92.06795501708984	48.66949462890625	46.42009353637695	
153.58554077148438	95.95372009277344	46.816043853759766	44.99759292602539	
156.58518981933594	98.61319732666016	43.560951232910156	43.19007110595703	
157.40794372558594	101.11344146728516	41.61267852783203	41.32294845581055	
158.02615356445312	101.9310302734375	40.04161071777344	40.38713836669922	
159.45578002929688	101.66297912597656	40.297935485839844	40.15911865234375	
160.8510284423828	101.25794982910156	40.68219757080078	39.04924011230469	
163.1227264404297	100.81403350830078	39.805381774902344	38.71061325073242	
164.49856567382812	100.5013198852539	40.541114807128906	38.23700714111328	
165.99839782714844	100.3984603881836	39.6208381652832	37.603790283203125	
166.1859130859375	99.00990295410156	40.71210479736328	38.51420593261719	
169.41566467285156	98.08863830566406	41.31183624267578	38.61972427368164	
170.8599853515625	97.77705383300781	41.78697204589844	38.76950454711914	
173.689453125	97.45487213134766	40.57332229614258	38.52372360229492	
176.72499084472656	97.16400146484375	39.031227111816406	37.29944610595703	
178.85391235351562	95.52115631103516	38.565940856933594	37.16109848022461	
178.8582305908203	94.72367858886719	39.19837188720703	37.779083251953125	
181.7919921875	94.9551010131836	38.5592041015625	37.510528564453125	
185.54812622070312	94.96835327148438	37.615623474121094	36.83636474609375	
186.14114379882812	95.31549072265625	38.90129852294922	38.27531814575195	
188.57440185546875	95.38508605957031	38.994327545166016	36.82693862915039	
189.07870483398438	95.31126403808594	39.957557678222656	37.716251373291016	
190.0277099609375	97.01483917236328	39.44306182861328	37.105552673339844	
193.18032836914062	98.6927490234375	38.02751922607422	36.35796356201172	
193.220458984375	98.48097229003906	39.82060623168945	36.920806884765625	
195.034423828125	98.25985717773438	40.27133560180664	37.553428649902344	
197.03765869140625	98.29634857177734	38.48479080200195	35.961734771728516	
200.5219268798828	96.86785125732422	39.354557037353516	36.90243911743164	
202.76153564453125	95.93002319335938	37.407752990722656	36.40202713012695	
202.81443786621094	93.56459045410156	36.57061767578125	36.29819869995117	
202.68231201171875	90.6723861694336	35.95806121826172	36.32227325439453	
201.47528076171875	87.58794403076172	34.745765686035156	35.582054138183594	
197.46920776367188	84.94166564941406	33.58415985107422	36.16240692138672	
197.6383514404297	82.613525390625	33.69213104248047	36.16583251953125	
196.3314971923828	78.48486328125	35.2764892578125	38.55402374267578	
191.27236938476562	75.63456726074219	35.26303482055664	38.297454833984375	
188.68869018554688	72.53460693359375	35.563758850097656	39.80264663696289	
186.03543090820312	70.75306701660156	38.24475860595703	40.67061233520508	
183.9186553955078	69.58972930908203	38.620521545410156	40.678001403808594	
181.2193145751953	67.79019927978516	38.559688568115234	40.6009521484375	
179.264404296875	65.09246063232422	38.24491882324219	40.27827072143555	
174.04261779785156	61.26069259643555	42.06977462768555	42.30115509033203	
170.4682159423828	59.57991409301758	44.555904388427734	43.07124328613281	
167.946533203125	57.439491271972656	46.32285690307617	44.70774459838867	
166.43263244628906	56.7129020690918	47.66594696044922	44.7450065612793	
158.1076202392578	62.18391799926758	44.68730926513672	40.6248779296875	
155.09414672851562	57.56032180786133	45.8588981628418	48.80668258666992	
153.15029907226562	57.38383102416992	46.55321502685547	47.81992721557617	
148.0966796875	60.224334716796875	45.7841796875	46.81793975830078	
142.52218627929688	61.56370162963867	47.87411880493164	48.329795837402344	
139.33975219726562	64.33045959472656	48.95960235595703	49.1966438293457	
134.71835327148438	67.7430419921875	50.52843475341797	50.357627868652344	
127.9207992553711	71.72603607177734	54.158485412597656	53.18852996826172	
125.99747467041016	78.36671447753906	50.473384857177734	45.88496017456055	
119.91410827636719	77.75271606445312	57.118682861328125	53.678306579589844	
119.3563232421875	79.15803527832031	56.827415466308594	53.34801483154297	
118.41123962402344	80.00406646728516	58.75581741333008	55.36199951171875	
117.2181396484375	79.90003967285156	60.51844024658203	55.961509704589844	
123.4386215209961	79.36746978759766	55.800331115722656	53.253028869628906	
124.33439636230469	78.51107025146484	57.4240608215332	55.2200927734375	
129.3975830078125	78.0931625366211	55.145355224609375	53.395660400390625	
133.71646118164062	76.71685791015625	54.904762268066406	52.626914978027344	
138.23153686523438	76.84187316894531	53.741058349609375	52.580787658691406	
141.2229461669922	77.23265075683594	53.53997039794922	54.017913818359375	
142.4084930419922	77.31178283691406	54.231529235839844	55.13187789916992	
147.03233337402344	76.84659576416016	52.66460418701172	52.677978515625	
151.2327117919922	76.0052490234375	51.210044860839844	50.965396881103516	
155.7505645751953	75.8221664428711	50.311370849609375	47.38074493408203	
160.65658569335938	75.73686981201172	49.26476287841797	46.450618743896484	
165.86007690429688	73.40177154541016	47.83196258544922	45.76912307739258	
167.98825073242188	71.94458770751953	47.35578155517578	44.07402420043945	
173.3616180419922	72.26518249511719	43.74042892456055	41.002586364746094	
181.81512451171875	74.8956527709961	39.21156692504883	39.80910110473633	
184.33395385742188	76.30195617675781	38.898780822753906	39.34532928466797	
187.60142517089844	77.91444396972656	37.54380416870117	39.0510139465332	
192.37692260742188	79.78353118896484	37.952415466308594	39.57129669189453	
196.63082885742188	82.91960144042969	37.788448333740234	39.38065719604492	
198.87290954589844	85.93240356445312	37.028541564941406	39.81760787963867	
199.86868286132812	86.81016540527344	36.577049255371094	39.88692092895508	
200.88934326171875	85.27635192871094	35.024112701416016	40.08937454223633	
199.91629028320312	84.14407348632812	35.765472412109375	40.43851852416992	
201.27499389648438	84.2408676147461	35.0174560546875	40.119895935058594	
202.53240966796875	83.06269836425781	36.0421142578125	40.84812927246094	
204.6117706298828	81.8460922241211	36.61912536621094	40.404502868652344	
204.8151397705078	80.391357421875	37.516937255859375	41.086509704589844	
201.7117462158203	79.66728973388672	38.17613983154297	41.79254150390625	
196.93344116210938	80.73393249511719	37.01681137084961	41.35785675048828	
191.6562042236328	81.967041015625	38.60559844970703	42.90192413330078	
189.39413452148438	84.5901870727539	37.205413818359375	41.12754440307617	
186.98684692382812	85.58878326416016	37.24797821044922	41.683292388916016	
183.47203063964844	87.04508972167969	38.47385025024414	41.608734130859375	
180.390869140625	89.22294616699219	38.1447868347168	40.75703811645508	
176.62399291992188	89.76306915283203	39.00598907470703	41.664669036865234	
171.08987426757812	88.798583984375	44.57780456542969	43.970367431640625	
168.162109375	87.71331787109375	46.519287109375	44.84439468383789	
167.98202514648438	86.65898132324219	45.496864318847656	44.99272537231445	
167.2478485107422	85.35440826416016	44.53324508666992	45.23582077026367	
166.98854064941406	83.77850341796875	44.34041213989258	45.43007278442383	
166.26341247558594	82.3702621459961	44.177860260009766	46.39674758911133	
165.8403778076172	81.8707504272461	42.921348571777344	45.4427375793457	
164.3794403076172	81.94122314453125	43.1722526550293	45.42959976196289	
161.88568115234375	81.04499816894531	42.88427734375	45.359771728515625	
160.89254760742188	79.67399597167969	40.43208694458008	44.51338577270508	
161.09231567382812	79.17591094970703	37.64537048339844	42.166053771972656	
161.33529663085938	78.63127899169922	36.956817626953125	42.991539001464844	
159.6251983642578	78.29011535644531	38.14550018310547	42.506187438964844	
155.64578247070312	77.554931640625	40.54221725463867	44.0688362121582	
155.01429748535156	79.06901550292969	39.344608306884766	42.87830352783203	
152.67825317382812	78.61870574951172	39.84366226196289	42.41033172607422	
151.30184936523438	80.23558807373047	38.81615447998047	42.32764434814453	
150.37661743164062	77.9565200805664	39.79351043701172	43.8199577331543	
149.35011291503906	78.80078125	40.30261993408203	42.99187469482422	
146.05955505371094	78.97900390625	40.36601638793945	42.84616470336914	
145.85205078125	80.1133041381836	39.59226608276367	42.24969482421875	
144.57748413085938	80.87055969238281	40.918495178222656	42.72726058959961	
143.87551879882812	79.52462005615234	40.40851593017578	43.03923797607422	
140.9889373779297	78.5629653930664	41.16753387451172	42.8221549987793	
139.67276000976562	77.44788360595703	41.78441619873047	42.79354476928711	
138.1287078857422	76.91932678222656	42.048561096191406	42.99981689453125	
136.89089965820312	77.84220886230469	41.41169357299805	42.831016540527344	
134.71066284179688	78.2092514038086	41.91593933105469	43.14054870605469	
132.9534454345703	78.18547058105469	43.25823974609375	44.042503356933594	
133.3886260986328	79.73413848876953	43.96592330932617	44.09149169921875	
135.9812774658203	81.53392791748047	43.21117401123047	43.252960205078125	
138.07142639160156	83.96978759765625	43.46253204345703	42.55805969238281	
140.4782257080078	85.15923309326172	44.22624969482422	41.94886016845703	
144.70298767089844	87.59283447265625	42.78131866455078	40.96977233886719	
147.09523010253906	90.09481048583984	42.90769577026367	40.1420783996582	
150.07473754882812	91.85282135009766	44.354278564453125	40.535247802734375	
153.54507446289062	93.53425598144531	43.597137451171875	40.35028839111328	
154.56422424316406	95.3871078491211	45.209266662597656	40.5638542175293	
156.3413543701172	95.67333984375	47.800662994384766	41.199188232421875	
157.60134887695312	95.90422058105469	47.944679260253906	41.66230773925781	
158.3935089111328	95.87605285644531	47.804656982421875	42.06687545776367	
157.9714813232422	96.24832916259766	49.31666946411133	42.73430633544922	
157.59129333496094	96.47188568115234	49.90651321411133	43.07094955444336	
158.6764373779297	97.97137451171875	48.689945220947266	41.963157653808594	
158.02720642089844	98.59571838378906	50.19066619873047	42.12120056152344	
157.0160369873047	99.30897521972656	50.09513854980469	43.17346954345703	
157.31997680664062	100.97837829589844	49.86470031738281	42.6536865234375	
155.999267578125	101.81344604492188	51.526039123535156	43.573116302490234	
153.27102661132812	101.42120361328125	52.62876510620117	44.934669494628906	
153.13150024414062	100.80531311035156	52.18053436279297	44.216609954833984	
153.9014434814453	98.06904602050781	52.21540451049805	44.85771179199219	
152.6266632080078	95.15386199951172	51.58748245239258	44.3549690246582	
151.87741088867188	92.84297180175781	52.06371307373047	44.273563385009766	
152.7510986328125	92.1447525024414	50.71813201904297	46.10749053955078	
148.8028564453125	87.90959930419922	51.7969970703125	45.385807037353516	
148.80372619628906	85.24554443359375	50.26176834106445	45.693443298339844	
148.71969604492188	80.35227966308594	48.637203216552734	46.09477996826172	
152.30052185058594	76.84247589111328	41.39524459838867	43.47194290161133	
153.29981994628906	71.53194427490234	39.506141662597656	41.3118896484375	
153.2161865234375	67.41390991210938	39.446197509765625	40.43901824951172	
150.7919464111328	68.88034057617188	40.470096588134766	39.70384979248047	
147.78433227539062	71.57369995117188	42.24658203125	40.064903259277344	
144.08554077148438	73.97825622558594	44.42845916748047	41.24042892456055	
138.95370483398438	74.2424545288086	47.668704986572266	42.58385467529297	
135.24874877929688	72.57288360595703	47.1712646484375	44.19108200073242	
130.0599822998047	72.42542266845703	49.379249572753906	45.08470153808594	
127.56517028808594	74.29279327392578	47.06751251220703	44.6463737487793	
122.05284118652344	73.7620849609375	54.179039001464844	49.191131591796875	
126.66093444824219	74.71613311767578	48.8939094543457	45.8975944519043	
127.51114654541016	74.10726165771484	48.52092361450195	45.35448455810547	
127.41175842285156	73.15708923339844	48.73260498046875	45.39208221435547	
128.6594696044922	71.44151306152344	50.734981536865234	46.94202423095703	
129.75929260253906	71.56312561035156	48.603782653808594	44.565101623535156	
128.3364715576172	69.95828247070312	48.189186096191406	45.40158462524414	
125.17631530761719	69.37893676757812	50.108882904052734	45.91307830810547	
122.30903625488281	71.09429931640625	52.4965705871582	46.56889343261719	
123.3885498046875	73.52691650390625	50.332279205322266	46.15285110473633	
121.1952133178711	74.70024108886719	51.894073486328125	46.62638473510742	
124.71600341796875	75.83750915527344	49.67261505126953	45.43349838256836	
125.3216552734375	75.40787506103516	51.26520538330078	46.67084503173828	
128.20755004882812	75.73799896240234	50.41814422607422	46.15425491333008	
131.22422790527344	76.09317779541016	51.267723083496094	47.09307098388672	
133.6456298828125	76.78189849853516	52.556602478027344	47.14362716674805	
137.33045959472656	78.61507415771484	52.605438232421875	45.9835090637207	
142.55203247070312	79.7867202758789	51.435203552246094	45.36079406738281	
145.2237548828125	81.22019958496094	53.01820755004883	46.18992233276367	
148.8973846435547	83.2325210571289	53.351531982421875	45.145240783691406	
154.15310668945312	85.21344757080078	52.25298309326172	43.766319274902344	
157.43185424804688	86.18409729003906	52.38945770263672	44.0217170715332	
161.1634979248047	87.93507385253906	52.66533660888672	44.22745895385742	
166.16464233398438	90.32537841796875	50.339805603027344	42.78766632080078	
167.69357299804688	92.27728271484375	51.91633224487305	43.80679702758789	
169.61923217773438	94.14739990234375	51.93304443359375	43.40153503417969	
172.3960418701172	95.78681945800781	51.8240852355957	43.93473434448242	
174.7728729248047	98.0630874633789	50.06097412109375	44.181724548339844	
174.72389221191406	99.54986572265625	50.993553161621094	44.68120574951172	
175.40121459960938	100.98101043701172	51.63336181640625	45.52948760986328	
176.3197479248047	102.82796478271484	50.322784423828125	45.46589279174805	
175.7716522216797	103.85420227050781	50.6352653503418	46.17285919189453	
176.28216552734375	104.6792221069336	50.42402267456055	46.07881546020508	
176.80728149414062	105.63789367675781	50.198951721191406	46.43097686767578	
178.6601104736328	106.22013854980469	49.676700592041016	45.994937896728516	
179.66452026367188	106.1045150756836	50.134765625	46.55724334716797	
180.92776489257812	105.68428039550781	50.84807586669922	47.186927795410156	
182.4326171875	106.4227523803711	50.355873107910156	47.252586364746094	
184.12301635742188	106.60081481933594	49.417266845703125	47.275054931640625	
185.983642578125	107.08799743652344	48.66794204711914	47.62157440185547	
188.2293701171875	106.68536376953125	46.463775634765625	45.935157775878906	
192.38430786132812	107.21820068359375	43.861595153808594	44.45475769042969	
195.20025634765625	106.46623229980469	42.50267791748047	44.3111686706543	
194.332763671875	105.70536041259766	44.16715621948242	45.08306884765625	
197.2076416015625	108.11766052246094	40.4867057800293	42.40910720825195	
197.52212524414062	107.82185363769531	41.1116943359375	43.28814697265625	
198.66136169433594	107.49991607666016	42.1075325012207	43.36520004272461	
200.8012237548828	107.00340270996094	41.866676330566406	43.41560363769531	
202.49172973632812	107.1469955444336	41.27505111694336	43.39564895629883	
202.90919494628906	107.8907470703125	42.02445602416992	43.77825164794922	
204.40322875976562	108.7442398071289	41.3806037902832	43.39478302001953	
204.75204467773438	108.9760513305664	43.17864227294922	44.29878234863281	
207.373779296875	109.5627212524414	41.98021697998047	42.892189025878906	
210.11019897460938	108.2913818359375	42.39133834838867	43.214778900146484	
213.41091918945312	108.0521469116211	41.605316162109375	42.30797576904297	
215.3938751220703	106.6675796508789	42.143043518066406	42.707557678222656	
215.67251586914062	105.720947265625	43.268760681152344	43.38371658325195	
218.1616973876953	106.73612213134766	41.83119583129883	42.07509231567383	
219.7183074951172	106.41438293457031	41.548561096191406	42.19623947143555	
220.2115936279297	106.12501525878906	43.26801681518555	42.675025939941406	
222.8828125	104.9050064086914	41.663002014160156	42.20307159423828	
223.40316772460938	104.0746078491211	41.92454147338867	41.24836349487305	
223.82278442382812	103.09852600097656	42.51359558105469	41.269229888916016	
225.78219604492188	102.61502838134766	41.867645263671875	39.97822952270508	
227.086669921875	101.85028076171875	41.867286682128906	40.609764099121094	
228.03146362304688	101.4006118774414	42.99608612060547	40.83513259887695	
228.29452514648438	101.42478942871094	41.352474212646484	39.42169189453125	
227.7550811767578	101.01918029785156	41.432899475097656	39.25270462036133	
228.08309936523438	99.93603515625	41.81718826293945	39.907798767089844	
228.5952911376953	99.05412292480469	42.37940216064453	39.04981231689453	
227.37088012695312	96.76559448242188	43.44695281982422	38.98125457763672	
226.56826782226562	94.26390075683594	45.08143997192383	39.30388259887695	
227.6614990234375	91.49188995361328	45.59812545776367	39.501136779785156	
230.3121337890625	88.57014465332031	43.173988342285156	38.43735885620117	
231.604736328125	84.69581604003906	43.811256408691406	38.79193115234375	
233.7404022216797	80.80206298828125	42.7834358215332	39.56560134887695	
232.3341827392578	78.40150451660156	44.33517074584961	39.820919036865234	
232.4751434326172	77.1114501953125	43.282344818115234	39.64895248413086	
233.765869140625	76.03401947021484	42.55946731567383	39.36558151245117	
232.1282501220703	75.2918472290039	43.08489227294922	39.34557342529297	
232.92831420898438	74.04244232177734	41.340660095214844	39.42007064819336	
231.9708709716797	73.67900085449219	42.56629180908203	39.823631286621094	
230.88809204101562	73.88829040527344	42.14530563354492	38.62946319580078	
230.0236358642578	72.56478118896484	40.3117561340332	39.20526123046875	
226.3758087158203	72.04563903808594	42.0992546081543	40.27938461303711	
225.1494903564453	72.50326538085938	41.62621307373047	39.94683074951172	
221.5459747314453	71.99462890625	44.13624954223633	41.222694396972656	
218.5509796142578	73.05567169189453	45.44359588623047	40.506832122802734	
214.6852264404297	72.94509887695312	47.07895278930664	39.16008758544922	
215.801025390625	73.19400024414062	46.248897552490234	39.72882843017578	
213.31875610351562	73.14363861083984	47.71477127075195	40.01476287841797	
210.8448028564453	72.65185546875	48.43366622924805	40.99176788330078	
208.87338256835938	73.31062316894531	49.404258728027344	39.67180252075195	
208.53048706054688	71.56632995605469	49.520225524902344	42.14348220825195	
207.1925048828125	70.98875427246094	50.64261245727539	41.67012023925781	
205.32839965820312	69.96241760253906	51.276588439941406	42.4000129699707	
204.87692260742188	69.30693817138672	52.1792106628418	43.238128662109375	
204.45115661621094	69.6439437866211	51.89019775390625	43.15624237060547	
204.3600616455078	70.37580108642578	50.33769607543945	42.32707977294922	
204.21583557128906	70.89043426513672	51.33397674560547	42.863670349121094	
202.88160705566406	70.57011413574219	51.115440368652344	42.17829895019531	
201.8409423828125	69.47784423828125	51.72490310668945	42.754573822021484	
203.0349578857422	68.92274475097656	51.215187072753906	42.83281707763672	
203.62136840820312	69.57716369628906	52.1329345703125	42.69334411621094	
207.04879760742188	70.97270202636719	51.11516571044922	42.266265869140625	
209.289306640625	72.33290100097656	50.66654586791992	40.1097297668457	
210.4705352783203	71.52204895019531	51.022247314453125	41.295188903808594	
213.5268096923828	71.95742797851562	49.87767791748047	41.0014533996582	
220.12100219726562	71.0719223022461	45.769676208496094	42.420780181884766	
222.2014923095703	71.40330505371094	42.99390411376953	41.79962158203125	
223.18161010742188	71.13560485839844	42.75831604003906	41.30620574951172	
223.506103515625	70.51432800292969	43.63203048706055	41.656341552734375	
223.09042358398438	71.08847045898438	42.643516540527344	41.05179977416992	
220.35458374023438	74.07624816894531	43.226009368896484	40.72836685180664	
217.7893829345703	77.76177978515625	45.51884078979492	40.837059020996094	
213.62356567382812	82.54863739013672	43.89618682861328	40.47457504272461	
207.8063507080078	86.60717010498047	46.213191986083984	41.60344696044922	
200.75216674804688	89.0130386352539	51.49055099487305	45.6691780090332	
197.02133178710938	91.2278060913086	51.870849609375	47.275718688964844	
194.62905883789062	93.28504180908203	52.162620544433594	47.888858795166016	
190.35874938964844	93.0181884765625	53.94477081298828	50.09086608886719	
186.75755310058594	94.24535369873047	53.07509231567383	49.37865447998047	
183.10195922851562	94.73235321044922	52.849853515625	49.044090270996094	
178.0420684814453	93.3765640258789	55.08915328979492	49.631248474121094	
173.41075134277344	90.97553253173828	57.01189041137695	50.02180862426758	
168.31410217285156	87.8833999633789	58.3959846496582	49.824562072753906	
165.40866088867188	84.2769546508789	59.384986877441406	49.85914993286133	
163.30686950683594	81.38908386230469	60.929161071777344	51.142372131347656	
161.69720458984375	76.89309692382812	61.657569885253906	51.25471878051758	
161.88653564453125	74.09024047851562	60.61613845825195	50.933475494384766	
161.8279571533203	71.7938003540039	60.84649658203125	50.55045700073242	
161.5863800048828	70.1612777709961	61.42363739013672	51.655418395996094	
162.4925079345703	69.73725128173828	61.79692459106445	51.03721237182617	
164.1227569580078	69.33736419677734	61.90117645263672	51.23779296875	
165.09039306640625	68.24451446533203	64.12922668457031	51.974403381347656	
164.87240600585938	68.29322814941406	68.13911437988281	52.0337028503418	
166.2229461669922	68.3897705078125	69.06048583984375	52.13292694091797	
166.9626922607422	67.75043487548828	68.71665954589844	52.81293869018555	
169.6459503173828	67.72240447998047	66.82769775390625	52.215171813964844	
172.16891479492188	67.56896209716797	64.41481018066406	51.376373291015625	
174.0659942626953	66.41814422607422	65.45269012451172	52.959999084472656	
178.75848388671875	70.25492858886719	53.46185302734375	48.601768493652344	
179.01953125	63.894309997558594	63.747291564941406	51.855934143066406	
179.9294891357422	64.09729766845703	61.52977752685547	51.46068572998047	
180.48057556152344	62.117515563964844	62.61149215698242	52.378562927246094	
181.63790893554688	61.56549072265625	62.6349983215332	51.46097946166992	
180.0914764404297	60.363182067871094	64.88983154296875	52.997398376464844	
178.16946411132812	60.72789764404297	64.52186584472656	52.75006866455078	
175.46707153320312	60.95844650268555	67.03779602050781	52.756309509277344	
171.3584747314453	60.84870147705078	67.3197021484375	53.049774169921875	
169.02102661132812	59.66047286987305	63.50800704956055	51.87885665893555	
168.27951049804688	58.59978103637695	60.90083694458008	52.52546310424805	
167.65614318847656	57.86286544799805	60.721527099609375	51.334449768066406	
167.7015838623047	56.92912673950195	61.414886474609375	52.550804138183594	
169.6365203857422	54.37371063232422	62.26347732543945	52.30706787109375	
168.9516143798828	52.45811080932617	66.08460998535156	51.0003662109375	
171.6504669189453	52.392784118652344	67.64112091064453	49.968849182128906	
171.85818481445312	53.472511291503906	65.92161560058594	50.789981842041016	
173.18878173828125	54.8027458190918	65.00956726074219	52.2662467956543	
174.21597290039062	54.898956298828125	65.82730102539062	52.94630813598633	
175.5616912841797	56.21913528442383	64.8379135131836	54.453956604003906	
177.7426300048828	56.99580001831055	64.609619140625	52.205718994140625	
177.33055114746094	57.002723693847656	64.10086059570312	52.365089416503906	
177.53054809570312	56.135108947753906	65.3248519897461	53.46662139892578	
181.15188598632812	56.2850341796875	64.2671127319336	51.710121154785156	
180.8213348388672	54.905784606933594	64.19525146484375	52.769065856933594	
180.3590087890625	53.705589294433594	65.5877914428711	52.5489616394043	
179.8214111328125	54.49797439575195	63.478424072265625	52.44459915161133	
178.13577270507812	55.42396926879883	63.35486602783203	53.65716552734375	
176.93997192382812	57.16999435424805	61.507102966308594	52.67759323120117	
175.88209533691406	59.304840087890625	61.28014373779297	51.27519607543945	
173.88943481445312	60.4260368347168	61.58953857421875	51.52336883544922	
173.15931701660156	60.8190803527832	62.80431365966797	50.586334228515625	
172.08709716796875	61.23394775390625	55.732887268066406	50.936439514160156	
172.43118286132812	60.967315673828125	55.397552490234375	50.15437698364258	
168.74343872070312	60.283531188964844	55.9541015625	51.33939743041992	
166.3386993408203	60.65106964111328	55.621131896972656	50.4011344909668	
163.81773376464844	61.03153610229492	56.659637451171875	51.43275833129883	
162.94503784179688	62.322166442871094	57.000877380371094	51.02145767211914	
162.00160217285156	65.2071762084961	56.299163818359375	50.149452209472656	
161.86146545410156	67.54008483886719	56.033042907714844	50.0285758972168	
162.2103729248047	68.21546936035156	54.240028381347656	48.880855560302734	
160.510498046875	69.14546203613281	55.847503662109375	49.408348083496094	
162.25448608398438	70.57780456542969	53.95100021362305	47.839664459228516	
161.1677703857422	71.60087585449219	54.720733642578125	48.010902404785156	
161.49853515625	72.75492095947266	53.494972229003906	47.053443908691406	
160.04800415039062	74.03306579589844	54.10374069213867	47.454505920410156	
159.44163513183594	75.53934478759766	53.53753662109375	46.57910919189453	
156.5790252685547	74.91252136230469	55.015724182128906	47.77872085571289	
154.38412475585938	74.2330093383789	54.38142013549805	47.609718322753906	
151.50955200195312	73.09635162353516	55.734344482421875	48.647857666015625	
152.97274780273438	72.71553039550781	55.068702697753906	47.54875183105469	
151.6011199951172	70.56932067871094	56.08501434326172	48.925270080566406	
148.14938354492188	67.92022705078125	56.440826416015625	49.024539947509766	
146.93753051757812	64.1689682006836	56.7664680480957	50.98839569091797	
147.5747528076172	61.505859375	56.7615966796875	50.74922561645508	
146.1306915283203	58.964622497558594	58.044532775878906	52.570228576660156	
146.44871520996094	58.04390335083008	58.20989227294922	51.95941925048828	
143.8469696044922	56.762672424316406	59.879364013671875	52.40192794799805	
145.04583740234375	56.984657287597656	58.61664962768555	52.89337921142578	
141.0631561279297	56.3409423828125	61.99908447265625	54.29553985595703	
142.24850463867188	57.521568298339844	60.1352653503418	53.47430419921875	
141.25845336914062	59.102264404296875	61.12169647216797	52.7218132019043	
139.30160522460938	60.34063720703125	62.870079040527344	53.082054138183594	
139.2408905029297	63.88903045654297	61.884605407714844	51.741546630859375	
139.43385314941406	67.08065032958984	60.72100067138672	52.102500915527344	
138.2155303955078	68.88478088378906	61.960243225097656	52.693138122558594	
138.8965606689453	71.00071716308594	62.30958938598633	52.83472442626953	
140.75868225097656	73.55342102050781	61.91925048828125	53.33403396606445	
140.8240966796875	74.07977294921875	64.16456604003906	54.83366775512695	
146.44100952148438	76.70660400390625	60.658111572265625	52.089149475097656	
150.97830200195312	79.93229675292969	58.08662033081055	51.855857849121094	
155.4247589111328	80.50981903076172	57.706146240234375	52.089073181152344	
160.5186309814453	80.71122741699219	57.40007400512695	51.956787109375	
163.88296508789062	81.20809173583984	57.64290237426758	52.553466796875	
168.50479125976562	82.56693267822266	55.15216827392578	51.00885772705078	
170.5527801513672	83.23313903808594	56.243133544921875	52.40974044799805	
175.45309448242188	85.79369354248047	54.5691032409668	51.274932861328125	
178.5070343017578	85.31565856933594	54.70966720581055	51.5407600402832	
184.0301971435547	83.62723541259766	53.14558792114258	50.46866989135742	
185.2797088623047	83.16241455078125	53.863128662109375	51.04637908935547	
186.01222229003906	86.11967468261719	53.52170944213867	51.111236572265625	
187.74264526367188	87.35987091064453	52.47270584106445	50.84246063232422	
186.6688690185547	87.90444946289062	53.24306106567383	51.60469436645508	
186.3515167236328	89.7515640258789	54.07805633544922	51.6312255859375	
187.88668823242188	90.98108673095703	53.98102569580078	51.724815368652344	
187.93714904785156	90.79405212402344	53.743019104003906	51.828392028808594	
186.9703369140625	90.24638366699219	55.489959716796875	53.20618438720703	
187.7880401611328	90.88805389404297	54.450218200683594	52.9923210144043	
185.5501251220703	90.23970794677734	55.82518768310547	53.561241149902344	
183.84246826171875	90.41569519042969	55.92866897583008	53.87078094482422	
179.8177947998047	89.84547424316406	56.383399963378906	54.06752395629883	
172.4116668701172	87.84126281738281	59.11616134643555	55.34656524658203	
169.07565307617188	89.05238342285156	56.8272705078125	53.78523635864258	
165.67123413085938	88.65130615234375	56.856292724609375	53.676612854003906	
160.1891326904297	88.48994445800781	57.58525848388672	53.015281677246094	
156.10020446777344	87.2603988647461	57.88016891479492	52.61875534057617	
152.84738159179688	85.97341918945312	57.83393096923828	52.97966384887695	
148.62294006347656	83.19535827636719	59.63897705078125	53.90348434448242	
145.6669158935547	80.9246597290039	59.86945343017578	53.454307556152344	
143.8439483642578	79.31173706054688	60.69182205200195	53.132057189941406	
144.28744506835938	75.73780822753906	60.575584411621094	52.71873092651367	
143.92123413085938	70.73117065429688	61.34526443481445	52.31755447387695	
145.59661865234375	66.80814361572266	59.790733337402344	51.727760314941406	
147.57192993164062	60.877540588378906	60.09040451049805	52.40458297729492	
147.08157348632812	56.3621711730957	61.406646728515625	53.922386169433594	
148.0287628173828	53.63525390625	62.3213996887207	54.37366485595703	
151.94448852539062	51.793052673339844	59.17395782470703	53.06975173950195	
