298.0	51.0	21.0	136.0	
298.5776672363281	50.56022262573242	20.822187423706055	137.79576110839844	
297.25958251953125	50.28448486328125	21.095539093017578	138.00326538085938	
297.2911071777344	49.794708251953125	20.606719970703125	140.283935546875	
297.1759948730469	50.901954650878906	20.3630313873291	140.35472106933594	
296.9837341308594	48.900428771972656	20.301475524902344	142.25534057617188	
298.06732177734375	47.94931411743164	19.723283767700195	142.3155975341797	
297.5921325683594	46.424861907958984	19.98214340209961	143.4642791748047	
298.002685546875	49.0231819152832	20.155670166015625	140.2268829345703	
298.9536437988281	49.58015823364258	19.968727111816406	138.09237670898438	
297.9886779785156	49.9487419128418	20.043994903564453	135.64187622070312	
296.66998291015625	49.980587005615234	20.62238311767578	137.08909606933594	
296.4810485839844	46.451148986816406	19.813825607299805	141.34075927734375	
295.8404235839844	47.945159912109375	19.703271865844727	138.88864135742188	
294.75054931640625	45.9094123840332	20.040205001831055	143.91795349121094	
294.39654541015625	48.30825424194336	20.00336456298828	141.48263549804688	
294.340087890625	47.443687438964844	19.863189697265625	143.46182250976562	
293.6401672363281	47.79146957397461	20.322160720825195	141.6483917236328	
291.5442810058594	47.417137145996094	21.01834487915039	136.56976318359375	
283.8095397949219	48.91171646118164	23.17559814453125	126.7857666015625	
281.7081604003906	23.235950469970703	24.320755004882812	157.505859375	
276.3797912597656	19.349607467651367	23.42909812927246	151.7313232421875	
276.084228515625	24.71360969543457	22.541099548339844	145.98046875	
272.3302917480469	29.6870174407959	22.50541114807129	145.74935913085938	
284.09735107421875	36.12975311279297	22.70454978942871	147.03903198242188	
267.2689514160156	39.16840362548828	22.524208068847656	145.87109375	
259.3705139160156	46.46608352661133	22.64670753479004	146.6644287109375	
258.58111572265625	41.73859786987305	22.485824584960938	145.62252807617188	
285.7891845703125	44.52336120605469	21.746826171875	130.51280212402344	
290.32196044921875	45.769927978515625	20.762346267700195	143.2607421875	
298.2452697753906	49.33537292480469	19.81624412536621	145.15658569335938	
303.28277587890625	37.146175384521484	20.108232498168945	159.02976989746094	
304.6841735839844	33.644676208496094	19.62867546081543	161.502685546875	
302.28564453125	41.568603515625	17.894710540771484	149.85989379882812	
295.80487060546875	40.92101287841797	19.09994125366211	156.58399963378906	
287.94793701171875	50.343727111816406	19.605304718017578	137.96644592285156	
277.70379638671875	58.82143020629883	21.60628890991211	124.63734436035156	
273.09234619140625	37.00995635986328	22.197940826416016	143.75814819335938	
285.92242431640625	41.745391845703125	22.083599090576172	143.01763916015625	
283.01580810546875	41.90657043457031	21.517641067504883	139.35238647460938	
277.98565673828125	49.024879455566406	20.823455810546875	134.85670471191406	
270.3910827636719	54.783119201660156	20.787073135375977	134.62107849121094	
279.7008361816406	48.696022033691406	21.305622100830078	137.9792938232422	
286.49774169921875	49.07100296020508	20.491519927978516	132.70700073242188	
278.9964904785156	51.408302307128906	20.65494728088379	133.76539611816406	
240.0952911376953	78.96855163574219	20.367578506469727	131.90432739257812	
254.12606811523438	51.736045837402344	20.193737030029297	130.77850341796875	
277.4449157714844	64.68120574951172	20.9036922454834	110.64216613769531	
282.36956787109375	46.680686950683594	21.1865177154541	133.2672576904297	
282.7247009277344	47.31940460205078	20.74873924255371	134.6028289794922	
280.1304016113281	47.16931915283203	21.11094856262207	127.80412292480469	
278.3740234375	49.30546951293945	21.47871971130371	127.06678771972656	
276.1319274902344	52.305320739746094	21.262805938720703	123.67070007324219	
269.13043212890625	62.101806640625	22.95929527282715	123.16712951660156	
258.89984130859375	63.56017303466797	20.014501571655273	129.61776733398438	
254.0663604736328	52.8032341003418	19.877838134765625	128.7327117919922	
266.6909484863281	59.0905647277832	19.559316635131836	126.6698989868164	
278.62322998046875	48.55946731567383	19.526344299316406	126.45635986328125	
277.11163330078125	47.279747009277344	19.045589447021484	123.3428955078125	
270.8855285644531	52.936073303222656	19.684993743896484	127.48380279541016	
279.5591735839844	50.63583755493164	19.702037811279297	127.59420013427734	
270.40618896484375	54.500816345214844	19.4810791015625	126.1632308959961	
264.37432861328125	56.362098693847656	19.841508865356445	128.49745178222656	
266.62579345703125	50.94336700439453	20.326684951782227	131.63955688476562	
276.359619140625	54.71295928955078	21.448204040527344	121.91593933105469	
289.37054443359375	43.0145263671875	19.496761322021484	141.74032592773438	
299.6515197753906	40.802513122558594	19.239730834960938	140.60391235351562	
301.190673828125	29.1921329498291	18.693593978881836	149.2173614501953	
296.48968505859375	32.78447723388672	18.287614822387695	149.22198486328125	
287.523193359375	31.708776473999023	18.456043243408203	150.80616760253906	
272.75286865234375	41.81987762451172	22.215383529663086	131.49447631835938	
271.16278076171875	40.483802795410156	20.907405853271484	135.40042114257812	
259.01470947265625	54.792884826660156	20.40066909790039	132.11868286132812	
266.38665771484375	40.684410095214844	20.693073272705078	134.01235961914062	
273.586181640625	44.59067916870117	20.773996353149414	134.5364227294922	
274.6602478027344	44.62062454223633	20.28500747680664	131.36965942382812	
260.5068664550781	51.6359977722168	19.900415420532227	128.8789520263672	
255.16348266601562	56.75749588012695	19.326175689697266	125.16007232666016	
233.08447265625	60.14339065551758	19.000795364379883	123.05284118652344	
264.15740966796875	40.00868606567383	18.842910766601562	122.0303726196289	
275.07403564453125	45.60080337524414	21.88681411743164	118.31136322021484	
289.4507751464844	46.11830520629883	18.787363052368164	133.42752075195312	
294.478271484375	41.873085021972656	18.342533111572266	137.78857421875	
296.6639404296875	46.84386444091797	18.052936553955078	131.6087646484375	
293.3916931152344	45.40867233276367	18.26346206665039	135.45303344726562	
288.11712646484375	43.01302719116211	18.520967483520508	139.5619354248047	
281.29302978515625	41.48369216918945	19.55902099609375	133.4264678955078	
265.7984619140625	67.02167510986328	21.716915130615234	110.41841888427734	
249.97280883789062	63.59619140625	17.837785720825195	115.52101135253906	
259.1705017089844	55.45203399658203	17.867191314697266	115.71144104003906	
257.7549743652344	51.79103469848633	17.22831916809082	111.573974609375	
259.88671875	61.74866485595703	16.820791244506836	108.93473815917969	
268.10284423828125	63.44365310668945	16.015138626098633	103.7171630859375	
267.583740234375	66.33821105957031	16.02984046936035	103.8123779296875	
266.5162048339844	69.6077880859375	15.747714042663574	101.98527526855469	
263.037109375	68.0538558959961	15.908195495605469	103.02458190917969	
261.2942199707031	71.9598617553711	15.923047065734863	103.12076568603516	
253.43505859375	51.9300651550293	15.688458442687988	101.60152435302734	
267.63323974609375	69.98673248291016	19.98015785217285	102.39521789550781	
281.4060363769531	56.80804443359375	19.3502197265625	114.43626403808594	
292.4405822753906	56.08107376098633	18.174739837646484	121.21553802490234	
303.4218444824219	45.08100509643555	18.094572067260742	126.6375961303711	
307.8744201660156	58.42725372314453	15.584785461425781	100.93012237548828	
309.68426513671875	48.47803497314453	16.58446502685547	114.87159729003906	
306.7903747558594	46.44663619995117	16.48188591003418	119.8799057006836	
297.1658935546875	42.375755310058594	17.9052791595459	133.78842163085938	
285.5617980957031	49.69733810424805	18.77001190185547	129.52978515625	
268.45819091796875	60.988563537597656	20.679513931274414	107.94673156738281	
242.6138153076172	60.63507080078125	17.49357032775879	113.29178619384766	
255.02938842773438	59.11896514892578	17.0439395904541	110.3798828125	
261.7364807128906	65.22431945800781	16.180465698242188	104.78785705566406	
239.82492065429688	61.516937255859375	15.844621658325195	102.61286926269531	
223.461181640625	54.54087448120117	15.787445068359375	102.2425765991211	
229.6270294189453	58.2211799621582	15.3482084274292	99.39799499511719	
213.39205932617188	72.45056915283203	15.033788681030273	97.36175537109375	
217.1072998046875	60.34804153442383	14.860784530639648	96.24134826660156	
226.93966674804688	65.29438781738281	14.5390625	94.15782165527344	
211.953369140625	75.37064361572266	14.541186332702637	94.17157745361328	
226.1431121826172	56.47288131713867	14.075901985168457	91.15830993652344	
234.57144165039062	70.39086151123047	14.001765251159668	90.67818450927734	
241.7694854736328	68.81700897216797	13.841756820678711	89.6419448852539	
225.34423828125	82.09037780761719	13.295331954956055	86.10319519042969	
243.02548217773438	74.951416015625	13.430882453918457	86.98104095458984	
273.3619079589844	62.12609100341797	18.6954345703125	96.31781005859375	
296.89849853515625	53.181068420410156	17.379898071289062	100.28777313232422	
301.00958251953125	65.68678283691406	13.467397689819336	87.2175064086914	
318.67254638671875	69.41972351074219	13.557948112487793	87.80393981933594	
335.59979248046875	66.93793487548828	13.825759887695312	89.53834533691406	
348.75115966796875	62.991172790527344	13.673543930053711	88.55256652832031	
346.5938720703125	46.57289505004883	14.047477722167969	90.97422790527344	
335.1786193847656	54.28912353515625	14.365939140319824	93.0366439819336	
300.9461364746094	57.691200256347656	14.885747909545898	96.40303802490234	
270.4404602050781	50.26583480834961	20.51675796508789	109.16258239746094	
253.6157684326172	68.36580657958984	15.2490873336792	98.756103515625	
253.54318237304688	67.31124114990234	14.567896842956543	94.34458923339844	
235.37979125976562	72.0943374633789	14.145230293273926	91.60731506347656	
233.7228546142578	64.37455749511719	14.202535629272461	91.97843933105469	
231.84432983398438	70.88153839111328	14.262197494506836	92.36481475830078	
229.1627960205078	69.19156646728516	14.339091300964355	92.86280059814453	
250.83193969726562	81.89030456542969	20.28756332397461	91.41776275634766	
278.0971984863281	53.12725067138672	18.5197811126709	114.83294677734375	
257.9775085449219	72.26292419433594	15.052213668823242	97.48112487792969	
242.1015625	72.4175033569336	14.71953296661377	95.32661437988281	
232.4573211669922	76.91841125488281	14.78729248046875	95.76544189453125	
237.8227996826172	70.84520721435547	14.40234375	93.2724380493164	
225.1925048828125	69.4910888671875	14.222628593444824	92.10856628417969	
211.7602081298828	70.71920013427734	13.815910339355469	89.47457885742188	
217.9543914794922	67.58431243896484	14.16583251953125	91.7407455444336	
266.2127990722656	47.26652908325195	17.251140594482422	105.96553802490234	
268.7712097167969	48.744163513183594	19.839401245117188	111.58686828613281	
275.8905029296875	42.34069061279297	17.322111129760742	121.7710189819336	
284.15606689453125	51.83866500854492	16.679954528808594	116.71629333496094	
289.1993408203125	59.76031494140625	16.12356185913086	110.6427993774414	
288.4557189941406	59.98298263549805	15.64604663848877	110.18310546875	
285.49383544921875	57.62963104248047	16.17410659790039	117.03007507324219	
278.502685546875	50.435218811035156	16.275850296020508	126.94255065917969	
263.7106018066406	63.370689392089844	19.6148738861084	113.46734619140625	
243.64132690429688	78.84095764160156	20.639453887939453	94.1024169921875	
234.0543975830078	70.66810607910156	14.624687194824219	94.7123794555664	
236.7782745361328	70.3000717163086	13.913019180297852	90.10347747802734	
252.68222045898438	72.11236572265625	13.660862922668457	88.47046661376953	
252.3551025390625	63.4061393737793	13.381937026977539	86.6640853881836	
262.26434326171875	63.70068359375	13.135890007019043	85.07063293457031	
264.03619384765625	57.33977127075195	13.481939315795898	87.31172180175781	
256.96771240234375	62.16542434692383	13.510427474975586	87.4962158203125	
249.17086791992188	67.07649230957031	13.44243335723877	87.05587005615234	
264.0321044921875	62.7890510559082	13.78601360321045	89.28096771240234	
265.6932373046875	62.83127975463867	13.592767715454102	88.02946472167969	
236.16897583007812	73.01856994628906	14.17993450164795	91.83206939697266	
207.60049438476562	93.7496109008789	13.754365921020508	89.07600402832031	
215.80575561523438	79.00330352783203	13.807126998901367	89.41769409179688	
255.51394653320312	64.9252700805664	14.015090942382812	90.76451110839844	
283.1183776855469	59.18430709838867	16.277751922607422	91.68985748291016	
297.3699035644531	55.52156448364258	16.19929313659668	98.72099304199219	
304.1673278808594	67.89453125	15.443697929382324	88.77133178710938	
312.3747253417969	63.090728759765625	13.117414474487305	84.95099639892578	
294.000244140625	64.26114654541016	12.870401382446289	83.3512954711914	
282.7830810546875	65.31239318847656	12.956151962280273	83.90663146972656	
286.46649169921875	61.80841827392578	13.476649284362793	87.27748107910156	
302.307373046875	61.02131271362305	16.100595474243164	91.42216491699219	
292.49188232421875	74.90855407714844	17.048208236694336	107.17706298828125	
272.4222106933594	69.94865417480469	19.30398178100586	98.32425689697266	
249.5706024169922	69.2506103515625	19.95724868774414	100.73912811279297	
248.34341430664062	67.01537322998047	14.733938217163086	95.4199447631836	
241.5595245361328	61.89512252807617	14.50304126739502	93.92460632324219	
232.3622589111328	66.60137176513672	14.46763801574707	93.69532775878906	
239.35302734375	68.98356628417969	19.517948150634766	103.32781982421875	
252.17160034179688	72.34069061279297	20.475576400756836	92.75141906738281	
263.823974609375	56.39898681640625	21.029102325439453	106.44438171386719	
278.74774169921875	48.96318817138672	18.821353912353516	129.1319122314453	
292.0836486816406	53.14738845825195	17.369508743286133	115.26947021484375	
302.4549560546875	51.56789016723633	16.219533920288086	102.93037414550781	
287.4507751464844	60.3848991394043	14.888569831848145	96.4213638305664	
274.7834167480469	56.40690994262695	14.756304740905762	95.5647964477539	
268.3878173828125	54.70246505737305	14.62585735321045	94.72000122070312	
232.51089477539062	59.155418395996094	14.524884223937988	94.06608581542969	
234.9756317138672	57.8578987121582	14.74486255645752	95.49070739746094	
278.67822265625	52.223854064941406	15.238204956054688	98.68568420410156	
276.1606750488281	40.31041717529297	18.08676528930664	125.69642639160156	
255.384521484375	55.05461502075195	20.828126907348633	104.91679382324219	
231.79696655273438	66.0062026977539	20.955469131469727	100.26942443847656	
236.54104614257812	59.71015548706055	15.430746078491211	99.93263244628906	
225.9044952392578	59.299713134765625	20.852771759033203	106.96484375	
225.5357208251953	61.582191467285156	15.158900260925293	98.17211151123047	
220.40975952148438	53.88941192626953	20.222087860107422	110.3760757446289	
225.8498992919922	59.68438720703125	15.519915580749512	100.5101318359375	
224.46908569335938	61.45902633666992	22.906917572021484	108.4388656616211	
238.6396942138672	80.6480484008789	20.4470157623291	88.03602600097656	
255.39517211914062	60.935218811035156	20.63481903076172	105.19868469238281	
270.184814453125	46.8468132019043	18.231243133544922	130.9891357421875	
282.75469970703125	50.07453155517578	17.136371612548828	130.84974670410156	
288.13720703125	42.05077362060547	16.969318389892578	120.27217102050781	
290.07177734375	47.313072204589844	16.961116790771484	121.36468505859375	
289.1914367675781	45.56560516357422	16.34830093383789	118.9583969116211	
285.8082275390625	47.20099639892578	17.139083862304688	124.03767395019531	
275.9158630371094	40.274696350097656	17.89376449584961	134.2616729736328	
256.6825866699219	50.56232452392578	20.641902923583984	108.44437408447266	
231.308349609375	48.82472610473633	16.561511993408203	107.2557144165039	
225.3292999267578	48.391685485839844	16.554500579833984	107.2103042602539	
233.49728393554688	51.3590087890625	16.035022735595703	103.84605407714844	
218.7847900390625	54.576927185058594	15.733161926269531	101.89114379882812	
205.8699951171875	65.90503692626953	20.105247497558594	102.175537109375	
214.021484375	49.257415771484375	21.469491958618164	118.13973236083984	
217.24545288085938	53.020118713378906	21.621042251586914	114.23866271972656	
228.0123748779297	69.16443634033203	20.43990135192871	100.37162780761719	
246.8096160888672	64.49083709716797	21.345172882080078	103.9959945678711	
269.44696044921875	43.71523666381836	18.390975952148438	119.3652114868164	
285.6039733886719	37.9177360534668	17.82780647277832	123.212158203125	
294.89532470703125	38.185890197753906	16.860795974731445	115.17342376708984	
302.3472900390625	49.9051513671875	15.079106330871582	109.1031494140625	
300.5442810058594	52.943458557128906	14.707420349121094	103.80950927734375	
294.8261413574219	46.783714294433594	16.48073387145996	106.7859115600586	
289.2762756347656	46.591819763183594	16.025489807128906	114.305419921875	
277.293212890625	43.367713928222656	17.166929244995117	125.77127838134766	
250.80990600585938	60.51301956176758	20.386560440063477	104.79833984375	
231.14993286132812	60.67387771606445	15.490389823913574	100.31893920898438	
215.7808380126953	49.02409744262695	21.326318740844727	113.67582702636719	
218.3654022216797	44.86040496826172	20.865467071533203	113.7133560180664	
217.0593719482422	44.843563079833984	21.765254974365234	115.50187683105469	
220.4925079345703	57.2191276550293	21.62910270690918	104.93062591552734	
229.26913452148438	55.47328567504883	21.942310333251953	110.80970764160156	
250.487060546875	57.954002380371094	20.106630325317383	102.93875885009766	
273.067138671875	30.358318328857422	18.766277313232422	129.53555297851562	
291.3313903808594	39.8507080078125	16.163110733032227	125.0059585571289	
296.4888610839844	41.838829040527344	16.355276107788086	118.66815185546875	
295.5226135253906	39.96748733520508	16.242206573486328	116.6086196899414	
293.6252136230469	32.16089630126953	16.790544509887695	123.31138610839844	
291.76763916015625	32.1005973815918	16.860307693481445	120.64414978027344	
287.8875427246094	37.830238342285156	16.27826499938965	128.43739318847656	
278.3614501953125	30.0470027923584	17.218828201293945	128.94557189941406	
261.19366455078125	29.5620174407959	18.84041976928711	132.20657348632812	
233.3016815185547	57.349754333496094	19.832786560058594	103.24212646484375	
209.88671875	37.757041931152344	21.549423217773438	121.7891845703125	
191.46475219726562	42.8448486328125	17.134904861450195	110.9691390991211	
183.02406311035156	48.01152801513672	16.4876708984375	106.77751159667969	
190.70809936523438	52.18328857421875	15.97044563293457	103.4278564453125	
187.073974609375	57.4267692565918	19.598331451416016	105.2238998413086	
190.92831420898438	56.33152389526367	16.128686904907227	104.4526596069336	
192.93478393554688	58.281822204589844	18.914499282836914	102.9100341796875	
215.7381591796875	68.9432601928711	20.13694953918457	91.8068618774414	
250.24777221679688	59.70940399169922	19.166589736938477	108.87294006347656	
273.60150146484375	38.736167907714844	16.830617904663086	123.5953369140625	
287.28533935546875	35.28842544555664	16.75409507751465	114.67671203613281	
289.7357482910156	35.133785247802734	16.138145446777344	112.51512145996094	
288.454833984375	34.323978424072266	16.48184585571289	114.8084716796875	
288.457763671875	34.58415985107422	16.813365936279297	117.67488861083984	
286.55023193359375	33.76667022705078	16.59732437133789	111.14208984375	
277.98809814453125	43.59797668457031	16.200700759887695	118.24129486083984	
259.82196044921875	36.17530059814453	18.426727294921875	128.00253295898438	
234.6724090576172	60.57300567626953	21.096355438232422	99.46739196777344	
221.03213500976562	42.660152435302734	15.945651054382324	103.2673110961914	
197.25796508789062	39.03033447265625	16.237031936645508	105.15434265136719	
190.12744140625	43.22589874267578	20.398256301879883	103.2614974975586	
191.7507781982422	40.35387420654297	21.007844924926758	105.7775650024414	
191.94444274902344	46.84404754638672	20.11899757385254	103.03254699707031	
194.7825164794922	51.43379592895508	18.819522857666016	99.98522186279297	
209.08047485351562	57.35308837890625	15.225558280944824	98.60382080078125	
225.2998046875	58.832275390625	18.00659942626953	101.86058044433594	
213.12744140625	65.176025390625	14.338704109191895	92.86038970947266	
216.0460205078125	59.35359573364258	14.964098930358887	96.91056823730469	
205.48583984375	54.8785514831543	14.547361373901367	94.2116928100586	
201.11959838867188	57.33526611328125	14.412338256835938	93.33726501464844	
207.13540649414062	58.86005783081055	14.554235458374023	94.25623321533203	
216.5032196044922	66.05530548095703	14.129122734069824	91.50312042236328	
223.0854949951172	68.09188079833984	14.138849258422852	91.56610107421875	
230.31149291992188	61.843833923339844	14.12890625	91.501708984375	
261.93927001953125	43.14391326904297	18.15091896057129	112.07453918457031	
236.20632934570312	62.41802978515625	20.240081787109375	89.8505859375	
224.65390014648438	46.43169403076172	20.825817108154297	110.08219909667969	
216.25650024414062	53.16815948486328	20.056034088134766	100.73916625976562	
210.5335693359375	45.7457389831543	20.34574317932129	104.74076843261719	
204.83767700195312	59.47358322143555	15.316858291625977	99.19511413574219	
200.5675811767578	57.19739532470703	15.389984130859375	99.66869354248047	
200.88906860351562	48.23230743408203	20.099016189575195	107.10881042480469	
214.469482421875	47.75495910644531	20.909175872802734	111.46903991699219	
237.77224731445312	51.15175247192383	21.51605987548828	103.752685546875	
256.5778503417969	35.050025939941406	19.249752044677734	120.31964111328125	
257.58612060546875	33.28131866455078	18.95804214477539	122.3736572265625	
249.13046264648438	40.767730712890625	19.078807830810547	112.27748107910156	
238.2605743408203	56.5217399597168	21.608346939086914	100.9265365600586	
234.2971649169922	56.52085494995117	19.677547454833984	108.37184143066406	
233.39840698242188	53.7957649230957	19.202472686767578	106.28425598144531	
231.2100067138672	52.63275146484375	19.50042152404785	108.16728210449219	
225.4438934326172	48.06292724609375	21.398845672607422	110.5194320678711	
224.1954345703125	50.08565902709961	21.614627838134766	107.37712097167969	
243.70114135742188	48.44099044799805	20.500713348388672	103.49884033203125	
272.96429443359375	33.12511444091797	19.69681739807129	115.53790283203125	
309.34197998046875	48.71711349487305	16.08611488342285	104.17701721191406	
321.48162841796875	23.660058975219727	15.898508071899414	102.9620361328125	
317.69500732421875	32.17460250854492	15.569964408874512	100.8343276977539	
318.5843811035156	31.189355850219727	15.639291763305664	101.2833023071289	
319.82379150390625	53.89508056640625	15.82031536102295	102.45565032958984	
309.787353515625	62.41047286987305	18.51845932006836	122.6780776977539	
300.14373779296875	58.962623596191406	16.14566993713379	109.5488052368164	
276.5833435058594	50.69075393676758	16.77752685546875	109.86280822753906	
259.4430236816406	37.6573486328125	18.089828491210938	123.1173324584961	
246.0074920654297	42.23779296875	19.504850387573242	114.3620376586914	
240.99716186523438	47.8455810546875	19.672271728515625	108.5468978881836	
241.6179656982422	52.0222282409668	19.125885009765625	107.04776763916016	
244.5552215576172	46.63352584838867	18.959178924560547	114.2697982788086	
244.9921875	42.37010955810547	19.299192428588867	121.11373138427734	
246.7294464111328	38.59043502807617	20.414215087890625	124.04335021972656	
259.6384582519531	23.375120162963867	19.654979705810547	141.85659790039062	
291.7788391113281	33.612972259521484	18.3037166595459	118.53865051269531	
315.88604736328125	16.46000099182129	17.919071197509766	116.047607421875	
331.7387390136719	36.505672454833984	17.42338752746582	112.83746337890625	
370.9222106933594	54.8619270324707	17.67532730102539	114.46907806396484	
410.5450744628906	64.57496643066406	16.810428619384766	108.86781311035156	
427.934326171875	59.08319091796875	16.385051727294922	106.11297607421875	
411.8453063964844	76.834716796875	20.237586975097656	92.8464584350586	
412.21417236328125	80.60543060302734	19.129541397094727	91.41535186767578	
409.23480224609375	84.81541442871094	18.912799835205078	86.8625717163086	
408.76446533203125	76.39765167236328	19.045562744140625	93.65438842773438	
407.9988708496094	79.86744689941406	18.142847061157227	85.76566314697266	
407.6539001464844	85.61625671386719	18.01253318786621	81.49876403808594	
403.0075378417969	77.00267791748047	17.756359100341797	89.70231628417969	
403.1705017089844	78.98555755615234	18.026033401489258	90.2518539428711	
403.0833740234375	76.7112045288086	17.61008644104004	92.33470153808594	
407.349609375	84.5456314086914	17.788856506347656	86.5526351928711	
407.54656982421875	82.81087493896484	17.63673210144043	84.62218475341797	
409.5605773925781	83.28620910644531	16.716650009155273	78.68009185791016	
407.0227966308594	83.87689208984375	12.87541675567627	83.38385772705078	
408.68438720703125	82.21097564697266	17.672574996948242	86.60137939453125	
410.27801513671875	84.46773529052734	18.695575714111328	81.60405731201172	
410.433837890625	83.09169006347656	18.77280044555664	85.37535095214844	
412.20916748046875	82.64616394042969	18.252647399902344	82.25768280029297	
408.41583251953125	84.69880676269531	18.661630630493164	84.6009521484375	
409.33221435546875	81.3456039428711	18.129152297973633	86.77537536621094	
408.2787780761719	84.42644500732422	18.525432586669922	83.91011047363281	
407.05792236328125	82.11067199707031	18.356002807617188	84.49446105957031	
409.9280700683594	83.60501861572266	17.9517822265625	84.7326889038086	
409.1328430175781	81.86709594726562	18.35846519470215	86.79480743408203	
415.1396484375	76.59523010253906	13.419052124023438	86.90455627441406	
405.64337158203125	80.2068099975586	18.289663314819336	86.66158294677734	
408.33099365234375	79.53343200683594	17.920658111572266	85.48323059082031	
406.6990051269531	78.55455017089844	17.85660171508789	88.59111022949219	
408.69921875	82.07428741455078	18.14474105834961	84.69432067871094	
408.0564270019531	81.62882995605469	18.292316436767578	85.1186294555664	
406.35986328125	84.34837341308594	18.5833683013916	83.29832458496094	
405.0966491699219	82.55357360839844	18.825159072875977	87.09996795654297	
408.1300048828125	82.06996154785156	19.00847053527832	86.74962615966797	
406.49163818359375	81.31456756591797	19.658634185791016	88.05245971679688	
408.286376953125	78.84988403320312	19.196136474609375	88.00273895263672	
411.54266357421875	80.31513977050781	13.858123779296875	89.74806213378906	
405.7104187011719	80.76522064208984	18.797582626342773	86.13129425048828	
407.4275207519531	83.14369201660156	13.99194049835205	90.61469268798828	
404.7568359375	81.6983642578125	19.92035675048828	86.84553527832031	
405.1183776855469	83.13053131103516	19.07619285583496	85.96879577636719	
406.683349609375	82.04317474365234	18.932546615600586	86.31056213378906	
406.4241943359375	82.97664642333984	18.511987686157227	88.52436828613281	
408.06671142578125	81.84851837158203	18.361242294311523	87.6351089477539	
406.55670166015625	82.75521087646484	19.11276626586914	89.43305206298828	
406.49188232421875	85.14906311035156	19.4991397857666	85.94783782958984	
405.2458801269531	85.56565856933594	19.38041114807129	87.59600830078125	
405.62054443359375	88.13801574707031	19.517473220825195	86.88270568847656	
406.5230712890625	84.8607177734375	19.055908203125	86.5573501586914	
406.56793212890625	85.6139907836914	19.629365921020508	87.18574523925781	
408.2912292480469	85.62217712402344	19.436447143554688	86.03337860107422	
409.6947326660156	87.23832702636719	18.520328521728516	83.6119384765625	
411.2720642089844	82.80046081542969	18.618839263916016	86.95097351074219	
410.2506408691406	88.57853698730469	18.25339126586914	82.58954620361328	
409.99603271484375	89.13331604003906	18.723419189453125	78.16645050048828	
409.0796203613281	92.15715026855469	18.420974731445312	78.5478744506836	
410.99908447265625	88.02085876464844	18.761852264404297	80.12428283691406	
411.31085205078125	85.0903549194336	19.11359214782715	83.87242126464844	
408.2607421875	89.7768325805664	19.834863662719727	78.77438354492188	
408.31427001953125	85.4483413696289	20.207326889038086	84.81903076171875	
408.0001525878906	87.5190200805664	19.230802536010742	82.54070281982422	
407.7680358886719	87.65231323242188	18.961566925048828	82.14674377441406	
408.7091369628906	89.85014343261719	18.80031967163086	83.37450408935547	
410.45538330078125	87.831787109375	18.417253494262695	85.42237854003906	
410.37213134765625	86.84678649902344	18.546234130859375	88.87867736816406	
411.0166931152344	85.48912048339844	19.445632934570312	83.9869613647461	
413.1678771972656	90.47331237792969	18.982921600341797	81.03995513916016	
414.18133544921875	90.16861724853516	18.462932586669922	81.1844482421875	
416.1781311035156	88.18251037597656	18.410846710205078	85.17985534667969	
412.21636962890625	94.5481948852539	18.689529418945312	78.45887756347656	
411.9146423339844	91.77641296386719	18.53119468688965	79.35658264160156	
411.08404541015625	91.1549301147461	18.2506160736084	83.47382354736328	
410.26336669921875	87.97811126708984	18.29375457763672	84.17254638671875	
409.01715087890625	88.1913833618164	19.127193450927734	82.23835754394531	
407.5039367675781	84.86749267578125	18.875974655151367	84.84046936035156	
403.07135009765625	76.38163757324219	17.98516273498535	97.35307312011719	
403.50909423828125	85.64802551269531	18.58827781677246	86.25157928466797	
401.8643493652344	81.36666107177734	18.29006576538086	91.73931884765625	
402.10540771484375	80.9511947631836	19.135456085205078	89.0472412109375	
402.41571044921875	79.38360595703125	19.163990020751953	92.1751708984375	
400.6232604980469	70.83656311035156	18.004131317138672	101.7149658203125	
402.2452087402344	81.75828552246094	18.68372917175293	90.89192199707031	
402.87115478515625	81.37186431884766	18.526405334472656	91.79440307617188	
403.09912109375	81.92902374267578	18.659692764282227	91.28535461425781	
404.9349365234375	83.7839126586914	18.625146865844727	86.72997283935547	
405.761962890625	87.29441833496094	17.864404678344727	84.55950927734375	
405.11016845703125	82.5987777709961	17.989879608154297	89.6846694946289	
406.08392333984375	86.57450866699219	18.51571273803711	83.93354797363281	
404.390869140625	88.7832260131836	18.129098892211914	83.49829864501953	
402.73876953125	81.82794952392578	17.493030548095703	88.29715728759766	
406.1182556152344	86.87699890136719	17.231060028076172	82.06884002685547	
404.64666748046875	83.9684066772461	18.128765106201172	86.38618469238281	
406.5088195800781	88.71102905273438	17.582387924194336	80.06346893310547	
405.070556640625	85.89207458496094	17.231090545654297	85.18907165527344	
404.380859375	89.39776611328125	18.325780868530273	80.94229888916016	
403.9713439941406	85.19596862792969	18.67099380493164	82.96670532226562	
405.89947509765625	88.77374267578125	17.825197219848633	78.46710968017578	
403.8147888183594	82.81814575195312	18.812971115112305	86.10321044921875	
401.86199951171875	86.11967468261719	18.1324520111084	86.33891296386719	
402.09698486328125	84.24632263183594	18.486536026000977	85.96155548095703	
401.95599365234375	86.73487854003906	17.99508285522461	84.02969360351562	
398.778076171875	76.07291412353516	18.383163452148438	97.43317413330078	
400.52752685546875	79.84828186035156	18.823169708251953	93.55220031738281	
399.82318115234375	77.82679748535156	19.076112747192383	94.92703247070312	
399.1048278808594	78.29097747802734	17.953590393066406	92.72023010253906	
398.30645751953125	77.95848083496094	17.562496185302734	90.64439392089844	
398.55133056640625	77.22903442382812	16.945613861083984	91.87950897216797	
401.24444580078125	84.02066802978516	17.15707015991211	82.26063537597656	
404.10809326171875	87.76840209960938	17.120922088623047	80.22380828857422	
402.76629638671875	88.26895141601562	16.9450626373291	77.42256164550781	
409.02459716796875	86.3261947631836	11.730962753295898	75.97218322753906	
404.40325927734375	85.06591796875	16.574989318847656	82.67488098144531	
409.2935485839844	82.48284912109375	16.161148071289062	84.82901763916016	
405.1858825683594	90.48258972167969	17.840312957763672	76.70706176757812	
407.86138916015625	89.73414611816406	17.185306549072266	75.48902893066406	
404.590576171875	89.11851501464844	17.85762596130371	79.27217864990234	
404.2001953125	88.74586486816406	17.740371704101562	82.0904312133789	
403.2874450683594	86.19053649902344	17.448108673095703	83.73347473144531	
401.44488525390625	80.41756439208984	17.135528564453125	89.6534423828125	
403.69183349609375	88.87166595458984	17.04889488220215	77.02819061279297	
399.6659240722656	79.8807373046875	16.727916717529297	90.11466979980469	
398.1929626464844	79.61851501464844	16.164409637451172	89.36356353759766	
398.0528869628906	81.21940612792969	17.52608299255371	88.27169036865234	
399.18402099609375	85.58116149902344	17.240276336669922	84.4079360961914	
398.38909912109375	83.3361587524414	16.86504364013672	85.22224426269531	
398.59210205078125	84.5354995727539	16.73429298400879	80.7298355102539	
397.96533203125	84.11863708496094	17.91010856628418	80.25148010253906	
398.4057922363281	82.71223449707031	17.552976608276367	80.4972915649414	
397.0938415527344	84.42121124267578	18.088909149169922	81.57318878173828	
397.1766357421875	83.10247802734375	17.94504165649414	80.7551498413086	
397.06219482421875	83.59900665283203	17.823040008544922	82.74947357177734	
395.75091552734375	84.841064453125	17.559171676635742	81.5632553100586	
395.64544677734375	84.13086700439453	17.645122528076172	79.7283706665039	
396.57269287109375	82.74964904785156	17.988595962524414	83.8095932006836	
396.8062438964844	80.31474304199219	17.594329833984375	86.16047668457031	
396.9349365234375	81.13551330566406	17.957727432250977	86.968505859375	
399.926513671875	81.9601821899414	18.03441047668457	88.66401672363281	
400.29248046875	81.09937286376953	17.310382843017578	90.5404052734375	
405.0091857910156	79.58460998535156	13.640742301940918	88.34028625488281	
403.6134033203125	85.48890686035156	17.711254119873047	82.84757995605469	
401.99285888671875	84.02183532714844	17.934865951538086	85.25689697265625	
402.6084289550781	83.25819396972656	17.332561492919922	82.60193634033203	
403.0032653808594	83.63811492919922	17.455852508544922	81.0054702758789	
400.2718200683594	82.46516418457031	18.312597274780273	84.36158752441406	
399.0286865234375	84.12730407714844	18.415302276611328	86.03190612792969	
398.2014465332031	84.8968276977539	18.18593406677246	83.93106842041016	
397.1983947753906	82.50175476074219	17.853862762451172	89.34965515136719	
397.94012451171875	86.62324523925781	17.635601043701172	83.6396713256836	
398.2349548339844	89.67863464355469	17.00967788696289	81.9287338256836	
396.5600891113281	87.0578384399414	18.00362777709961	84.30253601074219	
397.5690612792969	88.5665283203125	17.860313415527344	82.46073150634766	
396.99041748046875	91.44608306884766	17.42389488220215	80.19355010986328	
395.83282470703125	87.05350494384766	17.096355438232422	84.9986801147461	
396.06256103515625	87.98100280761719	18.394878387451172	82.77279663085938	
396.0581359863281	86.24882507324219	18.00307846069336	82.75138854980469	
397.0070495605469	87.13304138183594	17.84286117553711	80.87841796875	
398.48626708984375	82.62281799316406	17.425228118896484	86.20267486572266	
398.9207458496094	81.78331756591797	18.109224319458008	84.6116714477539	
399.976806640625	83.69971466064453	17.917362213134766	81.94144439697266	
400.61407470703125	82.9015884399414	17.711273193359375	84.82327270507812	
401.24005126953125	81.7181625366211	18.336008071899414	86.69112396240234	
401.4905700683594	87.77783203125	17.466623306274414	80.18141174316406	
399.4742431640625	80.71324157714844	18.1423282623291	87.26947784423828	
398.0401306152344	81.8957290649414	18.762081146240234	86.16636657714844	
396.1839294433594	79.04066467285156	19.310001373291016	86.34980773925781	
396.72613525390625	76.66201782226562	18.530969619750977	89.26567077636719	
395.4058532714844	78.76045227050781	17.78265953063965	88.10682678222656	
396.4590759277344	81.942138671875	17.84990692138672	83.27130889892578	
396.2809143066406	79.59963989257812	18.113224029541016	87.24916076660156	
394.95135498046875	82.62276458740234	19.1049747467041	83.68940734863281	
396.12359619140625	81.1737289428711	18.925024032592773	85.05345916748047	
397.2902526855469	77.9442367553711	17.60338020324707	88.06442260742188	
394.9634704589844	70.89433288574219	18.730703353881836	93.21905517578125	
394.5433654785156	82.9178237915039	18.00431251525879	82.7918472290039	
395.8576965332031	80.34642028808594	17.617656707763672	83.92784118652344	
394.3194580078125	74.55123901367188	13.662114143371582	88.4786376953125	
396.43023681640625	83.20884704589844	17.45471954345703	81.41780090332031	
396.16558837890625	82.46220397949219	17.740833282470703	82.35077667236328	
398.1851501464844	82.47396087646484	18.263751983642578	80.06367492675781	
400.4737243652344	80.95101928710938	17.825199127197266	81.1614990234375	
403.76275634765625	74.6199722290039	14.278533935546875	92.47069549560547	
403.45709228515625	76.0439682006836	14.219907760620117	92.09102630615234	
403.34716796875	77.70423889160156	14.172070503234863	91.78121948242188	
403.62054443359375	81.76402282714844	17.793609619140625	84.77388000488281	
404.06573486328125	76.67594909667969	14.283892631530762	92.50541687011719	
402.7021789550781	82.59967803955078	17.340620040893555	83.10202026367188	
401.5245056152344	74.55797576904297	17.3249454498291	89.77369689941406	
399.3131103515625	82.40788269042969	17.37902069091797	82.31587982177734	
400.18475341796875	84.27180480957031	16.80183219909668	81.2715072631836	
401.75958251953125	74.0499496459961	18.226669311523438	90.8967514038086	
402.08001708984375	80.17382049560547	18.315847396850586	83.97987365722656	
405.644775390625	70.74958038330078	14.707618713378906	95.2495346069336	
403.4664001464844	80.99137878417969	18.436466217041016	83.1658706665039	
403.2261047363281	76.037109375	19.501720428466797	86.42194366455078	
404.97076416015625	77.35578918457031	18.77272605895996	85.39251708984375	
404.6284484863281	78.89295959472656	18.78976821899414	81.45893096923828	
405.37078857421875	77.25300598144531	18.91284942626953	85.26432800292969	
404.6947021484375	77.7785415649414	19.33867073059082	82.29605865478516	
404.7048034667969	73.57686614990234	19.206207275390625	89.33512878417969	
404.280029296875	72.42786407470703	19.209163665771484	86.15742492675781	
405.09539794921875	72.5682144165039	18.95285415649414	89.60841369628906	
405.6484680175781	80.23114013671875	18.390226364135742	82.58929443359375	
404.96612548828125	76.76117706298828	18.322811126708984	83.99275207519531	
405.12200927734375	79.45806884765625	17.673694610595703	82.4931640625	
405.7281188964844	76.07225799560547	18.39554214477539	83.95221710205078	
406.629638671875	74.4560317993164	18.23763656616211	83.4493179321289	
407.23797607421875	76.36874389648438	19.208608627319336	84.43226623535156	
407.1689453125	79.1971206665039	19.31369972229004	81.10746002197266	
406.01220703125	74.11054992675781	19.700241088867188	87.6042251586914	
406.52313232421875	73.1847915649414	19.25473403930664	87.66215515136719	
405.01605224609375	70.94255828857422	19.626422882080078	89.64470672607422	
407.4505310058594	64.71553039550781	15.086069107055664	97.70042419433594	
405.52386474609375	71.38893127441406	19.826984405517578	89.07875061035156	
404.7211608886719	73.62976837158203	19.455652236938477	88.18856048583984	
403.9623718261719	73.21480560302734	20.02334213256836	87.57685852050781	
402.50054931640625	72.7718276977539	18.932188034057617	90.7322998046875	
403.17950439453125	74.55906677246094	18.542749404907227	88.7481460571289	
