340.0	141.0	20.0	21.0	
340.03289794921875	140.51373291015625	19.886302947998047	20.97918128967285	
340.0835876464844	140.6385498046875	19.67905044555664	20.86557388305664	
340.12548828125	140.62271118164062	19.654911041259766	20.78934097290039	
340.0978698730469	140.60153198242188	19.71327018737793	20.945158004760742	
339.86004638671875	140.4237823486328	19.97291374206543	21.15950584411621	
340.029296875	140.52438354492188	19.882431030273438	20.949918746948242	
339.96881103515625	140.61215209960938	19.912128448486328	20.997180938720703	
340.0829772949219	140.52792358398438	19.671772003173828	20.90901756286621	
339.95452880859375	140.4910888671875	19.85660171508789	20.87185287475586	
340.13092041015625	140.50917053222656	19.726354598999023	20.960813522338867	
340.04840087890625	140.51953125	19.862070083618164	21.035072326660156	
344.6332092285156	143.0470428466797	20.452178955078125	21.47478675842285	
339.80999755859375	155.2650909423828	20.53473472595215	21.561471939086914	
340.10821533203125	140.564453125	19.744426727294922	20.894906997680664	
340.0633544921875	140.4495391845703	19.801843643188477	21.177047729492188	
340.1764831542969	140.46453857421875	19.64451789855957	21.1344051361084	
340.1017761230469	140.4872283935547	19.759521484375	20.98695182800293	
339.9515075683594	140.44046020507812	19.884693145751953	21.13907814025879	
339.96734619140625	140.4965057373047	19.896053314208984	21.152685165405273	
339.97174072265625	140.5426483154297	19.885927200317383	20.993087768554688	
339.9324951171875	140.38644409179688	19.980932235717773	21.221355438232422	
340.0953369140625	140.47134399414062	19.63623809814453	21.2027645111084	
339.9630126953125	140.4575958251953	19.890857696533203	21.12681770324707	
340.043212890625	140.59915161132812	19.75820541381836	20.80345916748047	
340.14739990234375	140.6323699951172	19.57571792602539	20.739166259765625	
340.1070861816406	140.5751495361328	19.804424285888672	20.870376586914062	
340.07171630859375	140.36753845214844	19.727840423583984	21.322742462158203	
340.0244140625	140.5221710205078	19.876567840576172	21.118488311767578	
339.92919921875	140.52598571777344	20.14200210571289	20.95047950744629	
339.985107421875	140.50271606445312	19.94359016418457	21.046279907226562	
340.10772705078125	140.58718872070312	19.71688461303711	20.97548484802246	
340.07415771484375	140.45556640625	19.717132568359375	21.05562400817871	
339.9359436035156	140.49020385742188	19.925792694091797	21.17160415649414	
339.86590576171875	140.5353240966797	20.132007598876953	21.17679214477539	
339.90484619140625	140.50401306152344	19.970516204833984	21.069921493530273	
340.0857238769531	140.58859252929688	19.8586368560791	20.927377700805664	
340.1036071777344	140.46670532226562	19.782424926757812	21.13882064819336	
339.96051025390625	140.47366333007812	19.99905014038086	21.00634765625	
339.83026123046875	140.4927978515625	20.276050567626953	21.079357147216797	
339.9705505371094	140.50071716308594	19.90460968017578	21.176124572753906	
340.0970764160156	140.54171752929688	19.734973907470703	20.97237777709961	
340.0213317871094	140.54714965820312	19.868593215942383	20.973360061645508	
339.97210693359375	140.47796630859375	19.93887710571289	20.904422760009766	
340.0891418457031	140.4676513671875	19.875934600830078	21.078502655029297	
340.1363830566406	140.49636840820312	19.704954147338867	20.979995727539062	
340.1885070800781	140.568115234375	19.647422790527344	20.86496353149414	
339.9352111816406	140.60000610351562	19.88079261779785	20.767671585083008	
340.0000915527344	140.44583129882812	19.937255859375	21.05495834350586	
342.4188537597656	140.295166015625	20.903074264526367	20.979053497314453	
345.611572265625	140.97189331054688	21.178930282592773	22.23788070678711	
349.83526611328125	139.22178649902344	22.35044288635254	23.467967987060547	
352.0454406738281	138.7926483154297	20.813541412353516	21.90622329711914	
354.75128173828125	138.6126708984375	20.748897552490234	21.33022117614746	
357.67822265625	138.37423706054688	20.963680267333984	21.391786575317383	
359.9697265625	137.0924835205078	21.835182189941406	23.410749435424805	
362.8834533691406	135.99057006835938	21.869606018066406	24.82476234436035	
364.8530578613281	136.1161651611328	21.870471954345703	24.450366973876953	
366.25115966796875	136.09951782226562	22.960681915283203	23.767454147338867	
368.6799621582031	136.62037658691406	21.789608001708984	22.487560272216797	
371.0865173339844	137.51828002929688	21.771265029907227	21.003814697265625	
372.8716125488281	135.79763793945312	23.889934539794922	25.08442497253418	
375.2301330566406	136.29916381835938	23.434505462646484	24.606224060058594	
379.6792297363281	136.89254760742188	20.71617317199707	22.65024185180664	
382.04644775390625	136.60171508789062	20.64230728149414	22.52927017211914	
384.1754455566406	137.030029296875	20.680747985839844	21.49689292907715	
385.8822326660156	136.94703674316406	21.34620475769043	21.02638053894043	
387.644775390625	136.97227478027344	21.621849060058594	21.034976959228516	
390.1324157714844	136.58999633789062	21.28908920288086	21.41960906982422	
391.8634948730469	136.35105895996094	21.84607696533203	21.703535079956055	
394.03460693359375	135.40040588378906	23.656909942626953	24.839750289916992	
395.99224853515625	135.41876220703125	23.36949920654297	24.5379695892334	
400.99993896484375	136.76577758789062	22.557687759399414	23.68556785583496	
414.1646423339844	143.98683166503906	21.547033309936523	22.56778335571289	
414.3802795410156	143.9835205078125	21.352895736694336	22.620141983032227	
414.50079345703125	143.7644500732422	21.57656478881836	22.8773136138916	
414.73516845703125	143.76229858398438	20.91482162475586	22.72447967529297	
414.46661376953125	143.61068725585938	21.05789566040039	23.092721939086914	
414.4261169433594	143.16358947753906	21.108932495117188	23.81458282470703	
414.45172119140625	142.93853759765625	20.949674606323242	24.147319793701172	
414.569091796875	142.9586944580078	21.06058120727539	24.35684585571289	
415.13519287109375	143.35064697265625	23.328847885131836	24.495285034179688	
414.96539306640625	142.73770141601562	21.046710968017578	24.422574996948242	
415.00604248046875	142.6917266845703	21.14881706237793	24.26483917236328	
414.88922119140625	142.97320556640625	21.374155044555664	23.867355346679688	
415.37060546875	143.28672790527344	20.591550827026367	23.461063385009766	
415.30462646484375	143.41189575195312	20.876771926879883	23.50763511657715	
415.3441467285156	143.6486358642578	20.771081924438477	23.103538513183594	
415.2386169433594	143.8594512939453	20.77578353881836	22.703960418701172	
415.4330139160156	144.0594940185547	20.222240447998047	22.38442611694336	
415.24951171875	144.0891571044922	20.545270919799805	22.274921417236328	
414.1952209472656	143.46449279785156	21.568737030029297	22.647171020507812	
415.17230224609375	143.88925170898438	20.751293182373047	22.9013614654541	
415.0543518066406	143.91404724121094	20.88177490234375	22.641836166381836	
414.82330322265625	143.9414825439453	21.196699142456055	22.64393424987793	
414.87646484375	144.13662719726562	20.989078521728516	22.494131088256836	
414.9462890625	144.017578125	20.948772430419922	22.726520538330078	
415.1485900878906	144.13400268554688	20.625097274780273	22.368831634521484	
415.0205993652344	144.05978393554688	20.687938690185547	22.658029556274414	
414.876953125	144.1169891357422	21.027301788330078	22.535938262939453	
414.8681640625	144.05589294433594	20.9046688079834	22.535808563232422	
414.4644470214844	143.30169677734375	22.96988296508789	24.118371963500977	
414.809326171875	144.0696563720703	20.97724723815918	22.362476348876953	
414.85650634765625	144.08624267578125	20.80837631225586	22.45107078552246	
414.9168395996094	144.17782592773438	20.645545959472656	22.220195770263672	
414.94622802734375	144.1614532470703	20.605030059814453	22.197797775268555	
414.87060546875	144.12074279785156	20.92270278930664	22.366901397705078	
414.56756591796875	143.96522521972656	21.312294006347656	22.814504623413086	
414.50634765625	144.0974884033203	21.170787811279297	22.46601104736328	
414.6820373535156	144.09866333007812	21.11695098876953	22.539234161376953	
414.72418212890625	144.10986328125	21.12574577331543	22.47443199157715	
414.27752685546875	143.43701171875	22.365524291992188	23.483789443969727	
414.671630859375	144.10134887695312	21.17855453491211	22.507102966308594	
414.64007568359375	144.07150268554688	21.489816665649414	22.367902755737305	
414.61676025390625	144.11441040039062	21.264949798583984	22.418712615966797	
414.6045837402344	143.99777221679688	21.44590187072754	22.59578514099121	
414.5958557128906	144.00314331054688	21.23412322998047	22.883094787597656	
414.50323486328125	144.06988525390625	21.623167037963867	22.609094619750977	
414.3480529785156	143.9494171142578	21.8485050201416	22.740718841552734	
414.50323486328125	144.165771484375	21.547815322875977	22.308347702026367	
414.3848571777344	144.1001434326172	21.74684715270996	22.556838989257812	
413.31390380859375	141.73654174804688	25.165058135986328	26.423297882080078	
414.44110107421875	143.9781036376953	21.773900985717773	22.626611709594727	
414.30322265625	144.04037475585938	21.714584350585938	22.74468994140625	
414.50482177734375	143.97262573242188	21.745288848876953	22.58308219909668	
414.32098388671875	144.02371215820312	21.927671432495117	22.644683837890625	
414.3689880371094	143.7965850830078	21.887121200561523	23.130908966064453	
414.5068359375	144.0082550048828	21.710399627685547	22.793842315673828	
414.565185546875	144.09344482421875	21.63875961303711	22.721391677856445	
414.28375244140625	144.03665161132812	21.933319091796875	22.630279541015625	
414.4242248535156	144.034912109375	21.535167694091797	22.60435676574707	
413.49798583984375	141.89166259765625	24.547420501708984	25.774768829345703	
414.2821350097656	143.86312866210938	21.644960403442383	23.02928924560547	
414.38916015625	144.0230712890625	21.729000091552734	22.605243682861328	
414.4640197753906	144.16488647460938	21.770973205566406	22.447187423706055	
414.5191955566406	144.0668487548828	21.363605499267578	22.573867797851562	
414.6795959472656	144.1814422607422	21.342912673950195	22.24216079711914	
414.8629455566406	144.21511840820312	20.746000289916992	22.370141983032227	
414.66156005859375	144.08255004882812	21.12016487121582	22.417537689208984	
414.72509765625	144.0463104248047	21.154085159301758	22.493209838867188	
414.614990234375	144.17855834960938	21.37063217163086	22.170984268188477	
414.2333984375	143.15174865722656	23.09426498413086	24.24896240234375	
414.85833740234375	144.0874786376953	21.005159378051758	22.189373016357422	
414.71453857421875	144.08099365234375	21.150392532348633	22.408082962036133	
414.6695251464844	144.05331420898438	21.488780975341797	22.546077728271484	
414.7977600097656	144.12713623046875	21.304502487182617	22.374256134033203	
414.56512451171875	144.07388305664062	21.302982330322266	22.447582244873047	
414.6666564941406	144.10047912597656	21.275930404663086	22.426176071166992	
414.7284240722656	144.13905334472656	21.28863525390625	22.375307083129883	
414.7247009277344	144.0355224609375	21.187862396240234	22.485210418701172	
414.81024169921875	144.15170288085938	20.995311737060547	22.337013244628906	
414.24462890625	142.0592498779297	22.914661407470703	24.060382843017578	
414.6812438964844	144.11509704589844	21.192506790161133	22.382719039916992	
414.8905334472656	144.15335083007812	21.028961181640625	22.271869659423828	
414.80810546875	144.24673461914062	21.110496520996094	22.055767059326172	
414.69110107421875	144.00582885742188	21.37937355041504	22.54120445251465	
414.7466735839844	144.22702026367188	21.26772689819336	22.206111907958984	
414.84625244140625	144.3008270263672	20.930988311767578	21.875534057617188	
414.94091796875	144.2813262939453	20.99764633178711	21.96991539001465	
414.75457763671875	143.99725341796875	21.279993057250977	22.607507705688477	
409.06536865234375	143.0194854736328	23.136585235595703	24.293407440185547	
400.73406982421875	140.38174438476562	24.794593811035156	26.034317016601562	
407.6661682128906	128.40444946289062	21.347885131835938	21.342321395874023	
398.1497497558594	126.87335205078125	21.461488723754883	22.26131248474121	
388.7971496582031	129.02061462402344	21.525712966918945	20.681787490844727	
381.2198181152344	129.05885314941406	21.1706600189209	22.17179298400879	
379.45172119140625	130.48626708984375	21.04981803894043	21.439716339111328	
377.34222412109375	130.97213745117188	20.366744995117188	22.48274040222168	
373.6036376953125	131.99978637695312	20.894399642944336	21.27321434020996	
370.2582092285156	133.31085205078125	20.803003311157227	20.349416732788086	
367.5713806152344	132.37771606445312	21.51230239868164	23.314451217651367	
362.6188659667969	133.1442413330078	23.43651580810547	24.608333587646484	
355.28515625	134.38571166992188	20.540803909301758	22.316234588623047	
346.41949462890625	135.1341552734375	21.72162437438965	20.9480037689209	
339.00628662109375	135.41419982910156	21.996370315551758	20.710079193115234	
336.3318786621094	135.801513671875	21.34931182861328	21.735607147216797	
333.04583740234375	137.111083984375	21.620223999023438	21.47319984436035	
330.8499450683594	138.0868377685547	20.515525817871094	21.56087875366211	
327.19635009765625	138.54562377929688	20.979450225830078	21.850276947021484	
323.52362060546875	139.77850341796875	20.96158218383789	20.473201751708984	
320.83746337890625	140.1760711669922	20.931228637695312	21.055540084838867	
318.22125244140625	139.54904174804688	22.192493438720703	23.30211639404297	
315.85760498046875	141.89295959472656	19.825496673583984	21.82731819152832	
310.4646911621094	144.92001342773438	22.26956558227539	23.383037567138672	
314.0166931152344	150.8615264892578	22.154098510742188	22.901695251464844	
313.4123229980469	146.2492218017578	21.669198989868164	22.01537322998047	
302.1485900878906	144.8269805908203	21.23541831970215	22.21430206298828	
300.2122497558594	145.8505401611328	20.144006729125977	21.99470329284668	
296.47491455078125	147.09564208984375	20.43094253540039	20.7375431060791	
293.10076904296875	148.22799682617188	19.73195457458496	20.371883392333984	
289.90679931640625	148.0951385498047	21.010814666748047	22.117450714111328	
285.82647705078125	147.48411560058594	23.78595733642578	24.975244522094727	
285.2130432128906	149.95010375976562	20.167863845825195	21.60436248779297	
281.33758544921875	151.22750854492188	20.601951599121094	20.418598175048828	
277.93438720703125	151.99298095703125	20.14479637145996	20.756633758544922	
275.5401611328125	152.25869750976562	20.423412322998047	22.116451263427734	
273.4732360839844	152.619873046875	20.700206756591797	23.063579559326172	
269.2822570800781	154.34841918945312	20.429372787475586	20.85940933227539	
266.1343688964844	155.3561248779297	20.09743881225586	20.578277587890625	
263.47210693359375	155.65953063964844	20.16971206665039	22.05630874633789	
261.0525817871094	155.88780212402344	20.6641845703125	22.967472076416016	
257.82977294921875	155.2203369140625	22.25809097290039	23.3709774017334	
254.4512176513672	158.29348754882812	21.074466705322266	20.824661254882812	
251.7604522705078	158.23464965820312	20.84585189819336	22.72749900817871	
249.23068237304688	158.90945434570312	20.777545928955078	23.18805694580078	
250.7526092529297	159.1979217529297	20.92331314086914	21.00909996032715	
252.20004272460938	158.70654296875	20.309497833251953	21.421886444091797	
253.4056854248047	157.84019470214844	20.475543975830078	23.185590744018555	
254.60946655273438	158.12306213378906	20.670536041259766	21.94168472290039	
255.022216796875	158.03036499023438	21.072751998901367	21.107885360717773	
255.2682647705078	157.98333740234375	21.05608558654785	21.065715789794922	
258.4161376953125	156.76979064941406	21.808828353881836	22.899250030517578	
258.0120849609375	156.8712615966797	20.34328842163086	23.193096160888672	
258.60736083984375	156.63209533691406	21.129674911499023	22.82610511779785	
258.65264892578125	156.69461059570312	21.30196762084961	21.84000587463379	
259.48004150390625	157.50405883789062	20.052616119384766	20.629684448242188	
259.92083740234375	156.7871551513672	20.25400161743164	21.116273880004883	
260.15875244140625	155.85020446777344	20.942363739013672	23.236797332763672	
262.1295166015625	155.60829162597656	20.38235855102539	23.779705047607422	
262.7577819824219	155.885498046875	20.33740234375	22.677242279052734	
262.7059326171875	155.8166961669922	20.77041244506836	22.077045440673828	
261.92254638671875	156.73129272460938	21.50295066833496	22.578083038330078	
263.1970520019531	155.585205078125	20.98460578918457	21.430538177490234	
263.6189880371094	156.2427978515625	20.051502227783203	21.328067779541016	
263.4791564941406	155.13352966308594	21.050058364868164	22.613178253173828	
264.2235107421875	154.9228973388672	20.700847625732422	22.46575355529785	
264.8182373046875	155.3300018310547	20.122488021850586	22.243946075439453	
264.81207275390625	154.97219848632812	20.61701202392578	22.39630699157715	
265.84136962890625	155.4941864013672	19.724956512451172	21.393817901611328	
266.1884765625	154.82542419433594	20.64059829711914	21.94573974609375	
266.9087829589844	154.4048614501953	20.32058334350586	22.830442428588867	
267.6739196777344	154.46412658691406	21.313079833984375	22.37871551513672	
266.6895446777344	154.42384338378906	20.45321273803711	23.30623435974121	
266.68731689453125	154.4227294921875	20.833881378173828	23.079214096069336	
266.82977294921875	154.42977905273438	20.159530639648438	23.122699737548828	
266.78607177734375	154.429931640625	20.47146987915039	23.23061180114746	
266.5431823730469	154.6136474609375	20.556724548339844	22.704851150512695	
266.5938415527344	154.75576782226562	20.276113510131836	22.280391693115234	
265.8609313964844	154.69717407226562	20.790056228637695	22.580495834350586	
265.7115478515625	154.91094970703125	20.60441017150879	22.18803596496582	
265.71685791015625	155.20413208007812	20.154266357421875	21.875619888305664	
265.4411926269531	155.1894989013672	20.496652603149414	21.48179054260254	
266.9125061035156	155.97518920898438	22.625064849853516	23.756296157836914	
265.66522216796875	155.16470336914062	20.299152374267578	21.915889739990234	
265.72955322265625	155.1080322265625	20.290935516357422	21.953556060791016	
265.72442626953125	155.21412658691406	20.386394500732422	21.77099609375	
265.63360595703125	155.17437744140625	20.422466278076172	21.54450035095215	
265.86468505859375	155.13746643066406	20.30064582824707	21.847763061523438	
265.625732421875	155.1829071044922	20.625850677490234	21.92071533203125	
265.8334045410156	155.19290161132812	20.287687301635742	22.112525939941406	
265.65911865234375	155.0994110107422	20.593555450439453	22.209033966064453	
265.5722961425781	154.9260711669922	20.59396743774414	22.456247329711914	
265.5452575683594	155.10690307617188	20.413930892944336	22.272884368896484	
265.4253234863281	154.97000122070312	20.67820167541504	22.400009155273438	
265.2743835449219	154.9352264404297	21.029922485351562	22.312068939208984	
265.47265625	154.908935546875	20.746976852416992	22.317264556884766	
265.5569763183594	155.11544799804688	20.631710052490234	22.197677612304688	
265.64239501953125	155.1186981201172	20.577547073364258	22.11112403869629	
265.71197509765625	155.13735961914062	20.47121238708496	21.90587043762207	
265.69110107421875	155.04190063476562	20.526535034179688	22.130361557006836	
265.51654052734375	155.05271911621094	20.652971267700195	22.2845516204834	
265.50518798828125	154.98802185058594	20.66584587097168	22.350330352783203	
265.7412109375	154.94886779785156	20.412668228149414	22.30307388305664	
265.5379943847656	155.12338256835938	20.51163101196289	21.914133071899414	
265.61627197265625	155.0186004638672	20.39740753173828	22.11415672302246	
265.721435546875	155.13494873046875	20.232433319091797	21.9403076171875	
265.6009216308594	155.18997192382812	20.443010330200195	21.894195556640625	
265.77886962890625	155.11378479003906	20.484262466430664	22.0823917388916	
265.74603271484375	155.2605743408203	20.251081466674805	21.459064483642578	
265.8858337402344	155.1608428955078	20.135324478149414	21.883251190185547	
265.9954528808594	155.1874237060547	19.950817108154297	21.881916046142578	
265.8634338378906	154.98484802246094	20.205629348754883	22.111804962158203	
265.7730712890625	155.17733764648438	20.45834732055664	21.899816513061523	
265.5684509277344	154.99649047851562	20.62526512145996	22.2087459564209	
265.60986328125	155.02468872070312	20.60842514038086	22.077577590942383	
265.5992431640625	155.20994567871094	20.453472137451172	21.703399658203125	
265.63214111328125	155.03384399414062	20.529605865478516	22.105941772460938	
265.80029296875	155.065673828125	20.21688461303711	22.013439178466797	
265.7072448730469	155.22634887695312	20.403247833251953	21.671390533447266	
265.6097717285156	155.1239471435547	20.72157859802246	21.927255630493164	
265.85498046875	155.12527465820312	20.08635902404785	21.703052520751953	
265.72857666015625	155.13072204589844	20.23139190673828	21.822694778442383	
265.82330322265625	155.11550903320312	20.336082458496094	22.150814056396484	
265.62713623046875	155.2192840576172	20.45100212097168	21.80587387084961	
265.7940979003906	155.0513916015625	20.310468673706055	22.198299407958984	
265.767822265625	155.1973114013672	20.201623916625977	21.986106872558594	
265.70318603515625	155.06686401367188	20.4227352142334	22.26959800720215	
265.70556640625	155.04493713378906	20.54401397705078	22.223499298095703	
265.59075927734375	155.10362243652344	20.583728790283203	22.156871795654297	
265.8262634277344	155.0531005859375	20.223777770996094	22.195667266845703	
265.6290283203125	154.97500610351562	20.610469818115234	22.084875106811523	
265.5629577636719	154.96893310546875	20.605554580688477	22.295352935791016	
265.7959899902344	155.10488891601562	20.349767684936523	22.189170837402344	
265.57415771484375	155.22015380859375	20.327159881591797	21.77191925048828	
265.6805114746094	155.12269592285156	20.403823852539062	21.912370681762695	
265.7008056640625	155.2244110107422	20.428997039794922	21.736831665039062	
265.6743469238281	155.22897338867188	20.578392028808594	21.71567153930664	
265.71319580078125	155.0721893310547	20.22382926940918	21.74311065673828	
265.7813415527344	155.19100952148438	20.436641693115234	21.992712020874023	
265.73126220703125	155.27310180664062	20.16874885559082	21.610233306884766	
265.6211242675781	155.05551147460938	20.534637451171875	22.209003448486328	
265.591064453125	155.080810546875	20.67136001586914	22.144275665283203	
265.58489990234375	155.14324951171875	20.4858341217041	21.988964080810547	
265.80462646484375	155.12330627441406	20.266971588134766	21.944137573242188	
265.88555908203125	155.170654296875	20.298715591430664	22.020769119262695	
265.7332458496094	155.12899780273438	20.56031036376953	21.986186981201172	
265.54461669921875	155.12985229492188	20.44538688659668	22.023784637451172	
265.66888427734375	154.99404907226562	20.534347534179688	22.1182861328125	
265.73065185546875	155.20748901367188	20.269163131713867	21.928550720214844	
265.8026428222656	154.98153686523438	20.432537078857422	22.423315048217773	
265.87567138671875	155.1154022216797	20.120941162109375	21.851037979125977	
265.86688232421875	155.1130828857422	20.17852783203125	21.99599266052246	
265.8420104980469	155.1051483154297	20.142093658447266	21.9364070892334	
265.7996826171875	155.07540893554688	20.564990997314453	22.024900436401367	
265.5482177734375	155.11508178710938	20.660985946655273	21.8858699798584	
265.47003173828125	155.1109619140625	20.862930297851562	21.7838077545166	
265.89306640625	155.18576049804688	20.16207504272461	21.90833282470703	
265.5751037597656	155.10244750976562	20.388830184936523	22.183530807495117	
265.41943359375	155.04122924804688	20.649280548095703	21.873462677001953	
265.83087158203125	155.19349670410156	20.134990692138672	21.854747772216797	
265.6549987792969	155.06558227539062	20.5252742767334	21.85580825805664	
265.7459411621094	155.0963592529297	20.42894172668457	21.879613876342773	
265.791748046875	155.06028747558594	20.467914581298828	21.907455444335938	
266.00433349609375	155.16795349121094	20.150232315063477	21.69452667236328	
266.0064392089844	155.31402587890625	19.991588592529297	21.34917449951172	
265.755859375	155.1241455078125	20.297199249267578	21.696311950683594	
265.816650390625	155.3498077392578	20.258541107177734	21.20273780822754	
265.5674743652344	155.0955047607422	20.597646713256836	21.97454833984375	
265.58087158203125	155.2174072265625	20.51654624938965	21.681974411010742	
265.8609924316406	155.0111083984375	20.22852325439453	22.098514556884766	
265.7967834472656	155.0954132080078	20.457683563232422	21.830204010009766	
265.8441467285156	155.0863494873047	20.33077621459961	21.929933547973633	
265.8521423339844	155.1590576171875	20.33919334411621	21.912639617919922	
265.7667541503906	155.0618133544922	20.37075424194336	22.10300636291504	
265.8314208984375	155.2603759765625	20.128236770629883	21.575597763061523	
265.8072814941406	155.12814331054688	20.246448516845703	21.926206588745117	
265.8797302246094	155.15345764160156	20.156810760498047	21.984365463256836	
265.85467529296875	155.05532836914062	20.385881423950195	21.902297973632812	
265.73138427734375	155.05874633789062	20.401653289794922	21.653961181640625	
265.6944580078125	155.0861358642578	20.404687881469727	21.8627986907959	
265.8548889160156	155.03256225585938	20.18523406982422	22.166112899780273	
265.8892822265625	155.1397705078125	20.113964080810547	21.92917823791504	
265.92413330078125	155.1249237060547	20.264301300048828	21.77819061279297	
266.0264587402344	155.07093811035156	20.090030670166016	21.87211799621582	
266.0982360839844	155.09971618652344	19.962413787841797	21.728757858276367	
265.99615478515625	155.36788940429688	20.062305450439453	21.278873443603516	
266.0789489746094	155.22555541992188	19.75106430053711	21.50839614868164	
266.107666015625	155.2248992919922	19.773775100708008	21.61917495727539	
266.1100158691406	155.22805786132812	19.72633934020996	21.479028701782227	
266.01519775390625	155.25506591796875	20.09333038330078	21.494979858398438	
265.7899169921875	155.10678100585938	20.124927520751953	21.60796546936035	
265.7699890136719	155.06121826171875	20.264591217041016	22.042041778564453	
265.9516296386719	155.12420654296875	20.186389923095703	21.659297943115234	
265.814453125	155.17767333984375	20.15440559387207	21.787168502807617	
265.692626953125	155.11328125	20.456684112548828	21.846261978149414	
265.6688537597656	155.07052612304688	20.392480850219727	21.994094848632812	
265.82373046875	155.17843627929688	20.044963836669922	21.656322479248047	
265.5690002441406	155.10606384277344	20.508134841918945	21.765077590942383	
265.63397216796875	155.19931030273438	20.347909927368164	21.655187606811523	
265.73370361328125	155.13815307617188	20.281875610351562	21.85354232788086	
265.7779541015625	155.1211700439453	20.36037254333496	22.087221145629883	
265.8650817871094	155.0692596435547	20.322612762451172	22.075260162353516	
265.72894287109375	155.02847290039062	20.596086502075195	22.00790786743164	
265.7290954589844	155.00790405273438	20.30375099182129	22.175439834594727	
265.6122741699219	155.07565307617188	20.43239402770996	21.92072868347168	
265.86126708984375	155.2127685546875	20.189468383789062	21.608503341674805	
265.8605651855469	155.00120544433594	20.078853607177734	22.057987213134766	
265.738525390625	155.12478637695312	20.41883087158203	21.83905029296875	
265.6838073730469	155.09786987304688	20.3858642578125	21.909881591796875	
265.7203369140625	155.03848266601562	20.451887130737305	22.141759872436523	
265.6247253417969	154.8788299560547	20.822795867919922	22.432674407958984	
265.42254638671875	154.9838104248047	20.959299087524414	22.348712921142578	
265.7882385253906	154.86123657226562	20.469314575195312	22.562999725341797	
265.4091491699219	155.09829711914062	20.695886611938477	22.011159896850586	
265.4054260253906	155.033447265625	20.81545639038086	22.358657836914062	
265.6773681640625	154.9297332763672	20.567768096923828	22.630199432373047	
265.41583251953125	154.92129516601562	20.905559539794922	22.594160079956055	
265.44317626953125	154.8104705810547	20.97041130065918	22.957599639892578	
265.44708251953125	154.93113708496094	20.970407485961914	22.645078659057617	
265.31610107421875	154.91387939453125	20.958301544189453	22.762577056884766	
265.50726318359375	155.0608367919922	20.577760696411133	22.49616050720215	
263.75628662109375	152.99850463867188	25.803686141967773	27.093830108642578	
265.561767578125	154.9607696533203	20.58123779296875	22.568241119384766	
265.53387451171875	154.97775268554688	20.600894927978516	22.311920166015625	
265.62408447265625	154.8992462158203	20.67690086364746	22.371265411376953	
265.5672302246094	155.04122924804688	20.70018196105957	22.135814666748047	
265.60552978515625	155.0447235107422	20.502201080322266	21.940196990966797	
265.7693786621094	155.17823791503906	20.12228012084961	21.688953399658203	
265.5787048339844	155.06710815429688	20.669361114501953	22.15570640563965	
265.6696472167969	155.1028594970703	20.318416595458984	21.749155044555664	
265.70196533203125	155.09805297851562	20.397544860839844	21.971330642700195	
265.81280517578125	155.1380615234375	20.482629776000977	22.246225357055664	
265.7508850097656	155.1537628173828	20.486385345458984	21.928524017333984	
264.03094482421875	153.4394073486328	23.411359786987305	24.58189582824707	
265.5506896972656	155.05111694335938	20.56867218017578	22.059814453125	
265.8095397949219	155.0684356689453	20.019580841064453	21.894227981567383	
265.73248291015625	155.02392578125	20.32015037536621	22.088134765625	
265.6064147949219	155.17861938476562	20.644092559814453	21.964073181152344	
265.4661865234375	155.08277893066406	20.663150787353516	21.9251708984375	
265.6173095703125	155.07415771484375	20.26100730895996	21.77642059326172	
265.697509765625	155.1507568359375	20.253019332885742	21.951061248779297	
265.5838623046875	155.1686248779297	20.563507080078125	21.84581756591797	
265.6685485839844	155.03604125976562	20.625389099121094	22.090015411376953	
265.7015075683594	155.02078247070312	20.412338256835938	22.228687286376953	
265.8226013183594	154.9468231201172	20.310771942138672	22.446956634521484	
265.6412048339844	155.1289825439453	20.51671600341797	21.879283905029297	
265.5574645996094	154.95455932617188	20.651113510131836	22.171428680419922	
265.84295654296875	155.1586151123047	20.289764404296875	21.84088706970215	
265.57843017578125	155.1383819580078	20.56696128845215	21.86799430847168	
265.73394775390625	155.2309112548828	20.255769729614258	21.59879493713379	
265.8953857421875	155.26736450195312	20.142765045166016	21.46668815612793	
266.6534729003906	155.40756225585938	20.472938537597656	21.49656867980957	
265.7980041503906	155.3130645751953	20.440486907958984	21.41331672668457	
265.8994445800781	155.27684020996094	20.255184173583984	21.48647689819336	
265.82952880859375	155.3273162841797	20.182931900024414	21.156070709228516	
265.8959045410156	155.37762451171875	19.983562469482422	21.362825393676758	
265.96929931640625	155.1580047607422	20.112995147705078	21.759891510009766	
266.10113525390625	155.1669464111328	19.961172103881836	21.615833282470703	
265.96435546875	155.27713012695312	20.203472137451172	21.456790924072266	
265.94085693359375	155.19781494140625	20.148868560791016	21.494211196899414	
266.0004577636719	155.38259887695312	19.919307708740234	21.170333862304688	
265.66046142578125	155.21914672851562	20.400650024414062	21.630117416381836	
265.74005126953125	155.2377166748047	20.21927833557129	21.64234161376953	
265.7821350097656	155.10986328125	20.23102569580078	21.90665054321289	
265.6912536621094	155.12295532226562	20.4550838470459	21.74077796936035	
265.7609558105469	155.07040405273438	20.294239044189453	21.711219787597656	
265.5835876464844	155.0220489501953	20.80768394470215	21.8839111328125	
265.7760925292969	155.0465087890625	20.402965545654297	21.828144073486328	
265.9178771972656	155.1405792236328	20.323970794677734	21.848907470703125	
266.12738037109375	155.13397216796875	19.778350830078125	21.836145401000977	
265.8841552734375	155.2742462158203	20.33885383605957	21.4217586517334	
265.8557434082031	155.1273651123047	20.10974884033203	21.605201721191406	
266.0135192871094	155.17343139648438	19.955455780029297	21.780323028564453	
265.87615966796875	155.14865112304688	20.171165466308594	21.8612003326416	
266.037109375	155.19137573242188	20.09762954711914	21.702970504760742	
265.89361572265625	155.3004150390625	20.21324920654297	21.487834930419922	
265.7311096191406	155.14154052734375	20.3637638092041	21.798572540283203	
265.72662353515625	155.28225708007812	20.386646270751953	21.638214111328125	
265.7535400390625	154.8683624267578	20.612812042236328	22.139087677001953	
265.69024658203125	155.0900421142578	20.493688583374023	21.931049346923828	
265.9031677246094	155.17312622070312	20.125293731689453	21.838560104370117	
265.7190856933594	155.1713409423828	20.395679473876953	22.046850204467773	
265.71551513671875	155.0604248046875	20.382131576538086	22.077993392944336	
265.546630859375	154.97604370117188	20.798786163330078	22.32545280456543	
265.67242431640625	155.1324462890625	20.576370239257812	22.00714874267578	
265.84234619140625	155.06631469726562	20.263757705688477	22.034069061279297	
265.727783203125	155.09573364257812	20.359970092773438	21.922927856445312	
265.64813232421875	155.01870727539062	20.616735458374023	22.10660171508789	
265.65753173828125	155.1101531982422	20.351348876953125	21.967565536499023	
265.6122741699219	154.9953155517578	20.66566276550293	22.213581085205078	
