258.0	72.0	23.0	79.0	
255.79379272460938	68.66158294677734	23.248687744140625	79.57080841064453	
254.09005737304688	66.63404846191406	23.300870895385742	79.37830352783203	
252.304443359375	65.8418197631836	23.195480346679688	78.74238586425781	
252.284912109375	66.2735824584961	23.206411361694336	78.36930847167969	
254.3405303955078	68.08714294433594	23.19012451171875	78.30772399902344	
257.2899475097656	70.09127044677734	23.553770065307617	79.32719421386719	
259.0867919921875	72.57073974609375	23.555810928344727	78.21072387695312	
261.93621826171875	75.68633270263672	23.584726333618164	78.3024673461914	
267.242919921875	80.75666809082031	24.91714859008789	78.22913360595703	
274.00665283203125	85.7757568359375	24.22096061706543	78.10264587402344	
277.1868591308594	85.56018829345703	24.46619987487793	79.38323974609375	
276.5079650878906	83.9905014038086	24.49876594543457	78.61205291748047	
278.4872131347656	77.20637512207031	24.511268615722656	80.35173034667969	
281.05377197265625	71.84615325927734	25.129016876220703	79.07222747802734	
287.66131591796875	67.1394271850586	25.050291061401367	78.8758544921875	
289.44183349609375	64.02410888671875	25.361248016357422	78.45708465576172	
294.39263916015625	65.89934539794922	25.809925079345703	79.35833740234375	
299.1211853027344	73.38127899169922	25.9721622467041	79.34373474121094	
304.0603942871094	83.46493530273438	25.888763427734375	80.07098388671875	
308.0615539550781	93.20314025878906	26.071151733398438	81.32071685791016	
310.1454162597656	103.69580078125	25.719112396240234	81.21623992919922	
308.49151611328125	112.5375747680664	26.235675811767578	80.95167541503906	
301.63714599609375	118.1943130493164	26.36446762084961	79.58113098144531	
294.63995361328125	119.74910736083984	26.916828155517578	80.66658020019531	
288.35333251953125	119.10233306884766	26.524654388427734	79.35194396972656	
282.4405212402344	114.2913818359375	26.721393585205078	79.1520767211914	
275.025146484375	105.84025573730469	26.032495498657227	78.83163452148438	
270.520751953125	96.68233489990234	24.070026397705078	78.4448013305664	
269.5901184082031	89.25541687011719	22.36159324645996	78.245849609375	
270.07135009765625	83.99456787109375	20.792919158935547	77.63533020019531	
270.50103759765625	79.30020904541016	19.925376892089844	77.02860260009766	
268.81134033203125	75.24227142333984	20.042329788208008	74.81194305419922	
267.69415283203125	73.57704162597656	19.29477882385254	71.08140563964844	
265.74334716796875	71.32443237304688	20.988195419311523	77.86231994628906	
265.692626953125	71.67059326171875	22.14603042602539	79.651123046875	
263.42034912109375	73.1159439086914	23.499523162841797	81.44805145263672	
261.853515625	73.01094818115234	24.587207794189453	85.64012908935547	
262.1847839355469	76.9017333984375	22.347888946533203	80.85719299316406	
259.78594970703125	75.65339660644531	20.82822036743164	78.59664154052734	
257.8446044921875	73.58306884765625	18.84860610961914	77.72689056396484	
254.2537384033203	74.98426818847656	18.599225997924805	76.78426361083984	
252.4155731201172	75.8868408203125	20.9519100189209	75.37455749511719	
249.0649871826172	77.11149597167969	21.41012954711914	73.57898712158203	
244.4222412109375	77.59076690673828	23.475452423095703	78.37934875488281	
242.67514038085938	80.11723327636719	23.16843032836914	78.78077697753906	
238.79263305664062	81.19084167480469	24.38644027709961	80.64608001708984	
236.6053924560547	83.0980224609375	24.24454116821289	81.94728088378906	
234.4900665283203	83.73725128173828	24.92556381225586	84.7243881225586	
232.4812774658203	84.38619232177734	23.891931533813477	83.15231323242188	
230.2068634033203	83.46199035644531	22.561426162719727	81.96482849121094	
228.19406127929688	82.14501190185547	21.48199462890625	81.57230377197266	
227.2838897705078	80.08247375488281	21.012828826904297	81.11274719238281	
224.42367553710938	81.40643310546875	23.219539642333984	77.89639282226562	
223.066162109375	83.14827728271484	23.243179321289062	76.7403335571289	
221.84396362304688	85.44664001464844	24.827436447143555	76.51197814941406	
220.45462036132812	86.25103759765625	25.931217193603516	77.56053161621094	
220.1407012939453	88.63070678710938	25.99812889099121	77.62821197509766	
219.5217742919922	90.02497863769531	26.367206573486328	78.62554168701172	
217.4892120361328	89.25439453125	27.18255615234375	82.084716796875	
216.54837036132812	87.6216812133789	26.112682342529297	85.20435333251953	
215.2942657470703	85.96540832519531	25.532146453857422	86.09020233154297	
215.71139526367188	86.10071563720703	24.563508987426758	80.61238098144531	
218.0183563232422	83.89863586425781	20.880352020263672	75.0888671875	
215.92843627929688	85.03047943115234	21.98942756652832	73.88175964355469	
215.578857421875	82.25093078613281	23.513935089111328	80.86372375488281	
214.8974151611328	81.42967224121094	23.81780242919922	80.13644409179688	
214.3992919921875	80.62100982666016	24.688039779663086	80.98731994628906	
214.77182006835938	81.05159759521484	25.192628860473633	79.67544555664062	
213.0502471923828	79.46705627441406	25.220989227294922	82.20309448242188	
216.87118530273438	77.70158386230469	26.063730239868164	83.39175415039062	
218.09500122070312	77.0569839477539	24.129106521606445	82.64247131347656	
219.3314666748047	76.23194885253906	23.565446853637695	83.55705261230469	
219.30905151367188	76.58499908447266	22.613637924194336	80.57512664794922	
217.42855834960938	78.4162368774414	24.917236328125	78.9404525756836	
213.7984161376953	80.01303100585938	26.487430572509766	81.38253021240234	
215.44699096679688	81.73799133300781	25.42074966430664	80.22831726074219	
213.63583374023438	84.18513488769531	27.088455200195312	78.12381744384766	
213.5008544921875	85.94380950927734	27.806827545166016	76.70458984375	
213.19296264648438	86.98564147949219	26.561355590820312	74.9149169921875	
211.232177734375	87.41126251220703	27.244579315185547	73.07585906982422	
208.93392944335938	86.13518524169922	28.06974220275879	75.31089782714844	
209.1708526611328	85.88924407958984	28.075275421142578	75.45049285888672	
209.2413330078125	83.45574951171875	28.718250274658203	78.13301086425781	
208.9145050048828	79.96752166748047	29.747833251953125	83.65058898925781	
209.705810546875	82.49537658691406	31.677087783813477	78.23934173583984	
208.880615234375	81.84962463378906	33.36802673339844	78.39521789550781	
210.41018676757812	80.79923248291016	32.48384094238281	78.66300964355469	
208.60513305664062	78.70756530761719	33.589149475097656	77.31993103027344	
210.11776733398438	77.55921173095703	33.06561279296875	77.2361068725586	
210.5004119873047	76.35331726074219	32.47261428833008	77.91707611083984	
211.1791534423828	75.0063705444336	31.711994171142578	77.35716247558594	
210.0352020263672	73.96988677978516	31.449565887451172	78.3609619140625	
208.3802032470703	71.48611450195312	30.550914764404297	78.37825775146484	
209.623291015625	72.11982727050781	30.65070152282715	78.53181457519531	
210.1311798095703	72.5760726928711	29.28780174255371	78.40736389160156	
210.484619140625	73.5877914428711	26.925342559814453	77.44950103759766	
208.98410034179688	73.48763275146484	25.457664489746094	77.43179321289062	
208.60269165039062	73.30990600585938	24.59592056274414	80.24357604980469	
207.4040069580078	72.58036804199219	25.104206085205078	82.68744659423828	
207.5876922607422	72.0835952758789	24.707242965698242	79.01558685302734	
204.9069366455078	72.26414489746094	25.28557777404785	77.91192626953125	
204.79595947265625	71.86434173583984	24.760778427124023	75.18373107910156	
204.37042236328125	75.36505126953125	24.93242073059082	70.83280181884766	
202.8046875	76.70018005371094	25.77103614807129	73.72410583496094	
201.53575134277344	77.77425384521484	26.884124755859375	75.8978271484375	
200.29208374023438	77.01533508300781	26.79207992553711	77.7293472290039	
196.74359130859375	74.68818664550781	27.08539390563965	79.47150421142578	
193.95156860351562	71.87184143066406	27.845890045166016	82.25460815429688	
192.08436584472656	69.72457122802734	27.09310531616211	80.47596740722656	
192.902587890625	69.6716079711914	23.936655044555664	78.38595581054688	
193.26126098632812	69.95870971679688	22.859880447387695	78.9742431640625	
195.1716766357422	72.41160583496094	22.682392120361328	75.89400482177734	
195.7075653076172	73.94989776611328	23.440954208374023	76.79277038574219	
196.3754119873047	75.0306396484375	23.81583023071289	75.25275421142578	
195.5823516845703	74.41362762451172	24.13629722595215	75.6615982055664	
193.07177734375	71.58488464355469	25.59571647644043	80.89808654785156	
193.03712463378906	69.45967102050781	25.227876663208008	82.87220764160156	
194.2275848388672	70.6963119506836	24.72932243347168	81.64286804199219	
196.99765014648438	70.97798919677734	24.09581756591797	83.5836181640625	
200.28712463378906	72.81407165527344	23.68666648864746	82.57828521728516	
203.49862670898438	75.88375091552734	22.28455352783203	79.41468811035156	
204.64102172851562	75.6487808227539	22.28744888305664	80.74996185302734	
204.17453002929688	74.89240264892578	21.26912498474121	80.58415222167969	
204.8964385986328	74.07383728027344	20.377979278564453	75.79635620117188	
204.73129272460938	72.04207611083984	21.071155548095703	73.73893737792969	
204.7099151611328	72.28034210205078	22.35857391357422	74.73309326171875	
205.37496948242188	72.49502563476562	23.318538665771484	79.88697052001953	
206.5063934326172	74.32582092285156	23.923755645751953	80.15612030029297	
209.1849822998047	76.55474853515625	23.90084457397461	79.1393051147461	
210.73208618164062	76.89319610595703	23.28607940673828	78.12583923339844	
213.6084442138672	76.47239685058594	22.545948028564453	81.5943832397461	
217.0674285888672	77.82345581054688	19.893489837646484	79.18714904785156	
217.3124237060547	77.1853256225586	19.38361930847168	79.363037109375	
217.56216430664062	79.21238708496094	19.695629119873047	75.74714660644531	
219.04092407226562	79.22537994384766	19.595230102539062	76.41868591308594	
219.45913696289062	79.8537826538086	21.396976470947266	76.41773986816406	
219.63461303710938	80.07343292236328	21.917949676513672	77.69152069091797	
221.16256713867188	80.95497131347656	22.19434928894043	78.96229553222656	
222.34024047851562	81.21446990966797	22.544635772705078	81.61869049072266	
224.3240966796875	81.1632308959961	22.605976104736328	83.37125396728516	
226.70156860351562	80.44762420654297	21.97072982788086	84.16902923583984	
228.9874725341797	78.4679946899414	21.377002716064453	83.41676330566406	
229.9632568359375	75.31107330322266	21.045602798461914	85.61790466308594	
229.38998413085938	74.20284271240234	19.764270782470703	82.50724029541016	
229.963623046875	75.53238677978516	20.228702545166016	84.07978057861328	
231.3218994140625	75.50662231445312	19.072843551635742	80.31605529785156	
231.7344970703125	73.3488540649414	19.197107315063477	86.38996887207031	
232.5263671875	73.48566436767578	20.324634552001953	93.10362243652344	
232.8115234375	73.87815856933594	21.022781372070312	93.58164978027344	
234.14315795898438	76.47431945800781	21.706525802612305	89.2066879272461	
236.0223846435547	77.37706756591797	22.27731704711914	88.25740051269531	
235.58584594726562	76.6026382446289	25.108198165893555	87.93603515625	
235.45730590820312	76.19231414794922	28.13858413696289	84.97698211669922	
235.34628295898438	74.86849212646484	31.35740089416504	86.94606018066406	
236.0347442626953	74.57826232910156	32.08936309814453	85.9179458618164	
236.86386108398438	75.01383209228516	32.099639892578125	85.4637680053711	
237.1495819091797	76.49605560302734	32.124534606933594	84.03522491455078	
238.42404174804688	78.4337387084961	31.05771827697754	82.01180267333984	
238.6842803955078	80.13410949707031	31.279605865478516	77.8565902709961	
237.0880889892578	79.34983825683594	31.405059814453125	76.55654907226562	
236.75088500976562	78.88282775878906	32.56712341308594	75.77526092529297	
235.4235382080078	76.83160400390625	33.23590850830078	77.79944610595703	
235.14694213867188	76.55189514160156	32.706058502197266	77.99071502685547	
235.0971221923828	75.20759582519531	29.881460189819336	78.35111999511719	
235.47216796875	73.44740295410156	28.312210083007812	80.57511138916016	
235.7331085205078	72.85445404052734	26.78302574157715	80.27909851074219	
236.0832977294922	71.19060516357422	24.76064682006836	82.31861877441406	
237.11795043945312	71.21711730957031	22.060222625732422	80.97030639648438	
237.46975708007812	69.99137115478516	21.309072494506836	82.37015533447266	
238.4414825439453	71.70208740234375	20.043598175048828	81.08145141601562	
239.27224731445312	71.53800964355469	19.714160919189453	81.31642150878906	
240.4256134033203	73.52429962158203	19.898296356201172	79.90168762207031	
242.30859375	74.73725891113281	19.7053165435791	78.93377685546875	
243.9081573486328	74.88360595703125	20.43484115600586	79.07984161376953	
245.796142578125	74.14714050292969	20.857494354248047	79.70897674560547	
245.10440063476562	73.84165954589844	21.28044319152832	78.20743560791016	
246.8129119873047	74.40438842773438	22.445674896240234	78.60111236572266	
248.56967163085938	75.92083740234375	21.893516540527344	76.3608169555664	
251.19003295898438	76.92228698730469	21.56399917602539	76.52223205566406	
253.4712677001953	78.18789672851562	21.670656204223633	77.33241271972656	
254.73062133789062	79.01222229003906	21.536373138427734	76.87803649902344	
256.60662841796875	78.85404968261719	20.327129364013672	76.04010772705078	
257.06719970703125	77.75883483886719	19.778316497802734	76.57272338867188	
257.5269470214844	76.12342071533203	19.028594970703125	76.44178009033203	
258.1730651855469	73.73381042480469	18.850658416748047	77.39909362792969	
259.2467041015625	73.68083190917969	19.081993103027344	76.50923919677734	
258.36688232421875	74.4295883178711	20.80698013305664	75.72740173339844	
258.9131774902344	75.77837371826172	22.145549774169922	76.15669250488281	
258.2786865234375	78.33125305175781	23.571081161499023	73.20975494384766	
257.3127746582031	79.77542877197266	23.803659439086914	71.073486328125	
256.64007568359375	80.04472351074219	25.72977638244629	72.30668640136719	
256.6516418457031	80.79825592041016	24.61190414428711	72.59681701660156	
257.809814453125	82.52528381347656	24.391265869140625	72.16275787353516	
256.92144775390625	83.43507385253906	25.22690200805664	70.47297668457031	
256.06781005859375	83.0316390991211	24.519268035888672	72.072265625	
254.70431518554688	82.27654266357422	25.828466415405273	70.27850341796875	
250.90792846679688	78.13751220703125	26.622196197509766	70.78881072998047	
250.80654907226562	73.86750793457031	25.582250595092773	72.43621063232422	
251.90524291992188	71.83271026611328	24.03384017944336	70.6490478515625	
251.9760284423828	69.6510238647461	23.077524185180664	71.67001342773438	
250.59768676757812	69.71002197265625	21.987966537475586	72.74149322509766	
249.52401733398438	70.31205749511719	22.19819450378418	75.36734771728516	
249.3957977294922	71.72086334228516	22.61739158630371	78.05528259277344	
249.2715301513672	72.97503662109375	23.11556625366211	77.22423553466797	
248.2967071533203	73.7660140991211	22.389442443847656	77.19789123535156	
247.25527954101562	74.6678695678711	21.67969512939453	76.4196548461914	
245.32626342773438	70.88212585449219	22.411022186279297	81.06773376464844	
247.05245971679688	69.40323638916016	21.94565200805664	83.85160827636719	
247.89712524414062	70.87742614746094	21.356103897094727	85.2369155883789	
246.794189453125	71.1286392211914	21.098676681518555	82.43944549560547	
246.85739135742188	72.78861999511719	19.695507049560547	87.75764465332031	
244.9883575439453	72.9449462890625	20.01612091064453	90.35340118408203	
242.0884552001953	73.52093505859375	21.29872703552246	87.47022247314453	
240.2459259033203	72.22587585449219	22.055545806884766	90.93997192382812	
236.5868682861328	72.2686538696289	24.596391677856445	86.33732604980469	
236.0938262939453	75.31375885009766	25.09617042541504	84.16043090820312	
233.6584930419922	73.86174011230469	27.156213760375977	82.9134292602539	
231.56967163085938	73.77494812011719	27.2044734954834	84.31373596191406	
230.5746307373047	72.72611236572266	26.639942169189453	84.94623565673828	
229.91738891601562	72.08708953857422	25.862651824951172	81.7222900390625	
229.6887969970703	70.2656478881836	25.18917465209961	76.94970703125	
229.7691192626953	69.43415832519531	23.934314727783203	78.29903411865234	
226.84530639648438	68.6198501586914	24.461885452270508	79.5306625366211	
226.4206085205078	68.16986846923828	22.79745101928711	76.43418884277344	
224.0107879638672	68.06050872802734	24.04463768005371	79.85954284667969	
223.6589813232422	69.84099578857422	24.028629302978516	79.84959411621094	
222.0537872314453	69.32323455810547	24.847156524658203	82.26884460449219	
219.1064453125	68.0595703125	25.415559768676758	82.86067962646484	
217.53182983398438	67.74967193603516	24.597492218017578	82.55987548828125	
217.5681610107422	65.8594970703125	24.026779174804688	82.52609252929688	
215.14028930664062	64.7290267944336	24.610673904418945	79.6474380493164	
211.5554656982422	67.02110290527344	26.7874755859375	77.20014953613281	
211.5360565185547	68.13084411621094	27.01592445373535	73.94606018066406	
210.2498779296875	66.0174560546875	27.1807804107666	79.69249725341797	
209.2186737060547	67.60784912109375	27.022464752197266	76.36331939697266	
209.74264526367188	68.0721206665039	27.83603858947754	77.43443298339844	
208.7658233642578	68.28616333007812	28.24441146850586	78.0179443359375	
209.1821746826172	69.28299713134766	28.60993003845215	79.36812591552734	
208.12246704101562	69.37955474853516	28.68343734741211	79.57794952392578	
207.1230926513672	68.47093200683594	28.978357315063477	84.12440490722656	
205.41848754882812	66.83351135253906	28.988109588623047	84.0229263305664	
205.9176788330078	68.40140533447266	28.082672119140625	86.58993530273438	
204.5421600341797	67.54268646240234	27.534643173217773	83.41908264160156	
205.3097381591797	66.38905334472656	27.558053970336914	83.30715942382812	
205.366455078125	65.23590850830078	27.27925682067871	88.17184448242188	
206.8228759765625	63.5217399597168	26.921783447265625	91.1012954711914	
205.91537475585938	63.247535705566406	27.087717056274414	90.16545867919922	
206.62939453125	62.189048767089844	26.385784149169922	90.6952133178711	
207.77957153320312	62.90973663330078	26.181772232055664	89.41493225097656	
208.07577514648438	62.0853157043457	25.78805160522461	86.90349578857422	
207.958984375	60.44355392456055	25.632183074951172	83.65885162353516	
207.12548828125	60.11411666870117	26.12253761291504	83.4381103515625	
205.8640594482422	58.033485412597656	26.193042755126953	86.0266342163086	
204.39385986328125	57.0452766418457	27.794361114501953	86.96525573730469	
204.57290649414062	59.97210693359375	27.917682647705078	84.54249572753906	
205.37744140625	62.17340850830078	28.071041107177734	82.11375427246094	
205.50155639648438	62.910240173339844	27.455297470092773	81.89820861816406	
203.91763305664062	61.7284049987793	28.577442169189453	86.48125457763672	
204.70126342773438	64.2994613647461	27.92011070251465	86.10782623291016	
203.43844604492188	61.508567810058594	28.988367080688477	87.31744384765625	
204.47584533691406	64.3204345703125	27.917682647705078	84.79430389404297	
203.8111572265625	63.5318489074707	27.880855560302734	85.10902404785156	
203.23504638671875	64.62214660644531	26.468191146850586	82.88615417480469	
202.27938842773438	63.22093963623047	26.225749969482422	84.90320587158203	
202.83267211914062	63.04914474487305	24.36974334716797	83.55686950683594	
202.28402709960938	63.23967361450195	23.276575088500977	82.26045227050781	
202.35621643066406	63.546730041503906	22.89752197265625	82.63966369628906	
201.9329376220703	63.87751388549805	22.543432235717773	81.32374572753906	
201.93988037109375	62.86943817138672	22.574569702148438	84.591064453125	
201.2513427734375	68.2552490234375	23.574462890625	80.97317504882812	
198.76577758789062	60.84697341918945	23.455528259277344	85.77176666259766	
199.30186462402344	61.27946090698242	23.073726654052734	86.0257797241211	
198.35116577148438	60.22534942626953	23.530288696289062	85.1313705444336	
197.87152099609375	61.86396408081055	22.66947364807129	82.78824615478516	
197.6278839111328	64.29405212402344	22.38736915588379	79.80659484863281	
197.08145141601562	66.22908782958984	21.981735229492188	79.36854553222656	
195.6026611328125	66.76280212402344	21.683406829833984	78.22356414794922	
194.9358673095703	68.0904769897461	22.061260223388672	80.12199401855469	
192.84580993652344	67.52001953125	22.323841094970703	81.73812103271484	
192.5742950439453	69.94425964355469	22.1883487701416	82.12974548339844	
192.14736938476562	69.40003967285156	22.126222610473633	82.45829010009766	
190.04275512695312	68.87353515625	22.1473388671875	85.286865234375	
189.81651306152344	69.11293029785156	22.286087036132812	84.33805847167969	
185.87667846679688	67.70088958740234	23.35704231262207	89.94694519042969	
185.7775115966797	68.28069305419922	22.895639419555664	88.8900146484375	
186.47360229492188	68.10009002685547	21.951671600341797	87.1314697265625	
187.18853759765625	71.15950775146484	22.731616973876953	87.20055389404297	
187.6531982421875	72.43214416503906	21.82236099243164	85.03924560546875	
187.56182861328125	73.98026275634766	22.23846435546875	85.7905044555664	
189.54835510253906	76.5825424194336	21.877582550048828	83.68775939941406	
187.0413055419922	81.68111419677734	24.33377456665039	83.58125305175781	
186.85134887695312	75.44303894042969	22.341686248779297	84.52264404296875	
185.632080078125	74.71133422851562	22.313566207885742	84.32347106933594	
186.1189422607422	75.646728515625	21.916446685791016	82.42485046386719	
186.61135864257812	76.15882873535156	21.888822555541992	81.98329162597656	
186.25311279296875	76.42841339111328	21.68715476989746	81.12193298339844	
185.91868591308594	77.36554718017578	22.023794174194336	82.5303726196289	
187.76025390625	79.4106216430664	21.10299301147461	78.61524963378906	
187.59579467773438	78.62757873535156	21.334014892578125	79.50791931152344	
188.46192932128906	79.94924926757812	21.184696197509766	79.76024627685547	
189.2225799560547	78.61787414550781	21.29119873046875	78.83224487304688	
188.2340087890625	77.53337860107422	21.21742820739746	79.38715362548828	
189.43179321289062	76.7728271484375	21.548646926879883	79.16812896728516	
188.22447204589844	74.07952117919922	22.07448387145996	81.0634994506836	
190.06570434570312	74.21781921386719	21.61897850036621	79.8386001586914	
191.65609741210938	76.21285247802734	21.564746856689453	79.80545043945312	
188.31475830078125	75.73643493652344	22.06983757019043	82.34342956542969	
189.3063201904297	77.08636474609375	21.626142501831055	80.60314178466797	
189.3722686767578	76.9160385131836	21.377727508544922	79.61163330078125	
191.38668823242188	77.55269622802734	21.026931762695312	78.85823059082031	
192.82327270507812	77.16493225097656	20.88559341430664	78.39718627929688	
193.90980529785156	76.279541015625	20.94554328918457	77.94940185546875	
193.251220703125	76.46699523925781	21.2021427154541	77.85454559326172	
195.12472534179688	74.20219421386719	21.609718322753906	80.29740142822266	
194.08670043945312	74.27470397949219	21.615375518798828	80.91496276855469	
194.3345947265625	75.1491470336914	21.6382999420166	80.85804748535156	
196.15310668945312	76.98326873779297	21.088199615478516	77.80142211914062	
194.97012329101562	77.47743225097656	21.35978889465332	77.93354797363281	
195.90577697753906	79.85517883300781	20.81409454345703	77.15089416503906	
195.9837646484375	78.6231689453125	21.036340713500977	77.71456909179688	
198.95028686523438	78.18099212646484	20.798355102539062	78.12907409667969	
199.19146728515625	77.75675201416016	20.801939010620117	78.27229309082031	
197.8956298828125	76.2953872680664	20.302772521972656	77.02058410644531	
200.89968872070312	75.77653503417969	20.041318893432617	75.35539245605469	
201.7187042236328	75.04585266113281	20.567012786865234	76.98030853271484	
203.78709411621094	78.00025939941406	19.823078155517578	74.4129409790039	
204.0501251220703	77.49964904785156	19.948760986328125	75.392822265625	
207.2185516357422	80.36170959472656	19.638004302978516	75.06074523925781	
210.3831787109375	79.88224792480469	20.477924346923828	75.87263488769531	
214.98501586914062	78.10914611816406	20.886852264404297	77.82025146484375	
221.32516479492188	77.29229736328125	20.863792419433594	77.388671875	
225.34164428710938	77.10870361328125	20.667194366455078	77.36331939697266	
231.52359008789062	71.80116271972656	20.586294174194336	76.9098892211914	
234.08114624023438	66.01049041748047	21.37874412536621	79.86671447753906	
235.5975799560547	63.43682861328125	20.429973602294922	77.82571411132812	
237.0264129638672	59.87772750854492	20.819875717163086	77.54173278808594	
244.525146484375	57.82648849487305	20.958986282348633	77.77107238769531	
248.49868774414062	56.7370491027832	20.660812377929688	75.61336517333984	
254.00186157226562	57.889305114746094	20.508054733276367	77.07683563232422	
257.8844909667969	59.884010314941406	20.57486343383789	77.16850280761719	
262.5876770019531	62.99689483642578	21.248764038085938	79.09025573730469	
271.3942565917969	69.30241394042969	20.771623611450195	78.214599609375	
276.6094665527344	76.98069763183594	20.20354652404785	77.77433013916016	
282.49249267578125	79.63953399658203	20.23111915588379	78.72041320800781	
288.4786682128906	78.05206298828125	20.70188331604004	81.56987762451172	
284.39202880859375	84.3128433227539	21.134756088256836	82.81353759765625	
282.0559387207031	82.22745513916016	21.490509033203125	82.7997817993164	
277.4090270996094	78.52303314208984	22.268495559692383	85.43968963623047	
273.1055603027344	76.08796691894531	22.8634033203125	87.0459976196289	
268.5028991699219	71.27291870117188	22.719871520996094	85.30836486816406	
264.33941650390625	70.5206527709961	22.492238998413086	83.72613525390625	
262.68756103515625	67.1531982421875	22.110239028930664	82.99919128417969	
260.7879638671875	69.80138397216797	22.335529327392578	83.0941162109375	
261.86138916015625	66.23536682128906	23.078550338745117	83.10760498046875	
262.1394348144531	68.76749420166016	23.815204620361328	84.90221405029297	
258.7176208496094	68.66045379638672	24.70314598083496	85.39973449707031	
258.4905090332031	68.24769592285156	25.28280258178711	88.31643676757812	
258.3797912597656	66.53337860107422	25.7556209564209	89.00506591796875	
257.90985107421875	66.18948364257812	26.562524795532227	88.12261199951172	
258.62298583984375	66.50390625	27.197612762451172	90.42729187011719	
257.62725830078125	65.27024841308594	27.977279663085938	92.06824493408203	
259.00201416015625	65.8387451171875	28.19952392578125	92.530517578125	
258.71502685546875	65.18812561035156	28.8793888092041	95.53839874267578	
257.7328186035156	65.0790023803711	28.304641723632812	95.46662902832031	
254.2727813720703	63.448402404785156	28.559833526611328	94.40705871582031	
253.4622802734375	63.588523864746094	28.299556732177734	94.21626281738281	
253.3510284423828	65.96063995361328	28.1083927154541	93.00061798095703	
254.47378540039062	69.89222717285156	28.175235748291016	92.29706573486328	
253.77261352539062	70.98049926757812	28.25201416015625	91.77427673339844	
251.91061401367188	68.97472381591797	28.759357452392578	93.87603759765625	
249.17245483398438	68.6761703491211	28.6057186126709	93.76771545410156	
245.3704376220703	67.71131896972656	28.039478302001953	94.4839859008789	
243.23867797851562	66.83257293701172	27.086444854736328	91.30964660644531	
242.1586151123047	67.20751953125	26.613256454467773	90.27314758300781	
241.3192596435547	66.95335388183594	25.906946182250977	91.08795928955078	
240.9697723388672	68.63948822021484	24.958280563354492	87.93086242675781	
242.889404296875	71.63893127441406	24.623746871948242	87.55406951904297	
244.09237670898438	72.55206298828125	24.40812110900879	86.84600067138672	
244.1859588623047	71.01253509521484	24.168609619140625	85.97735595703125	
241.2301788330078	70.72789001464844	24.381092071533203	86.0643081665039	
241.61172485351562	67.41230773925781	24.425045013427734	85.23167419433594	
239.9033203125	66.357177734375	25.339052200317383	87.31856536865234	
240.9157257080078	66.82438659667969	24.70916175842285	85.82408142089844	
242.6912841796875	68.89231872558594	25.004398345947266	83.13710021972656	
244.72061157226562	70.52650451660156	24.904693603515625	82.402587890625	
247.504638671875	70.32290649414062	25.389270782470703	82.90702056884766	
248.69931030273438	69.74211883544922	25.39621925354004	83.1749496459961	
250.1593017578125	66.36827850341797	25.927906036376953	85.15287780761719	
251.38821411132812	68.11275482177734	26.220401763916016	85.67642211914062	
253.0408172607422	68.42220306396484	26.114450454711914	84.84185791015625	
254.3216552734375	68.55580139160156	25.350170135498047	83.21305847167969	
255.32485961914062	68.20735931396484	26.172969818115234	82.89604187011719	
255.6929931640625	67.83280944824219	25.180065155029297	79.2217788696289	
258.34124755859375	68.60665130615234	26.349895477294922	80.93486022949219	
258.967041015625	69.1902084350586	26.500228881835938	81.29026794433594	
260.2850646972656	71.27896881103516	25.572614669799805	79.4278564453125	
262.08074951171875	70.7271728515625	25.10243797302246	78.75630187988281	
264.40203857421875	72.56993103027344	24.491161346435547	79.96470642089844	
266.42095947265625	74.2557601928711	23.563926696777344	79.78907775878906	
268.93133544921875	73.53340911865234	22.261587142944336	78.43708801269531	
269.32012939453125	73.46406555175781	22.37468147277832	82.82025909423828	
270.8775939941406	74.14598846435547	21.250011444091797	78.37098693847656	
271.74798583984375	74.48113250732422	21.625385284423828	75.3917007446289	
272.40838623046875	73.70772552490234	22.41928482055664	80.73460388183594	
274.7562561035156	72.2797622680664	21.62793731689453	82.53524017333984	
277.57330322265625	72.86241149902344	22.92296600341797	84.01100158691406	
283.91082763671875	72.6053466796875	22.020587921142578	82.09312438964844	
286.9434509277344	72.09962463378906	22.087326049804688	82.07771301269531	
291.967041015625	71.65724182128906	21.480911254882812	79.98419189453125	
296.9152526855469	72.19159698486328	21.996183395385742	80.66914367675781	
303.8978576660156	73.94393157958984	22.946735382080078	81.82691955566406	
309.1593017578125	75.58065032958984	24.13143539428711	82.02015686035156	
315.4169006347656	77.13444519042969	22.966129302978516	76.51048278808594	
321.5910339355469	81.05216217041016	23.359134674072266	72.833984375	
327.4080810546875	81.42745208740234	24.24243927001953	73.91969299316406	
331.12652587890625	81.49588012695312	24.61257553100586	77.22003173828125	
331.41009521484375	78.5078353881836	24.77703285217285	82.30975341796875	
333.4830017089844	77.13862609863281	25.881938934326172	84.8936538696289	
336.19024658203125	75.0932846069336	25.685876846313477	84.48118591308594	
339.5823974609375	74.31132507324219	26.032873153686523	83.92232513427734	
344.3416442871094	72.96048736572266	25.005760192871094	86.47450256347656	
347.97344970703125	73.18035888671875	24.079654693603516	86.14228057861328	
353.1644287109375	73.30730438232422	22.11156463623047	85.44123840332031	
355.96197509765625	74.54490661621094	21.08911895751953	86.63162994384766	
358.0338439941406	74.6905517578125	20.491533279418945	84.79151916503906	
358.38238525390625	76.94912719726562	19.942916870117188	84.83677673339844	
359.887451171875	79.5076904296875	18.963375091552734	81.3244857788086	
362.0218200683594	83.19811248779297	18.801189422607422	84.01024627685547	
362.07708740234375	81.8272705078125	19.2294864654541	87.10807800292969	
361.20947265625	82.64158630371094	19.957361221313477	92.12376403808594	
364.7337341308594	83.7602310180664	19.457088470458984	89.61015319824219	
363.8177185058594	80.96932220458984	20.049205780029297	88.68684387207031	
362.5367126464844	78.9266586303711	20.679330825805664	89.51041412353516	
360.38555908203125	78.2086181640625	22.042949676513672	88.75846862792969	
359.5369873046875	78.58287048339844	23.045297622680664	86.68931579589844	
358.26220703125	79.06526947021484	24.67813491821289	83.98553466796875	
357.0382385253906	80.73521423339844	23.245756149291992	75.20361328125	
356.5314636230469	83.37263488769531	25.032087326049805	74.44456481933594	
354.4615478515625	84.00431823730469	24.781185150146484	77.44456481933594	
352.98199462890625	85.91400146484375	26.467309951782227	80.25684356689453	
350.10150146484375	87.8898696899414	26.096511840820312	80.30247497558594	
348.36175537109375	91.79139709472656	26.504985809326172	79.84306335449219	
347.4075622558594	95.19952392578125	26.331945419311523	79.22911071777344	
344.39093017578125	98.11589050292969	25.89948081970215	77.73002624511719	
343.22906494140625	103.5381851196289	25.100332260131836	74.60346984863281	
342.2998352050781	108.22188568115234	24.049877166748047	72.45718383789062	
339.8769226074219	110.45223236083984	23.863037109375	76.2845687866211	
336.1253356933594	111.0369644165039	24.295753479003906	76.99785614013672	
332.5881042480469	112.63973236083984	24.67759895324707	74.041015625	
329.0597839355469	113.64668273925781	24.995532989501953	73.32453918457031	
326.47235107421875	113.69209289550781	26.565383911132812	76.79264068603516	
325.54107666015625	115.8710708618164	26.7687931060791	76.31597900390625	
324.91668701171875	117.03814697265625	26.44175148010254	76.03511047363281	
324.9852600097656	118.5777816772461	26.315542221069336	73.20558166503906	
325.3790588378906	119.11063385009766	28.340225219726562	75.63855743408203	
325.4826965332031	117.40543365478516	28.36350440979004	77.69920349121094	
325.4411926269531	115.98097229003906	29.058406829833984	79.60245513916016	
326.378173828125	113.93404388427734	29.769495010375977	79.93528747558594	
327.946044921875	112.8453598022461	29.40679931640625	80.88720703125	
327.78497314453125	112.83537292480469	29.337265014648438	81.74034881591797	
327.997802734375	112.08424377441406	29.244129180908203	83.68878173828125	
328.09033203125	111.05452728271484	29.53030776977539	84.80168151855469	
328.59771728515625	111.7021484375	27.768136978149414	82.4232406616211	
329.11053466796875	111.33625793457031	26.01104164123535	81.37149047851562	
329.67413330078125	111.65931701660156	25.189924240112305	80.15448760986328	
332.27142333984375	111.34803771972656	24.459049224853516	83.60790252685547	
334.44183349609375	113.92652893066406	23.146886825561523	77.04839324951172	
336.28338623046875	113.50093078613281	22.791217803955078	78.82228088378906	
338.87762451171875	111.94464111328125	22.876964569091797	81.23016357421875	
340.6226501464844	112.0745849609375	22.686147689819336	81.167236328125	
343.4693298339844	111.89320373535156	22.455684661865234	81.19763946533203	
345.8367919921875	111.85307312011719	21.9085636138916	82.00779724121094	
346.7837829589844	113.38690185546875	21.202280044555664	79.21394348144531	
349.5943908691406	113.45147705078125	20.98105812072754	80.70490264892578	
351.0228576660156	113.2547378540039	20.365909576416016	80.63340759277344	
351.5429992675781	112.59883117675781	20.359922409057617	79.918212890625	
351.56072998046875	113.79804992675781	20.40127944946289	76.99310302734375	
350.9841003417969	113.86506652832031	20.311351776123047	76.59025573730469	
350.5740051269531	112.85917663574219	21.544464111328125	79.14630126953125	
350.43280029296875	112.86338806152344	21.42403793334961	77.85173034667969	
348.9457702636719	112.6141128540039	22.29157257080078	80.16392517089844	
349.8137512207031	113.06231689453125	21.210786819458008	77.81962585449219	
349.6683044433594	111.38604736328125	20.252965927124023	76.58203125	
347.00506591796875	109.0638427734375	20.771366119384766	81.33980560302734	
345.89971923828125	108.22782897949219	20.037952423095703	80.977294921875	
344.726318359375	107.07373046875	20.080820083618164	82.22473907470703	
343.249267578125	108.60206604003906	20.249439239501953	77.9582748413086	
341.8832092285156	108.015869140625	20.415536880493164	75.55644989013672	
339.2884826660156	106.9303970336914	21.770601272583008	74.84596252441406	
335.538818359375	106.21707916259766	22.802799224853516	78.18208312988281	
332.62689208984375	104.255126953125	24.656387329101562	81.77278137207031	
331.0726318359375	104.36031341552734	24.11033058166504	82.15730285644531	
327.6234436035156	103.2428207397461	25.324600219726562	85.86774444580078	
325.75811767578125	104.3937759399414	24.0100040435791	84.29997253417969	
323.069580078125	102.6336898803711	23.32193946838379	85.720703125	
319.52703857421875	99.6199722290039	22.267292022705078	89.82954406738281	
315.9521179199219	97.62652587890625	21.920269012451172	91.48934173583984	
313.94256591796875	95.6872329711914	20.238697052001953	90.83775329589844	
312.8132629394531	96.25886535644531	20.619375228881836	84.27998352050781	
307.93145751953125	97.86515808105469	22.46925163269043	79.71583557128906	
305.19049072265625	97.654296875	22.263362884521484	77.94871520996094	
301.62164306640625	96.79713439941406	23.89650535583496	79.12189483642578	
298.38494873046875	97.296875	24.606441497802734	80.50753021240234	
295.8093566894531	97.35917663574219	24.231735229492188	79.42431640625	
291.7330627441406	97.49664306640625	24.292705535888672	80.84947204589844	
288.10858154296875	97.45040130615234	25.001026153564453	83.61434936523438	
285.15234375	97.56668853759766	24.290185928344727	84.11750030517578	
281.8569641113281	96.36253356933594	24.383670806884766	86.9519271850586	
281.22222900390625	96.76777648925781	21.984477996826172	82.10466766357422	
278.9373779296875	96.3734130859375	20.41303062438965	78.63914489746094	
274.9015197753906	97.47349548339844	22.011123657226562	75.21998596191406	
271.9724426269531	96.0774154663086	22.380298614501953	80.91634368896484	
269.1629333496094	97.0760269165039	23.5090389251709	80.07758331298828	
266.2962646484375	97.1434555053711	24.674583435058594	81.37503814697266	
262.89471435546875	97.48219299316406	24.707706451416016	80.63136291503906	
259.4593811035156	96.77857971191406	25.236663818359375	82.6391830444336	
256.0406799316406	95.64846801757812	26.27752685546875	86.3083267211914	
253.3896026611328	94.56930541992188	25.02787971496582	85.42286682128906	
251.35195922851562	94.16349029541016	23.785770416259766	86.98762512207031	
249.4934539794922	93.66529083251953	22.410568237304688	84.6181640625	
245.5786590576172	94.09489440917969	24.5042724609375	81.03583526611328	
243.85110473632812	94.47416687011719	24.195140838623047	80.1890869140625	
241.0802001953125	94.94510650634766	25.490291595458984	78.52046203613281	
239.25625610351562	96.25555419921875	25.572683334350586	77.31669616699219	
236.65774536132812	96.1257553100586	26.3760986328125	76.60758209228516	
232.62026977539062	94.67870330810547	27.672286987304688	78.3581771850586	
228.8058624267578	94.58052062988281	28.560705184936523	79.27498626708984	
224.78524780273438	93.11674499511719	28.220211029052734	82.41121673583984	
221.9626922607422	91.89066314697266	28.05112075805664	86.37034606933594	
220.2588653564453	91.1296157836914	26.616485595703125	84.82728576660156	
218.77658081054688	90.98976135253906	25.7955322265625	83.46113586425781	
215.75796508789062	91.89923095703125	25.969491958618164	80.58479309082031	
214.91970825195312	91.4290771484375	22.089200973510742	75.9603500366211	
212.5380096435547	91.17488098144531	20.449106216430664	76.82566833496094	
208.00216674804688	90.25643157958984	23.180492401123047	81.15741729736328	
204.9062042236328	91.41670989990234	23.83223533630371	81.04164123535156	
202.33558654785156	92.48489379882812	24.10222053527832	79.97810363769531	
198.75791931152344	92.58721923828125	24.965099334716797	80.39897918701172	
197.0254364013672	93.03482055664062	24.089845657348633	80.03878021240234	
194.71017456054688	90.54591369628906	23.27398681640625	81.0290756225586	
191.7255401611328	88.88493347167969	23.785709381103516	84.56865692138672	
191.33956909179688	89.7462387084961	22.23089599609375	81.32215881347656	
190.3741455078125	90.1518783569336	22.09244155883789	76.97459411621094	
187.53567504882812	90.30772399902344	23.64380645751953	76.78441619873047	
185.40664672851562	88.99161529541016	24.9807071685791	81.1332015991211	
183.22256469726562	89.1261215209961	25.863727569580078	82.52458190917969	
182.22796630859375	88.0041732788086	25.520511627197266	80.68683624267578	
180.5202178955078	87.61263275146484	26.483112335205078	83.28062438964844	
180.477294921875	87.81639862060547	26.405969619750977	83.95433044433594	
180.04824829101562	87.21910095214844	26.52849769592285	84.40675354003906	
179.0509490966797	87.97505187988281	27.231576919555664	82.69420623779297	
176.0988006591797	90.1087646484375	28.233097076416016	78.79826354980469	
173.1582489013672	91.09294128417969	32.4725227355957	77.58880615234375	
173.16986083984375	92.16694641113281	31.153207778930664	78.71565246582031	
172.31307983398438	92.40022277832031	30.941425323486328	77.87286376953125	
170.15859985351562	90.63536071777344	31.221691131591797	76.60536193847656	
169.6722869873047	91.02253723144531	30.5679931640625	74.8310775756836	
168.0498809814453	90.24266052246094	30.28653907775879	75.15113067626953	
168.4470977783203	90.97957611083984	30.00861167907715	72.99098205566406	
167.9134063720703	89.85497283935547	30.414058685302734	75.34580993652344	
168.61817932128906	87.5442123413086	30.92047119140625	79.95104217529297	
168.55169677734375	86.31492614746094	29.862462997436523	81.1898193359375	
168.58531188964844	84.90534973144531	29.783477783203125	82.7034912109375	
171.17904663085938	84.99421691894531	27.546924591064453	80.4409408569336	
173.0693359375	85.55962371826172	26.977046966552734	81.94642639160156	
174.25643920898438	84.4573745727539	26.166967391967773	85.33599853515625	
175.56375122070312	84.76130676269531	26.54717445373535	87.16520690917969	
177.94976806640625	84.13157653808594	25.651439666748047	90.0029525756836	
178.6787109375	86.79399871826172	24.27016830444336	86.6089859008789	
180.17672729492188	87.15219116210938	24.289722442626953	84.5095443725586	
180.47848510742188	88.2581787109375	23.96474266052246	82.02200317382812	
181.98703002929688	90.16844177246094	23.341381072998047	75.31126403808594	
182.38290405273438	91.56514739990234	24.24128532409668	72.74591064453125	
180.8461151123047	90.76409912109375	26.638500213623047	77.05889892578125	
181.13705444335938	89.62850189208984	27.248321533203125	79.93101501464844	
182.03631591796875	89.1427993774414	27.902196884155273	81.29277038574219	
184.05349731445312	88.6178207397461	27.6749210357666	80.65666198730469	
185.96536254882812	88.04484558105469	27.93442726135254	80.8570327758789	
188.95465087890625	87.97342681884766	26.894699096679688	80.89520263671875	
193.30506896972656	89.28266906738281	24.662303924560547	78.50479888916016	
197.25247192382812	89.53658294677734	21.941970825195312	78.09420013427734	
199.7514190673828	89.42503356933594	20.37514877319336	78.01875305175781	
200.9290008544922	89.90223693847656	20.893688201904297	77.8038101196289	
202.517333984375	91.43382263183594	22.426212310791016	74.5060043334961	
203.8069305419922	91.35179138183594	23.31903076171875	74.07173156738281	
205.5419158935547	90.7660903930664	23.869327545166016	79.6444091796875	
209.15847778320312	91.04719543457031	23.712125778198242	82.13797760009766	
211.743408203125	92.00547790527344	24.549861907958984	83.91896057128906	
215.7512664794922	92.38827514648438	24.528446197509766	85.88758850097656	
218.973388671875	93.47938537597656	23.290428161621094	80.64720153808594	
221.2101287841797	91.94718170166016	22.700437545776367	80.37360382080078	
224.0147705078125	91.34748840332031	22.13907241821289	80.16307830810547	
226.9806365966797	90.66459655761719	21.416278839111328	81.03962707519531	
230.05191040039062	90.70223236083984	21.098583221435547	78.41517639160156	
233.2236328125	90.7647476196289	21.112171173095703	74.43253326416016	
234.2675018310547	90.25460052490234	23.461864471435547	78.10820007324219	
235.5704803466797	89.441162109375	24.97362518310547	82.27774047851562	
237.43789672851562	88.93194580078125	26.1794490814209	87.13333892822266	
240.7140655517578	90.23441314697266	25.132381439208984	84.96331024169922	
244.9774932861328	91.03152465820312	24.93436622619629	84.53965759277344	
249.3257293701172	91.09770202636719	23.546768188476562	83.51066589355469	
254.43038940429688	92.24461364746094	21.034631729125977	80.16426849365234	
258.368896484375	94.53070831298828	19.540050506591797	78.2996597290039	
260.5599670410156	95.13619995117188	19.379274368286133	75.99351501464844	
262.37298583984375	96.46248626708984	20.372772216796875	75.74950408935547	
264.81671142578125	96.5140609741211	20.81810188293457	76.2118148803711	
266.7989196777344	97.35323333740234	21.012014389038086	75.41659545898438	
269.3424377441406	97.25352478027344	21.82174301147461	78.35859680175781	
270.0715637207031	97.17256164550781	22.238439559936523	80.5331039428711	
271.3415222167969	96.3854751586914	22.27286148071289	81.58163452148438	
275.0845947265625	95.49202728271484	22.122516632080078	82.71200561523438	
278.6155090332031	93.6277084350586	20.894439697265625	81.28895568847656	
279.7432556152344	89.58100891113281	20.896942138671875	83.15383911132812	
283.5639343261719	84.10072326660156	20.30577850341797	82.8642349243164	
287.9970703125	81.6955337524414	19.23984718322754	79.54219055175781	
295.5732727050781	80.09320068359375	19.78777503967285	76.66394805908203	
301.2625427246094	78.70294189453125	19.982154846191406	75.67125701904297	
307.03472900390625	78.01895141601562	18.85845375061035	79.33805847167969	
311.9847717285156	80.12739562988281	19.12841796875	79.36994934082031	
318.34759521484375	79.5539321899414	19.25576400756836	81.58787536621094	
322.46844482421875	80.24141693115234	18.353790283203125	81.1939926147461	
324.84405517578125	79.74946594238281	18.916654586791992	85.34906768798828	
326.8338317871094	79.22273254394531	20.190458297729492	86.32550048828125	
332.3027648925781	79.3160400390625	19.9842472076416	85.27500915527344	
336.7193603515625	79.61398315429688	19.914813995361328	80.88451385498047	
339.7960205078125	79.04420471191406	20.34930419921875	76.83658599853516	
341.5686950683594	76.872314453125	21.185949325561523	76.16765594482422	
342.5744323730469	74.81898498535156	20.942852020263672	76.12449645996094	
344.47601318359375	73.5549545288086	22.613534927368164	77.29071044921875	
345.26202392578125	72.5912857055664	23.74311065673828	77.60606384277344	
346.86077880859375	72.92440032958984	24.439929962158203	76.94415283203125	
347.7875061035156	73.52796936035156	24.39629364013672	76.63102722167969	
347.93499755859375	74.54541015625	24.258737564086914	75.86311340332031	
347.90777587890625	74.18440246582031	24.005115509033203	77.17790222167969	
347.4340515136719	73.67628479003906	24.86996078491211	79.14143371582031	
346.09075927734375	73.50211334228516	24.03763771057129	78.09657287597656	
344.12542724609375	72.53550720214844	23.998950958251953	77.23673248291016	
342.81146240234375	72.67168426513672	24.065982818603516	74.26612854003906	
341.456298828125	71.45005798339844	24.184158325195312	73.54696655273438	
340.3692321777344	69.78117370605469	25.40859603881836	76.58345031738281	
340.36993408203125	69.68687438964844	26.10137939453125	76.64254760742188	
340.43377685546875	70.00199127197266	26.955829620361328	78.30567932128906	
341.55401611328125	71.0237808227539	27.054306030273438	77.9108657836914	
342.5183410644531	70.96714782714844	27.483154296875	78.72093200683594	
342.0489196777344	68.13026428222656	28.758941650390625	80.7347412109375	
341.89569091796875	67.0946273803711	29.348102569580078	78.19956970214844	
342.53924560546875	63.70953369140625	29.89312171936035	79.95741271972656	
341.6480712890625	62.01530838012695	30.51007652282715	80.28367614746094	
343.7743225097656	62.9233283996582	30.92413902282715	80.53984069824219	
345.21136474609375	64.46611022949219	30.345478057861328	80.44422149658203	
347.1199035644531	66.7633056640625	29.45415687561035	81.21562957763672	
348.0484313964844	66.87321472167969	29.11452293395996	80.99407196044922	
349.7176208496094	67.01578521728516	26.88943099975586	79.98320007324219	
349.6236877441406	65.63993835449219	27.474029541015625	82.39250183105469	
349.6563415527344	65.23716735839844	26.31686019897461	81.09510803222656	
350.15728759765625	65.52349853515625	26.582794189453125	82.10980224609375	
349.77398681640625	66.21842193603516	26.176156997680664	83.24934387207031	
347.9949645996094	65.48957824707031	26.61086082458496	84.50839233398438	
347.48309326171875	64.5110092163086	27.182117462158203	85.43055725097656	
346.3463439941406	64.99093627929688	27.013046264648438	85.49635314941406	
345.5310363769531	65.36385345458984	27.53192710876465	85.09767150878906	
345.02264404296875	66.29804992675781	27.5334415435791	86.59074401855469	
344.65814208984375	66.27640533447266	26.76165199279785	84.72161102294922	
343.4466552734375	66.88175964355469	26.70149803161621	85.5798568725586	
341.2047119140625	67.570068359375	26.731136322021484	83.30302429199219	
338.90460205078125	68.8249740600586	27.370473861694336	80.97083282470703	
336.53131103515625	69.04475402832031	28.039037704467773	78.5106430053711	
335.04107666015625	69.0363540649414	28.005008697509766	76.73465728759766	
332.9374084472656	68.68180084228516	27.674158096313477	78.07289123535156	
330.25921630859375	69.69319152832031	28.346282958984375	74.66654968261719	
327.7583923339844	70.44902038574219	28.24199867248535	72.99246215820312	
325.704345703125	71.1559829711914	28.481170654296875	73.4014663696289	
323.3213806152344	70.77507781982422	28.373821258544922	74.58110809326172	
321.7264404296875	70.45845031738281	27.46126937866211	75.39628601074219	
320.83343505859375	69.6878433227539	26.88888931274414	77.65061950683594	
319.2105407714844	67.85380554199219	26.040063858032227	81.38478088378906	
318.31011962890625	66.17243957519531	25.01677703857422	81.1093521118164	
316.8874816894531	63.88355255126953	23.481769561767578	83.31961822509766	
316.34771728515625	65.143310546875	21.87493324279785	83.79414367675781	
314.83807373046875	62.75379180908203	20.267414093017578	86.74314880371094	
314.16143798828125	64.94773864746094	19.77340316772461	92.51420593261719	
312.6440734863281	64.38052368164062	19.52950096130371	91.64707946777344	
310.45501708984375	64.51781463623047	20.69784927368164	92.92028045654297	
307.23333740234375	65.35022735595703	21.269298553466797	94.0821762084961	
304.08050537109375	66.14804077148438	21.064884185791016	91.78496551513672	
302.4278564453125	65.5308837890625	21.485862731933594	88.61238861083984	
299.5	66.1664047241211	23.206661224365234	85.9583511352539	
297.8143005371094	67.73707580566406	24.5711612701416	84.00901794433594	
296.3896789550781	68.65789794921875	25.498653411865234	85.20219421386719	
294.9496765136719	71.14253234863281	26.48956298828125	82.62571716308594	
294.1271057128906	72.27885437011719	27.236770629882812	79.79353332519531	
293.1197814941406	72.43339538574219	27.216670989990234	77.5378646850586	
292.1302795410156	71.72933197021484	27.401941299438477	82.15435028076172	
289.30047607421875	73.5774917602539	28.397769927978516	75.47801208496094	
288.39141845703125	74.52131652832031	28.030975341796875	74.347900390625	
287.0307312011719	73.7752456665039	28.105907440185547	74.44318389892578	
285.5042419433594	74.72523498535156	28.431171417236328	75.77528381347656	
283.19622802734375	74.2979965209961	28.54083251953125	78.24653625488281	
281.91656494140625	73.90400695800781	27.239730834960938	78.78652954101562	
279.87420654296875	72.6395034790039	27.243322372436523	81.46583557128906	
279.09033203125	73.27449035644531	25.891666412353516	76.38522338867188	
277.4037780761719	72.16385650634766	25.647552490234375	74.63716888427734	
276.2585144042969	70.8572998046875	25.514076232910156	78.99748229980469	
274.6513977050781	68.44026184082031	25.3812313079834	82.20838928222656	
273.258544921875	69.72701263427734	24.36953353881836	81.50798797607422	
271.5581970214844	69.9571762084961	24.36878776550293	81.8419418334961	
268.2445068359375	69.53884887695312	25.279441833496094	82.8635482788086	
265.8417053222656	69.41619110107422	25.4967098236084	84.93407440185547	
263.61932373046875	69.01853942871094	25.567981719970703	84.9419174194336	
261.0267639160156	68.33250427246094	25.921924591064453	85.7199935913086	
259.3619689941406	67.73780822753906	26.246545791625977	82.54988098144531	
256.1556091308594	67.53977966308594	27.791418075561523	81.42371368408203	
254.54684448242188	69.83016204833984	28.15252685546875	81.89201354980469	
252.0340118408203	68.29225158691406	29.04080581665039	82.41412353515625	
248.549560546875	66.22815704345703	30.837051391601562	88.36210632324219	
246.81301879882812	65.28070068359375	31.63055419921875	87.8095703125	
246.41525268554688	66.63851928710938	31.533245086669922	89.1590576171875	
244.860107421875	68.07022094726562	31.406291961669922	87.52630615234375	
242.64541625976562	66.4496078491211	31.51351547241211	85.46165466308594	
241.41610717773438	67.25169372558594	30.8741455078125	85.17073822021484	
239.7613067626953	67.69164276123047	30.334054946899414	82.84864807128906	
238.761474609375	67.96522521972656	29.203466415405273	84.47400665283203	
238.3265838623047	68.1157455444336	27.934711456298828	82.98451232910156	
236.95361328125	68.48741149902344	27.44016456604004	81.82852935791016	
235.4562530517578	66.44241333007812	27.203144073486328	82.71025085449219	
235.19351196289062	64.7862548828125	25.9394588470459	82.71891784667969	
233.4998016357422	63.311668395996094	25.898645401000977	84.91288757324219	
232.71957397460938	63.06983184814453	25.54042625427246	85.92042541503906	
231.5458984375	63.59807205200195	25.972753524780273	85.33839416503906	
230.1774139404297	63.70119094848633	25.637264251708984	84.69662475585938	
228.4154052734375	63.620445251464844	25.804040908813477	84.3804931640625	
226.8244171142578	65.65038299560547	25.549144744873047	84.21732330322266	
225.94302368164062	66.03421020507812	25.130359649658203	81.10050964355469	
223.81088256835938	65.08943939208984	25.832721710205078	80.37554168701172	
221.78213500976562	64.79508972167969	26.18596839904785	80.51948547363281	
220.41036987304688	64.55565643310547	26.716320037841797	81.89961242675781	
218.68594360351562	62.920654296875	27.3144588470459	84.32115936279297	
217.55136108398438	62.54655838012695	27.233814239501953	80.71854400634766	
216.15176391601562	63.48871612548828	27.481327056884766	82.63438415527344	
214.57958984375	61.97320556640625	27.746051788330078	82.32872009277344	
213.57723999023438	62.44234085083008	27.851741790771484	82.79997253417969	
212.2848358154297	61.46598434448242	28.15716552734375	85.51029968261719	
210.90145874023438	61.44789505004883	27.98690414428711	86.33489227294922	
210.8788299560547	61.43291091918945	26.89443016052246	84.89212036132812	
210.5408172607422	61.486900329589844	26.072998046875	85.40089416503906	
210.88980102539062	60.871063232421875	24.86964988708496	83.88645935058594	
210.80093383789062	61.4920654296875	23.612943649291992	83.96632385253906	
209.6813507080078	60.899627685546875	23.50568962097168	85.84869384765625	
209.1320343017578	59.591896057128906	23.10630226135254	86.52909851074219	
207.6234893798828	58.82867431640625	23.146846771240234	88.70915222167969	
206.2917938232422	59.88042449951172	22.874439239501953	89.61897277832031	
204.3339080810547	58.70713424682617	23.025423049926758	89.24884796142578	
202.41256713867188	58.5829963684082	23.470020294189453	89.42747497558594	
201.26699829101562	60.27119827270508	23.562789916992188	90.46894836425781	
200.71206665039062	59.09025955200195	23.36404037475586	90.66092681884766	
199.57528686523438	62.370994567871094	23.273757934570312	90.22661590576172	
200.30337524414062	61.75487518310547	22.618560791015625	88.29185485839844	
198.5750274658203	59.68330001831055	23.19074249267578	91.0185775756836	
198.8690948486328	61.76209259033203	22.51959800720215	88.28244018554688	
198.21575927734375	60.727264404296875	22.637832641601562	90.12285614013672	
196.57467651367188	64.44972229003906	22.784847259521484	90.11407470703125	
196.70388793945312	63.375205993652344	23.10776138305664	89.36662292480469	
195.89010620117188	63.5848388671875	22.88893699645996	89.39450073242188	
195.686767578125	66.73526763916016	22.876510620117188	88.38459014892578	
196.30343627929688	63.97126388549805	22.612186431884766	87.15528869628906	
196.755126953125	69.64175415039062	25.604019165039062	87.94397735595703	
195.91256713867188	65.92729187011719	23.028091430664062	87.1468505859375	
197.46163940429688	68.91618347167969	22.358001708984375	85.95267486572266	
196.9947509765625	70.42054748535156	22.407039642333984	83.99964904785156	
196.83566284179688	71.03279113769531	22.458568572998047	83.72755432128906	
198.6611785888672	69.10490417480469	22.643596649169922	81.90205383300781	
195.23703002929688	70.99528503417969	22.839466094970703	83.74092102050781	
194.29690551757812	71.87861633300781	22.596271514892578	84.04210662841797	
197.2813720703125	68.90143585205078	22.327167510986328	83.50059509277344	
194.91412353515625	72.43751525878906	22.037067413330078	81.73957061767578	
194.84503173828125	70.68714141845703	21.71967887878418	80.7549819946289	
196.30130004882812	73.0325698852539	21.14911460876465	79.13407135009766	
194.8339080810547	71.60606384277344	21.29874038696289	80.03927612304688	
197.02699279785156	72.00619506835938	21.08173179626465	78.7322769165039	
195.89004516601562	72.06633758544922	21.036123275756836	78.57267761230469	
198.0865020751953	74.4190444946289	20.987321853637695	77.41943359375	
199.35513305664062	73.8763198852539	20.32858657836914	77.50584411621094	
200.17523193359375	73.39432525634766	20.178874969482422	76.41773986816406	
202.77188110351562	67.92818450927734	19.868099212646484	76.30339050292969	
202.7025604248047	63.94084548950195	20.217453002929688	76.64694213867188	
211.0457305908203	60.34949493408203	19.9523868560791	75.25404357910156	
217.5007781982422	60.88214874267578	19.927061080932617	75.46503448486328	
217.24819946289062	61.50211715698242	20.299293518066406	76.05416107177734	
209.9474639892578	53.74769973754883	21.191875457763672	78.8058090209961	
212.1217041015625	55.112274169921875	21.377294540405273	79.8942642211914	
210.76681518554688	62.6036262512207	21.16820526123047	79.20161437988281	
209.00259399414062	60.534385681152344	21.442668914794922	80.68769073486328	
208.0612030029297	61.10722732543945	21.39128303527832	79.87879943847656	
206.1318359375	60.426063537597656	21.0985050201416	80.6370849609375	
204.7052764892578	60.923072814941406	20.652482986450195	79.13972473144531	
200.8483428955078	60.11986541748047	20.804407119750977	79.42778015136719	
203.08953857421875	57.6546745300293	20.95510482788086	81.03356170654297	
202.70925903320312	55.72370529174805	21.495773315429688	81.73834991455078	
203.25149536132812	50.79558563232422	22.963069915771484	84.92040252685547	
206.09799194335938	51.55327224731445	22.756916046142578	82.32351684570312	
207.3424530029297	44.68564224243164	24.585308074951172	84.22319030761719	
206.99234008789062	44.45392990112305	25.210630416870117	86.70111846923828	
207.6494903564453	44.25810623168945	25.12944984436035	87.9794921875	
205.9925079345703	42.94289016723633	26.3957462310791	90.52727508544922	
204.53128051757812	39.10637283325195	27.270069122314453	90.8038558959961	
202.81271362304688	40.00697326660156	27.9106502532959	91.59223937988281	
204.0449981689453	38.70320129394531	28.42831039428711	94.40443420410156	
202.5577392578125	36.34815979003906	29.662979125976562	97.58926391601562	
202.97427368164062	36.068336486816406	29.72650718688965	96.81109619140625	
202.4821319580078	37.880760192871094	30.118539810180664	96.01118469238281	
203.77041625976562	38.950077056884766	29.673702239990234	96.50068664550781	
203.73858642578125	40.82807922363281	29.448802947998047	95.44709777832031	
206.40921020507812	39.6247673034668	28.351491928100586	95.20015716552734	
208.6080780029297	39.712188720703125	27.791339874267578	95.78956604003906	
210.7620391845703	42.11406326293945	26.42446517944336	89.82579040527344	
211.9815673828125	41.018768310546875	26.548614501953125	89.16421508789062	
