142.0	44.0	52.0	181.0	
141.9062957763672	42.84305953979492	52.22565460205078	180.07315063476562	
141.83554077148438	43.29744338989258	52.63709259033203	180.4139862060547	
141.57167053222656	43.8955078125	53.072227478027344	179.34042358398438	
141.54852294921875	44.07722854614258	53.28583526611328	178.9998779296875	
141.5294189453125	44.208839416503906	53.948028564453125	178.7740020751953	
141.66592407226562	43.3998908996582	53.639137268066406	180.7082977294922	
141.513671875	42.51392364501953	54.94545364379883	182.14158630371094	
141.68124389648438	42.39143753051758	54.99336624145508	183.19271850585938	
142.45692443847656	42.980018615722656	55.26604461669922	180.67141723632812	
141.9817352294922	43.82305908203125	56.762664794921875	180.29330444335938	
142.1930694580078	41.408790588378906	57.9219856262207	181.46829223632812	
142.7877655029297	44.41139602661133	58.03509521484375	179.61813354492188	
143.90127563476562	44.39936065673828	58.14882278442383	179.3590087890625	
144.37069702148438	46.630287170410156	58.03400421142578	174.5576934814453	
146.4776611328125	44.44024658203125	57.08111572265625	178.56283569335938	
148.1382293701172	45.15583038330078	56.095420837402344	175.90017700195312	
149.09483337402344	47.085121154785156	55.17137908935547	170.88430786132812	
152.96566772460938	47.30565643310547	51.8675422668457	170.76426696777344	
154.80099487304688	50.42665481567383	51.7781867980957	165.90562438964844	
157.82937622070312	50.2625617980957	51.4083137512207	163.9457550048828	
158.55810546875	54.915916442871094	50.706748962402344	160.1934814453125	
161.43704223632812	49.83411407470703	50.00731658935547	168.95993041992188	
163.26010131835938	46.213584899902344	50.99817657470703	176.69131469726562	
164.9468536376953	45.42643356323242	53.1795654296875	177.9423828125	
170.9581756591797	43.43657302856445	46.32997131347656	178.52420043945312	
173.74107360839844	43.226463317871094	44.42371368408203	178.6674041748047	
176.42538452148438	42.497764587402344	43.18564224243164	180.1979217529297	
175.1104736328125	43.84210968017578	44.382774353027344	178.34930419921875	
177.03903198242188	46.740264892578125	43.49311447143555	173.91976928710938	
178.925537109375	48.39506149291992	44.81032180786133	171.7410430908203	
181.64266967773438	51.403594970703125	42.29731750488281	169.25318908691406	
181.521240234375	50.35282516479492	42.72343826293945	169.23243713378906	
183.31423950195312	51.93769073486328	42.696983337402344	165.7522430419922	
184.2672882080078	52.92317581176758	42.92560577392578	164.5491943359375	
184.20889282226562	50.274375915527344	43.39344024658203	169.05477905273438	
184.11880493164062	52.000633239746094	45.07344055175781	166.83856201171875	
184.8716583251953	55.153358459472656	44.81859588623047	161.7904510498047	
185.3751678466797	57.135528564453125	45.54816818237305	158.71090698242188	
186.95806884765625	60.83170700073242	44.15244674682617	152.5806427001953	
187.9285430908203	62.2019157409668	43.887359619140625	151.462890625	
189.80018615722656	63.16318893432617	42.03246307373047	150.62130737304688	
190.74464416503906	58.92157745361328	43.39582824707031	157.98681640625	
191.12387084960938	57.172515869140625	45.355812072753906	161.50563049316406	
193.4547882080078	55.880271911621094	44.23502731323242	162.7634735107422	
196.83065795898438	52.913307189941406	40.8683967590332	167.12112426757812	
197.04925537109375	55.005531311035156	40.02674102783203	160.10626220703125	
197.2901153564453	56.499549865722656	40.226890563964844	158.81094360351562	
197.0911865234375	59.560569763183594	40.914485931396484	152.92457580566406	
195.5460205078125	63.180206298828125	42.70918273925781	147.7288818359375	
197.77249145507812	62.62565231323242	41.082393646240234	149.782958984375	
199.22067260742188	63.12067794799805	39.68169403076172	149.63290405273438	
199.9735565185547	65.41886901855469	39.72929763793945	145.5037384033203	
200.8589324951172	64.43107604980469	39.764251708984375	148.3963165283203	
201.53125	66.11625671386719	38.7564697265625	146.4173126220703	
202.93984985351562	63.847869873046875	37.87305450439453	149.40957641601562	
201.58065795898438	66.8908462524414	38.862709045410156	142.63784790039062	
201.49334716796875	66.44884490966797	40.8015022277832	141.7821044921875	
201.9823760986328	70.4948501586914	39.05675506591797	139.35452270507812	
202.9931182861328	71.96273803710938	38.2844123840332	137.0443115234375	
203.7004852294922	72.00601959228516	37.7956657409668	138.93399047851562	
204.29736328125	67.19673156738281	37.88725662231445	146.729736328125	
205.1038055419922	65.24124145507812	37.83413314819336	147.38404846191406	
205.89529418945312	63.16480255126953	37.07941436767578	149.53164672851562	
206.61343383789062	63.762229919433594	36.967926025390625	147.82357788085938	
206.4692840576172	64.76066589355469	36.4674186706543	146.49917602539062	
207.66226196289062	65.53324890136719	37.45372009277344	145.86476135253906	
207.1409149169922	65.83866882324219	37.53291702270508	145.2553253173828	
207.87081909179688	64.74601745605469	37.36482238769531	146.38037109375	
207.20751953125	66.91806030273438	37.33179473876953	142.86959838867188	
208.9742889404297	65.34514617919922	37.492835998535156	145.07504272460938	
209.17550659179688	67.71305847167969	36.78337478637695	142.3286895751953	
210.1833038330078	68.34490966796875	35.387367248535156	141.14663696289062	
210.96875	67.28788757324219	35.52117156982422	142.0366973876953	
210.0540771484375	70.65275573730469	35.48346710205078	137.84385681152344	
210.646484375	71.76021575927734	36.01092529296875	133.932861328125	
210.7275390625	74.828857421875	35.19175338745117	131.31674194335938	
212.4550323486328	74.93477630615234	34.625518798828125	131.3619384765625	
213.1055450439453	79.42755126953125	32.899051666259766	125.78753662109375	
214.10610961914062	76.64239501953125	33.42939376831055	128.78396606445312	
214.6011199951172	73.99443817138672	33.25226593017578	131.9971160888672	
215.2912139892578	70.05667877197266	33.62041473388672	137.43148803710938	
216.13320922851562	72.21357727050781	32.88814163208008	134.57833862304688	
215.65353393554688	71.329345703125	33.90460968017578	135.13198852539062	
216.2619171142578	74.50066375732422	33.95154571533203	130.27557373046875	
217.1414031982422	75.74613952636719	33.7592658996582	129.1412353515625	
218.3260040283203	73.19065856933594	33.86248016357422	132.72085571289062	
218.46835327148438	76.23572540283203	32.90055465698242	128.031005859375	
218.6429901123047	77.98860931396484	32.39545822143555	125.60475158691406	
219.8145294189453	76.05665588378906	32.08294677734375	129.2705841064453	
219.7506103515625	76.13172149658203	32.360652923583984	128.81570434570312	
220.32528686523438	77.86070251464844	31.626413345336914	125.6348648071289	
220.05615234375	81.53334045410156	30.24416732788086	119.85478210449219	
219.6671905517578	82.3735580444336	31.80631446838379	118.14027404785156	
219.72616577148438	84.59819030761719	31.5465087890625	115.4654541015625	
219.93038940429688	85.27984619140625	31.63690757751465	113.6881332397461	
220.72689819335938	83.50350189208984	30.950448989868164	117.05660247802734	
222.96456909179688	82.72480773925781	31.478439331054688	118.0367202758789	
223.00601196289062	83.7232894897461	30.589183807373047	116.54386138916016	
224.5749969482422	84.59831237792969	29.145681381225586	116.72308349609375	
224.3938751220703	83.14689636230469	29.1235294342041	117.59626770019531	
225.0485076904297	83.42652130126953	29.035873413085938	116.5722427368164	
224.4340362548828	82.23112487792969	29.534740447998047	117.140869140625	
225.53903198242188	85.22999572753906	29.015377044677734	113.60432434082031	
226.3722381591797	86.26832580566406	28.53582763671875	112.93077087402344	
225.37841796875	85.51316833496094	28.847530364990234	112.9693374633789	
225.5361785888672	85.99229431152344	29.197509765625	113.4397201538086	
227.2156219482422	86.50846862792969	28.13838768005371	113.6196517944336	
227.48117065429688	85.00850677490234	28.207794189453125	115.0788803100586	
228.251220703125	86.47029876708984	27.889789581298828	114.1855697631836	
227.7353515625	87.73789978027344	27.227230072021484	111.94853210449219	
227.1448211669922	90.00492095947266	27.129669189453125	107.4322738647461	
228.2193603515625	93.65583038330078	26.322795867919922	101.7878646850586	
228.16976928710938	94.16331481933594	26.948162078857422	102.01760864257812	
228.98178100585938	93.88664245605469	26.524333953857422	102.31446838378906	
229.6573028564453	94.0897445678711	26.40262794494629	102.9972152709961	
230.1315460205078	94.68073272705078	25.93337059020996	100.95536804199219	
230.6723175048828	94.4013671875	25.286691665649414	101.04740142822266	
230.39810180664062	93.35929107666016	25.42818260192871	102.94950866699219	
230.0935516357422	92.67835998535156	25.524436950683594	103.40458679199219	
229.94314575195312	94.1499252319336	24.703495025634766	100.55816650390625	
230.5845947265625	95.52315521240234	24.743915557861328	99.25358581542969	
229.8335723876953	95.28684997558594	25.59417152404785	100.5628433227539	
230.6673583984375	96.19786071777344	25.272024154663086	98.09495544433594	
230.95065307617188	95.8067626953125	24.884868621826172	99.15557861328125	
231.30892944335938	97.36222076416016	24.268999099731445	97.44940185546875	
231.5873565673828	96.35684204101562	24.314645767211914	99.59657287597656	
232.2443084716797	96.5650863647461	24.177021026611328	99.11695861816406	
231.80953979492188	97.03460693359375	24.132976531982422	98.08175659179688	
230.61044311523438	94.45245361328125	24.964168548583984	99.76759338378906	
231.1068878173828	97.0151138305664	24.968791961669922	96.97270965576172	
232.1392364501953	100.29449462890625	24.227502822875977	91.8005599975586	
231.86611938476562	99.06304931640625	24.386688232421875	94.6104965209961	
232.8945770263672	100.37687683105469	23.863983154296875	93.24607849121094	
233.19229125976562	100.99560546875	23.855300903320312	91.31854248046875	
233.1046600341797	99.60212707519531	23.991413116455078	93.11959838867188	
233.41720581054688	99.80610656738281	23.406658172607422	93.31416320800781	
233.02151489257812	98.09605407714844	23.382783889770508	95.23407745361328	
233.8102264404297	96.85232543945312	23.825786590576172	97.4246597290039	
233.3175048828125	96.28570556640625	24.553760528564453	98.49878692626953	
233.1951141357422	98.16813659667969	24.62612533569336	97.24919128417969	
233.694091796875	97.85015106201172	24.704971313476562	97.9101791381836	
233.80276489257812	97.48221588134766	25.076152801513672	98.01319122314453	
233.6300811767578	99.44730377197266	24.442001342773438	94.30824279785156	
234.91470336914062	100.77748107910156	23.33626937866211	93.51734161376953	
234.6422882080078	100.46412658691406	23.419986724853516	92.25701904296875	
235.2891845703125	103.1397476196289	22.6275634765625	87.7036361694336	
234.0285186767578	102.18687438964844	23.51326560974121	87.9876480102539	
234.6026153564453	105.41041564941406	22.553878784179688	83.3910140991211	
235.09390258789062	107.45353698730469	22.24797248840332	80.1978530883789	
235.24673461914062	106.17852783203125	22.72756576538086	82.81702423095703	
235.7194061279297	107.3424301147461	22.36289405822754	81.9124984741211	
236.54647827148438	106.5238037109375	22.232500076293945	82.56478118896484	
236.6001434326172	104.71199035644531	22.662918090820312	85.0741195678711	
237.17739868164062	103.93449401855469	22.143129348754883	85.42906188964844	
236.9281463623047	103.88874816894531	21.97232437133789	86.79995727539062	
237.6636199951172	105.09651184082031	21.456159591674805	83.98832702636719	
237.30810546875	104.4682388305664	22.098384857177734	86.48887634277344	
238.231201171875	104.89414978027344	21.7701358795166	84.08211517333984	
236.7840576171875	107.62483978271484	22.377859115600586	82.87452697753906	
239.7257843017578	112.059814453125	20.921138763427734	72.8216323852539	
239.1635284423828	115.64518737792969	18.699871063232422	70.45176696777344	
238.0944366455078	111.59063720703125	19.978477478027344	74.87527465820312	
238.6901397705078	114.0013656616211	19.17184066772461	71.17131042480469	
238.9447021484375	115.3250961303711	18.00552749633789	68.5172348022461	
238.9597930908203	115.8021469116211	19.381378173828125	69.38267517089844	
239.30538940429688	118.58231353759766	19.13466453552246	65.87288665771484	
239.2764434814453	116.39768981933594	19.883508682250977	66.86097717285156	
239.1495361328125	116.53627014160156	19.740558624267578	66.66410827636719	
239.371337890625	116.29215240478516	19.582077026367188	66.09857940673828	
240.1581268310547	117.088134765625	19.153528213500977	65.43172454833984	
240.03573608398438	118.14620208740234	18.487686157226562	66.01457214355469	
241.82077026367188	120.02299499511719	17.881641387939453	64.72212219238281	
241.3034210205078	121.507568359375	16.487640380859375	62.218284606933594	
242.3779754638672	118.37772369384766	17.345172882080078	65.87401580810547	
242.4602813720703	116.9571304321289	18.0886173248291	67.66043090820312	
243.3090057373047	117.99127197265625	17.971467971801758	65.83060455322266	
244.0700225830078	119.51944732666016	17.269733428955078	64.37952423095703	
243.24362182617188	123.38836669921875	16.07577896118164	59.65563201904297	
243.9604949951172	124.9195327758789	15.660243034362793	56.41167068481445	
245.0856475830078	123.58319091796875	15.494379043579102	58.741546630859375	
244.95840454101562	125.60196685791016	15.319131851196289	55.5028190612793	
244.3489532470703	126.0341567993164	15.366159439086914	55.36545944213867	
244.6446075439453	129.7515411376953	15.279869079589844	51.245277404785156	
245.00131225585938	129.9188690185547	15.187337875366211	51.03494644165039	
244.5116729736328	128.1294708251953	15.530929565429688	50.12268829345703	
244.891357421875	127.5394515991211	15.794967651367188	52.26435089111328	
244.83090209960938	126.66600036621094	15.893359184265137	53.896202087402344	
245.1653594970703	127.54777526855469	15.1316556930542	52.14545440673828	
245.8368682861328	127.36405944824219	14.688604354858398	51.63689041137695	
245.83749389648438	124.54716491699219	14.784016609191895	53.29883575439453	
245.7257080078125	120.41263580322266	15.881503105163574	56.895355224609375	
246.69869995117188	120.71714782714844	16.52054786682129	59.5433235168457	
246.7755584716797	123.46000671386719	15.329277038574219	56.337196350097656	
247.96951293945312	121.49381256103516	15.961797714233398	57.23679733276367	
246.8606414794922	121.08531188964844	15.98335075378418	59.4112663269043	
247.1897735595703	120.30918884277344	16.7374267578125	61.9320068359375	
247.6175079345703	122.20329284667969	15.960705757141113	59.63562774658203	
247.8409423828125	119.2275619506836	17.017709732055664	62.061004638671875	
248.12155151367188	118.482666015625	17.275806427001953	61.383583068847656	
248.18197631835938	118.75264739990234	17.647327423095703	60.1053581237793	
247.2869873046875	120.38529968261719	17.127452850341797	57.26001739501953	
247.2911376953125	120.4408950805664	17.584028244018555	58.12470245361328	
247.7147979736328	119.2477035522461	17.849607467651367	59.78655242919922	
248.0272216796875	119.6187744140625	17.567569732666016	59.31795120239258	
248.3584442138672	118.96185302734375	17.626293182373047	60.88252639770508	
248.84579467773438	117.47269439697266	17.507606506347656	61.91804122924805	
248.634033203125	117.5582275390625	17.0673828125	61.460723876953125	
248.79574584960938	117.41020202636719	16.72211265563965	59.54692840576172	
248.2915802001953	117.91423034667969	17.55029296875	62.303062438964844	
248.72305297851562	116.85859680175781	17.470701217651367	60.407615661621094	
249.39260864257812	118.8897705078125	17.31197738647461	60.13958740234375	
248.49612426757812	119.22016906738281	16.581314086914062	59.987693786621094	
248.053466796875	119.41487884521484	17.136783599853516	59.50336837768555	
248.294921875	119.52616882324219	16.80662727355957	60.35210037231445	
248.81674194335938	119.34053039550781	17.036394119262695	61.79534912109375	
248.7187042236328	118.5982666015625	16.56610679626465	59.94677734375	
249.3566131591797	119.23423767089844	16.19072151184082	58.694007873535156	
248.8102569580078	119.85836029052734	16.681570053100586	58.6449089050293	
248.8350067138672	120.57957458496094	17.12883949279785	56.29187774658203	
248.5783233642578	120.56660461425781	16.661617279052734	55.26697540283203	
249.0080108642578	121.64554595947266	16.518686294555664	53.6768913269043	
249.0091094970703	122.6657485961914	17.042200088500977	53.72758102416992	
249.1963348388672	122.98399353027344	16.80350112915039	53.525718688964844	
249.8048858642578	122.31990051269531	16.59939956665039	54.9207763671875	
249.7079620361328	121.3228530883789	16.411453247070312	57.10762405395508	
249.58419799804688	120.16744232177734	16.324398040771484	58.7556037902832	
250.3130340576172	119.08668518066406	16.807846069335938	58.470359802246094	
249.7308807373047	120.33642578125	16.435779571533203	58.84978485107422	
250.6103515625	122.0938491821289	15.521899223327637	55.451507568359375	
250.2825927734375	122.7239990234375	15.734426498413086	55.756019592285156	
250.5067901611328	122.58229064941406	15.792043685913086	57.57081985473633	
249.94970703125	123.66740417480469	15.879249572753906	55.8058967590332	
251.1226348876953	123.50712585449219	15.661188125610352	54.16352462768555	
250.65200805664062	122.35334777832031	15.452609062194824	56.89860153198242	
250.2688446044922	122.7178726196289	15.00934886932373	56.34743118286133	
250.53759765625	125.62748718261719	15.162057876586914	52.52851486206055	
250.7250518798828	126.9234848022461	15.565999984741211	53.3964958190918	
248.8782196044922	126.11317443847656	14.083587646484375	49.0217170715332	
250.78085327148438	127.6615219116211	14.851529121398926	51.213111877441406	
249.7967529296875	128.63613891601562	14.22404670715332	50.75372314453125	
250.91348266601562	129.42373657226562	13.23613452911377	50.54076385498047	
249.3234100341797	128.118408203125	12.900243759155273	50.43903350830078	
249.2572784423828	129.5447998046875	13.694180488586426	48.47687530517578	
249.9310760498047	130.2460479736328	13.827154159545898	46.760684967041016	
247.9782257080078	130.0768280029297	14.010032653808594	46.6343879699707	
248.23043823242188	131.2398681640625	13.942896842956543	45.42041015625	
248.3372039794922	132.45669555664062	13.393231391906738	43.38325119018555	
247.4673309326172	132.2700653076172	13.412786483764648	43.631797790527344	
247.08230590820312	130.749267578125	13.313100814819336	43.63906478881836	
247.3327178955078	131.38026428222656	12.980871200561523	41.30122756958008	
247.51907348632812	130.65927124023438	13.255017280578613	40.439613342285156	
246.90646362304688	129.830078125	12.618083000183105	42.2669677734375	
246.2375946044922	129.01113891601562	12.942517280578613	40.771568298339844	
246.12283325195312	127.4996337890625	13.10316276550293	41.32416534423828	
245.6671905517578	128.16006469726562	12.865942001342773	40.290992736816406	
244.57275390625	127.3202896118164	12.915072441101074	43.23088836669922	
243.97201538085938	127.07623291015625	13.773674011230469	44.78205490112305	
243.51388549804688	127.07759857177734	13.717381477355957	42.90212631225586	
242.815673828125	126.1533432006836	13.536775588989258	42.15439987182617	
242.3729248046875	125.49128723144531	14.002710342407227	45.78236770629883	
240.68374633789062	124.8355712890625	14.740724563598633	49.01534652709961	
240.32913208007812	124.13325500488281	14.628374099731445	49.32929611206055	
240.242431640625	125.9612808227539	14.401519775390625	45.37302780151367	
239.91455078125	125.2889404296875	13.814474105834961	45.49190139770508	
237.80422973632812	124.48213958740234	14.019124031066895	47.126319885253906	
237.6177215576172	124.40411376953125	14.057640075683594	47.5683479309082	
236.6687469482422	123.9724349975586	13.93822193145752	46.62578201293945	
236.48452758789062	125.95989990234375	13.881925582885742	45.5609130859375	
236.35873413085938	124.72178649902344	14.089317321777344	44.12019348144531	
234.42684936523438	124.40238952636719	13.80671501159668	46.85053253173828	
234.0391845703125	125.08255767822266	13.494221687316895	45.68726348876953	
233.5074462890625	124.54521179199219	13.388998031616211	43.94257736206055	
233.2901153564453	125.4847640991211	13.400242805480957	44.807132720947266	
233.1865692138672	127.84150695800781	14.010414123535156	46.34065628051758	
232.39669799804688	126.6415786743164	14.379997253417969	45.197166442871094	
232.087158203125	127.48310852050781	14.621478080749512	45.16525650024414	
231.52169799804688	126.5268783569336	14.767000198364258	47.110477447509766	
231.1580810546875	125.61845397949219	15.090612411499023	47.66273880004883	
230.9063262939453	125.10282897949219	15.135706901550293	47.150718688964844	
231.08303833007812	124.46053314208984	15.125178337097168	48.15239334106445	
231.65432739257812	124.46234130859375	14.635591506958008	48.658817291259766	
232.0959930419922	123.8302001953125	15.186426162719727	50.27066421508789	
231.7032012939453	123.01274108886719	15.369656562805176	51.19251251220703	
231.4694061279297	122.6523208618164	15.868112564086914	52.22248077392578	
230.8916015625	122.29527282714844	15.989336967468262	51.78748321533203	
230.39004516601562	121.22650146484375	15.981443405151367	55.09511184692383	
230.8636932373047	121.40098571777344	16.08749771118164	54.59373092651367	
230.73068237304688	120.82611083984375	16.367130279541016	58.056640625	
230.7142333984375	119.8976058959961	16.374746322631836	57.211021423339844	
230.01998901367188	118.9379653930664	16.216670989990234	57.8213996887207	
230.0268096923828	118.11226654052734	16.336240768432617	59.50883102416992	
229.40591430664062	118.42216491699219	16.554590225219727	57.45665740966797	
228.82327270507812	120.92520904541016	16.451162338256836	55.9449462890625	
228.43801879882812	121.3233871459961	16.815614700317383	54.748573303222656	
228.7985382080078	119.42034912109375	17.184743881225586	55.874717712402344	
228.61917114257812	117.4814682006836	17.108264923095703	58.56193161010742	
228.5680694580078	118.9392318725586	16.879173278808594	58.309226989746094	
228.8697052001953	117.02001953125	17.170085906982422	59.00651931762695	
228.229736328125	116.20064544677734	17.53032875061035	62.48734664916992	
229.56723022460938	116.04762268066406	17.3862247467041	61.3116569519043	
228.86111450195312	116.30058288574219	17.46483039855957	59.292579650878906	
228.6904296875	116.73713684082031	17.763912200927734	57.34697723388672	
228.8878173828125	117.0928726196289	17.430782318115234	58.12592315673828	
228.65231323242188	118.4203109741211	17.272823333740234	55.10371780395508	
228.58236694335938	118.36833190917969	17.23536491394043	57.323394775390625	
228.972412109375	117.46337890625	17.065990447998047	57.40313720703125	
229.40194702148438	117.6590347290039	16.78228759765625	57.475486755371094	
228.64096069335938	116.26341247558594	16.651687622070312	60.39385986328125	
228.94931030273438	115.36151123046875	17.106401443481445	61.69745635986328	
228.6859588623047	115.34138488769531	17.498796463012695	60.394248962402344	
228.72280883789062	116.10752868652344	16.96799659729004	58.38506317138672	
228.6068572998047	116.49845123291016	17.090499877929688	58.20915603637695	
228.92910766601562	118.38374328613281	17.256256103515625	60.086669921875	
228.95809936523438	118.8639907836914	17.01987075805664	60.95314407348633	
229.2906951904297	118.8753890991211	17.343921661376953	61.86003875732422	
230.01419067382812	118.819091796875	17.51680564880371	60.966590881347656	
228.89990234375	119.33111572265625	17.014358520507812	60.41876983642578	
228.1826934814453	117.6131362915039	17.105737686157227	61.90373611450195	
228.0485382080078	117.55265045166016	16.77058982849121	62.00806427001953	
227.611083984375	118.72480773925781	17.09781265258789	60.91473388671875	
228.26318359375	120.07879638671875	16.601886749267578	58.52832794189453	
227.67861938476562	117.56671142578125	17.37894630432129	60.78824996948242	
229.1317901611328	118.16595458984375	16.8070125579834	60.804466247558594	
229.2075653076172	119.19517517089844	16.821626663208008	59.5825309753418	
228.6751251220703	119.89942932128906	15.828417778015137	60.0979118347168	
228.0169219970703	118.3269271850586	16.738590240478516	59.2901496887207	
227.12289428710938	116.478271484375	18.19253158569336	61.874778747558594	
227.0725555419922	114.76959228515625	18.299083709716797	66.0082778930664	
226.6811065673828	115.67881774902344	17.74654769897461	63.854820251464844	
226.16000366210938	114.86285400390625	18.919429779052734	65.09710693359375	
225.7901153564453	115.13804626464844	19.277523040771484	63.735382080078125	
225.7837677001953	115.18522644042969	18.749439239501953	62.932350158691406	
225.7020721435547	115.54814147949219	18.977937698364258	63.32868194580078	
225.06051635742188	116.79998779296875	18.469867706298828	61.45550537109375	
225.6438751220703	118.77079772949219	17.398536682128906	60.27581787109375	
225.2506561279297	118.7884750366211	16.24972915649414	58.643150329589844	
225.02651977539062	115.78633117675781	17.344833374023438	63.27555465698242	
224.69839477539062	112.935302734375	17.501441955566406	66.25486755371094	
224.40914916992188	113.10392761230469	17.771320343017578	67.47704315185547	
224.26150512695312	113.22712707519531	17.98578453063965	66.1833267211914	
224.18374633789062	111.6750717163086	19.283885955810547	70.25480651855469	
222.4473114013672	112.73979187011719	17.915019989013672	67.31985473632812	
223.2206573486328	113.83072662353516	18.024744033813477	65.43468475341797	
222.31289672851562	110.48908996582031	18.361907958984375	70.09010314941406	
222.6085205078125	110.41705322265625	18.7150821685791	72.7010498046875	
223.6534423828125	113.27986907958984	18.222888946533203	69.64071655273438	
222.78555297851562	109.8833236694336	18.551740646362305	72.23301696777344	
222.54910278320312	109.3509292602539	19.253177642822266	71.90666198730469	
222.36282348632812	111.0038833618164	18.589351654052734	69.95297241210938	
221.1618194580078	110.66230773925781	18.872142791748047	69.40324401855469	
220.9381103515625	109.7728271484375	20.086101531982422	70.40144348144531	
221.08706665039062	112.08133697509766	19.28104019165039	67.79757690429688	
221.6128692626953	116.03343200683594	18.555376052856445	65.01512145996094	
222.2048797607422	113.13531494140625	19.377090454101562	69.09735870361328	
221.048828125	109.64765930175781	18.75310516357422	69.58951568603516	
220.63479614257812	106.9585952758789	19.4989013671875	74.37403869628906	
221.89852905273438	107.9500961303711	19.30135154724121	74.00637817382812	
221.39791870117188	105.4571304321289	20.01436996459961	79.2353286743164	
219.87255859375	105.23298645019531	20.05472183227539	79.97868347167969	
220.61996459960938	106.9958724975586	19.897960662841797	75.29597473144531	
220.1260223388672	104.0763168334961	20.896501541137695	80.23719787597656	
218.9092254638672	102.25334167480469	21.796567916870117	83.76314544677734	
218.9364776611328	101.19236755371094	21.264556884765625	86.01654815673828	
218.22872924804688	99.6352310180664	22.086095809936523	85.90629577636719	
218.0413360595703	103.1659164428711	21.0874080657959	82.82731628417969	
216.92623901367188	104.0297622680664	22.131549835205078	79.21527862548828	
216.6516571044922	100.96077728271484	22.80910873413086	83.61012268066406	
216.6542510986328	101.62078857421875	22.786239624023438	84.75151824951172	
216.7025909423828	99.47769927978516	22.769683837890625	86.67381286621094	
216.2297821044922	99.55806732177734	23.445404052734375	88.49516296386719	
216.091796875	99.10932922363281	23.018829345703125	89.21363830566406	
216.42410278320312	98.14494323730469	23.25105094909668	89.58412170410156	
216.8123321533203	97.0447769165039	22.397136688232422	91.6777572631836	
217.1188507080078	96.48506927490234	22.800273895263672	89.39439392089844	
216.8368377685547	98.54313659667969	21.857812881469727	89.22797393798828	
216.6668701171875	99.7542495727539	21.3886775970459	88.67378234863281	
215.80941772460938	96.51492309570312	22.953338623046875	92.0250244140625	
215.55429077148438	95.99320220947266	23.311840057373047	93.28666687011719	
215.5975341796875	93.98721313476562	23.600116729736328	94.80602264404297	
214.97799682617188	95.60958862304688	22.929346084594727	94.84239959716797	
214.72024536132812	97.60901641845703	22.498104095458984	90.94544982910156	
213.8463897705078	94.4993896484375	23.41995620727539	93.95452880859375	
213.7480010986328	95.09004211425781	22.748836517333984	95.00334167480469	
212.38925170898438	96.16307830810547	23.649398803710938	90.453125	
212.38491821289062	97.6505355834961	24.244529724121094	87.10830688476562	
211.8828582763672	97.39714050292969	24.350521087646484	89.75761413574219	
211.63302612304688	98.76904296875	23.71542739868164	88.83863830566406	
211.3473663330078	94.71893310546875	25.055660247802734	93.80628967285156	
211.0102081298828	94.19895935058594	24.74761390686035	93.88201141357422	
211.2597198486328	93.5787582397461	24.681598663330078	96.21038055419922	
212.0765838623047	94.10987854003906	23.508350372314453	95.21379852294922	
212.3190155029297	92.99028015136719	23.350055694580078	96.25131225585938	
211.36843872070312	91.30960083007812	24.483427047729492	97.61128997802734	
211.31216430664062	92.17848205566406	24.45625877380371	96.23365783691406	
210.9181365966797	89.77333068847656	25.619632720947266	98.58678436279297	
209.90609741210938	91.59320068359375	24.523700714111328	99.43751525878906	
209.0926513671875	91.70743560791016	24.81319236755371	98.5031509399414	
210.4181671142578	92.87493896484375	24.4791202545166	97.76603698730469	
209.42764282226562	93.08671569824219	24.54012107849121	96.6888656616211	
207.05233764648438	90.3109130859375	25.768884658813477	101.63289642333984	
206.04232788085938	89.54467010498047	25.943273544311523	102.07230377197266	
205.22183227539062	86.5516357421875	27.458627700805664	104.5712661743164	
203.38369750976562	87.67341613769531	28.87375259399414	102.88493347167969	
203.21131896972656	89.69810485839844	28.307336807250977	102.07737731933594	
203.63018798828125	92.07423400878906	27.297754287719727	98.37162780761719	
202.93882751464844	90.19938659667969	27.568866729736328	99.76168060302734	
203.25779724121094	92.72632598876953	26.74761390686035	96.8499755859375	
202.7168731689453	90.5240249633789	27.7440242767334	100.44140625	
203.07717895507812	89.49769592285156	26.859325408935547	103.0142822265625	
203.80941772460938	87.63531494140625	26.255939483642578	106.47993469238281	
203.42184448242188	86.86759948730469	26.551422119140625	105.7015609741211	
202.88241577148438	85.38651275634766	27.393917083740234	108.1843032836914	
202.02108764648438	84.38985443115234	27.296728134155273	108.83375549316406	
201.04354858398438	83.42636108398438	28.334997177124023	111.30228424072266	
201.86984252929688	84.53165435791016	27.617313385009766	110.1170654296875	
201.58352661132812	83.61553955078125	28.109405517578125	111.05023193359375	
200.3848419189453	82.4438247680664	29.387426376342773	112.65354919433594	
199.47744750976562	80.8550796508789	28.744098663330078	116.6213150024414	
198.636474609375	77.74702453613281	29.47039222717285	122.2624740600586	
198.2443389892578	79.17961883544922	29.627452850341797	119.20069885253906	
196.86798095703125	78.8216323852539	30.42645263671875	117.48439025878906	
196.401123046875	79.35672760009766	30.838558197021484	117.7642822265625	
195.3335723876953	78.13127136230469	32.66243362426758	119.1861343383789	
195.267333984375	80.8176498413086	31.702245712280273	115.3759765625	
195.61868286132812	80.59889221191406	30.417041778564453	115.94876861572266	
195.09141540527344	78.14363098144531	31.347259521484375	119.42445373535156	
195.63438415527344	78.7575912475586	30.078454971313477	119.26873779296875	
196.2236328125	75.28309631347656	30.042407989501953	124.7260971069336	
195.4213104248047	73.74520111083984	30.18406105041504	126.3259506225586	
195.6127166748047	71.77250671386719	30.937728881835938	128.3279266357422	
195.8911590576172	72.43305969238281	30.395029067993164	126.72889709472656	
194.8984832763672	74.09892272949219	30.815536499023438	124.68266296386719	
193.80125427246094	75.51895141601562	31.06954002380371	122.8753890991211	
193.70034790039062	75.98716735839844	30.646474838256836	121.9283676147461	
194.6958770751953	76.64332580566406	29.650014877319336	121.21406555175781	
193.9567413330078	77.19120788574219	30.495834350585938	120.6324462890625	
192.21353149414062	75.15458679199219	29.920181274414062	124.8678207397461	
190.77195739746094	74.72330474853516	31.323034286499023	125.3328628540039	
190.35487365722656	77.4560546875	30.038951873779297	122.0650863647461	
188.04420471191406	78.28535461425781	33.77345657348633	117.90635681152344	
187.0939483642578	76.38573455810547	34.57334899902344	120.7181167602539	
186.7444305419922	75.76129150390625	34.362571716308594	123.91056823730469	
185.86447143554688	73.63198852539062	35.4696044921875	127.3843765258789	
184.86138916015625	74.89372253417969	36.465248107910156	125.29374694824219	
184.9358673095703	73.78623962402344	35.790740966796875	128.32839965820312	
185.76715087890625	70.37702178955078	34.45955276489258	133.19686889648438	
187.14016723632812	71.74307250976562	32.46061325073242	130.2777099609375	
187.6852264404297	68.97688293457031	32.65209197998047	134.3527374267578	
188.21392822265625	71.2838134765625	31.469146728515625	128.87576293945312	
186.14776611328125	71.8535385131836	32.593162536621094	128.16757202148438	
186.3123321533203	73.10517883300781	32.35564041137695	125.9364242553711	
184.1438446044922	73.61045837402344	33.820838928222656	125.38957214355469	
184.6768341064453	71.69295501708984	33.2530632019043	128.92703247070312	
184.79843139648438	71.77140045166016	32.549110412597656	129.4427032470703	
183.04318237304688	70.4299545288086	33.00238800048828	132.70260620117188	
182.3249053955078	70.94358825683594	33.91072463989258	132.86122131347656	
181.4786834716797	68.1792221069336	33.765403747558594	136.9274139404297	
180.0558624267578	66.35314178466797	34.984619140625	137.5599822998047	
178.45950317382812	67.54816436767578	36.92534637451172	134.40817260742188	
178.21533203125	68.51150512695312	36.625877380371094	133.2202911376953	
177.44161987304688	70.62577056884766	37.52284622192383	130.48980712890625	
176.00204467773438	69.72050476074219	38.31990432739258	132.82046508789062	
176.39590454101562	68.8825454711914	37.936119079589844	133.64718627929688	
176.47215270996094	67.57763671875	36.81266403198242	137.93209838867188	
176.89173889160156	64.07208251953125	36.31576156616211	142.73873901367188	
177.68515014648438	62.711395263671875	36.072959899902344	142.4574737548828	
177.7649688720703	62.19002151489258	35.04840850830078	142.97129821777344	
177.13778686523438	59.237770080566406	36.46177291870117	147.8428955078125	
176.70623779296875	61.596923828125	35.14262008666992	143.2949676513672	
175.9143524169922	61.4404296875	36.29298782348633	143.65109252929688	
175.50521850585938	63.458900451660156	36.622962951660156	140.68051147460938	
175.6953582763672	60.94440841674805	36.084510803222656	144.50662231445312	
174.51377868652344	58.208030700683594	36.94464874267578	149.07998657226562	
172.5904083251953	55.155433654785156	38.758888244628906	154.4889678955078	
170.52944946289062	55.217041015625	39.59385681152344	155.91073608398438	
168.22390747070312	54.2816162109375	41.76674270629883	157.83663940429688	
166.98619079589844	53.887657165527344	42.42803955078125	156.5282745361328	
165.27609252929688	53.362998962402344	44.13096237182617	157.1089630126953	
164.49215698242188	56.24641799926758	44.74718475341797	152.84681701660156	
162.98159790039062	56.853065490722656	45.11469268798828	153.89706420898438	
162.46414184570312	57.24604034423828	44.519317626953125	153.55039978027344	
161.34201049804688	58.34381103515625	45.61762619018555	152.32794189453125	
161.07992553710938	58.265525817871094	45.43327713012695	153.35928344726562	
160.88621520996094	54.80803298950195	45.729713439941406	158.03555297851562	
163.17306518554688	51.149017333984375	42.58067321777344	160.92889404296875	
163.8219451904297	45.79032516479492	43.0092658996582	168.0304412841797	
163.33775329589844	46.461387634277344	43.25352096557617	166.558349609375	
163.89817810058594	49.971763610839844	41.68175506591797	160.80999755859375	
161.54159545898438	53.12395477294922	42.27484130859375	157.6546630859375	
161.7165069580078	54.11635208129883	42.279380798339844	157.15223693847656	
161.3282470703125	54.070152282714844	42.30134963989258	157.82681274414062	
161.67098999023438	52.69559860229492	41.87837219238281	160.6507568359375	
157.73574829101562	50.90596389770508	43.39141845703125	161.9921875	
155.278564453125	50.186851501464844	46.015777587890625	163.66629028320312	
154.12826538085938	50.066314697265625	46.684959411621094	164.61306762695312	
150.58560180664062	49.385746002197266	49.64841842651367	165.514892578125	
149.8823699951172	48.188018798828125	50.72181701660156	166.08377075195312	
148.36691284179688	49.64023208618164	52.04326248168945	165.96482849121094	
147.8553009033203	52.35517501831055	53.092376708984375	163.3067626953125	
146.70623779296875	50.90452575683594	53.220237731933594	166.87185668945312	
147.05389404296875	50.44973373413086	52.48060989379883	168.3106231689453	
145.62814331054688	47.01713943481445	54.04903030395508	171.91592407226562	
145.21151733398438	40.73212432861328	54.431358337402344	180.0216827392578	
151.69955444335938	34.82597732543945	48.87175369262695	184.99072265625	
150.49078369140625	30.374500274658203	49.63956832885742	191.66036987304688	
147.47341918945312	32.593284606933594	51.253257751464844	189.15866088867188	
147.6129150390625	30.604095458984375	51.128135681152344	192.35987854003906	
142.1494903564453	34.63649368286133	55.20729446411133	191.41258239746094	
144.37152099609375	29.96856689453125	53.457237243652344	196.30068969726562	
146.69314575195312	29.770477294921875	51.67023849487305	193.49380493164062	
149.16531372070312	32.447296142578125	49.66810989379883	189.31201171875	
142.81173706054688	28.485464096069336	53.96208572387695	197.10606384277344	
136.9951934814453	27.5644474029541	59.577293395996094	199.76792907714844	
137.1215362548828	21.76209259033203	59.53479766845703	205.29537963867188	
133.149169921875	15.759511947631836	63.346893310546875	214.3108367919922	
132.44558715820312	17.130016326904297	64.32347106933594	210.50112915039062	
130.85916137695312	18.274456024169922	65.5663070678711	210.67636108398438	
130.52304077148438	21.415386199951172	66.50125885009766	203.6983184814453	
128.11758422851562	17.349369049072266	68.93636322021484	211.5982666015625	
130.00360107421875	16.044782638549805	65.57695007324219	215.390380859375	
128.1966094970703	17.081127166748047	66.62068176269531	213.77426147460938	
130.3189697265625	11.47260570526123	65.55767822265625	217.90298461914062	
132.436767578125	9.574590682983398	61.5340690612793	217.0841064453125	
137.931884765625	7.0455641746521	55.539031982421875	219.2410125732422	
134.60693359375	1.558903455734253	59.010162353515625	226.19888305664062	
133.1277618408203	0.5021988153457642	59.716468811035156	229.22073364257812	
129.43882751464844	1.9050185680389404	62.8720817565918	228.1082763671875	
128.72244262695312	5.427908420562744	63.27543258666992	225.5316162109375	
129.9100799560547	3.3695311546325684	61.04846954345703	228.4276123046875	
130.2703857421875	0.8989059329032898	60.87116241455078	235.0642547607422	
126.36873626708984	0.0	63.33013916015625	241.2018585205078	
119.4123306274414	1.0394408702850342	67.7117691040039	236.03652954101562	
116.23187255859375	0.209747314453125	70.16739654541016	240.93783569335938	
112.27043151855469	1.0560684204101562	72.21195983886719	235.30044555664062	
117.79986572265625	8.780420303344727	63.1804313659668	219.91683959960938	
109.41804504394531	3.416250705718994	75.10025787353516	229.031005859375	
108.7586669921875	0.7959701418876648	77.67002868652344	233.3397674560547	
108.17930603027344	0.41720885038375854	76.52937316894531	234.1825714111328	
106.70832824707031	0.898059070110321	76.2112045288086	233.35018920898438	
108.67425537109375	0.0	74.68798828125	241.31570434570312	
112.11442565917969	0.09654693305492401	69.19821166992188	237.7425079345703	
111.89044189453125	0.40766143798828125	68.88492584228516	234.8539276123047	
111.4875717163086	0.21553802490234375	69.28102111816406	233.3321533203125	
108.68563079833984	0.39013975858688354	72.7829360961914	235.3084259033203	
104.75235748291016	0.0	75.81407165527344	241.5390167236328	
107.19908142089844	0.0	73.6357192993164	241.34133911132812	
107.36839294433594	0.6380416750907898	72.0810317993164	238.5166015625	
110.2349853515625	2.275869846343994	68.12761688232422	237.1548614501953	
108.55950927734375	2.793466091156006	68.3938980102539	233.07504272460938	
100.64869689941406	6.920654296875	69.81525421142578	229.2175750732422	
102.6701431274414	1.0136276483535767	73.45159912109375	233.73226928710938	
103.82768249511719	0.0	70.85751342773438	232.92355346679688	
100.63666534423828	0.0	74.20036315917969	236.2577667236328	
102.2169418334961	0.0	73.61729431152344	233.4158477783203	
103.25016784667969	0.4066635072231293	75.35774230957031	237.03134155273438	
105.0782470703125	1.2077529430389404	74.60920715332031	233.43777465820312	
106.2577133178711	0.5928894281387329	73.11786651611328	231.96658325195312	
102.8555679321289	5.841270446777344	76.33781433105469	228.7426300048828	
106.46044921875	1.6810623407363892	72.40546417236328	230.63735961914062	
104.40376281738281	0.2652297914028168	73.07264709472656	235.727294921875	
104.15116882324219	0.0	74.67330169677734	241.4208221435547	
100.58451843261719	0.0	77.77565002441406	239.9218292236328	
99.39048767089844	0.0	78.5714340209961	243.1645965576172	
98.66539764404297	0.0	79.56376647949219	239.5284423828125	
100.64588165283203	0.0	76.91168975830078	239.1732940673828	
102.76570129394531	0.0	73.37480163574219	235.3737030029297	
99.26617431640625	0.0	75.1568374633789	237.5596160888672	
94.63694763183594	0.0	77.50139617919922	242.3599395751953	
86.3392105102539	0.0	83.69296264648438	248.232666015625	
88.12088775634766	0.0	82.17626953125	245.1352081298828	
92.75495910644531	0.0	76.26390075683594	243.54702758789062	
95.8177719116211	0.0	73.49714660644531	242.26083374023438	
94.1915283203125	0.0	74.67994689941406	239.85855102539062	
91.14710235595703	0.0	77.97563171386719	243.6891632080078	
94.93206787109375	0.0	76.86949157714844	246.4263153076172	
96.48529052734375	0.0	76.57646179199219	243.6957550048828	
95.35777282714844	0.0	78.16373443603516	243.46792602539062	
94.41621398925781	0.0	79.50788879394531	242.85751342773438	
97.7731704711914	0.0	79.13328552246094	249.026611328125	
99.20405578613281	0.0	77.27006530761719	240.20236206054688	
96.22523498535156	0.0	81.16151428222656	243.41494750976562	
98.10813903808594	0.0	80.46852111816406	249.05142211914062	
97.38407897949219	0.0	82.8731689453125	252.1912078857422	
88.81358337402344	0.0	90.48882293701172	254.36093139648438	
93.1372299194336	0.0	86.41658020019531	250.53927612304688	
94.86875915527344	0.0	85.02461242675781	248.67880249023438	
89.70524597167969	0.0	90.13787078857422	252.3214111328125	
89.21548461914062	0.0	91.44535827636719	253.69009399414062	
87.83769989013672	0.0	93.0782470703125	257.7347106933594	
88.7139892578125	0.0	92.1452865600586	253.4701385498047	
