363.0	128.0	14.0	29.0	
364.56109619140625	128.4177703857422	14.336074829101562	29.696155548095703	
365.62823486328125	130.31419372558594	14.655401229858398	30.357616424560547	
370.57843017578125	138.46615600585938	14.805445671081543	30.668426513671875	
375.27386474609375	139.00863647460938	15.127299308776855	31.33512306213379	
377.14111328125	138.9290008544922	15.181047439575195	31.446456909179688	
371.70953369140625	138.82891845703125	15.075940132141113	31.22873306274414	
372.0247497558594	140.2730255126953	14.879328727722168	30.82146644592285	
371.2045593261719	146.19778442382812	14.78179931640625	30.619441986083984	
372.7164611816406	146.17138671875	14.406354904174805	29.84173583984375	
364.0350341796875	161.10714721679688	13.7841796875	28.552942276000977	
362.32513427734375	159.12246704101562	14.061773300170898	29.12795639038086	
353.7049560546875	164.84498596191406	13.433331489562988	27.826181411743164	
362.83148193359375	161.92294311523438	13.222829818725586	27.3901424407959	
384.7960205078125	147.14071655273438	13.528764724731445	28.02386474609375	
382.88543701171875	146.1729278564453	13.679179191589355	28.335439682006836	
371.74029541015625	152.75384521484375	13.207366943359375	27.358112335205078	
375.868896484375	144.5648193359375	13.28662395477295	27.522289276123047	
384.08404541015625	141.9541778564453	13.451162338256836	27.86311912536621	
397.255615234375	147.0095672607422	13.390894889831543	27.738277435302734	
392.7988586425781	151.9667205810547	13.41215991973877	27.78232765197754	
388.25439453125	148.07015991210938	13.171849250793457	27.2845401763916	
380.826416015625	140.6419677734375	13.040974617004395	27.013442993164062	
379.5433044433594	139.2900390625	13.136072158813477	27.210430145263672	
373.64739990234375	138.17678833007812	13.502632141113281	27.969736099243164	
398.8116760253906	141.35623168945312	13.740570068359375	28.46260643005371	
393.5209655761719	142.1575469970703	14.00220775604248	29.00457191467285	
392.4408264160156	140.40060424804688	14.11566162109375	29.239582061767578	
392.28955078125	135.88888549804688	14.354103088378906	29.733495712280273	
397.7917785644531	136.21888732910156	14.49720573425293	30.029922485351562	
397.54833984375	143.1409912109375	14.841032028198242	30.74213218688965	
395.26239013671875	146.53196716308594	14.967984199523926	31.005102157592773	
387.96319580078125	147.41177368164062	15.255537033081055	31.600749969482422	
391.34283447265625	152.2335968017578	15.24901008605957	31.587230682373047	
403.2472229003906	143.59371948242188	14.972343444824219	31.01413917541504	
401.996826171875	151.8682098388672	14.561769485473633	30.163665771484375	
394.4468688964844	153.75169372558594	14.750765800476074	30.555160522460938	
402.11968994140625	149.27499389648438	14.908307075500488	30.881494522094727	
409.86676025390625	136.5414581298828	14.738218307495117	30.5291690826416	
426.2064514160156	144.61692810058594	14.711118698120117	30.473033905029297	
426.8490295410156	156.13336181640625	15.071820259094238	31.220203399658203	
421.130126953125	145.11961364746094	14.646061897277832	30.338275909423828	
405.4361572265625	150.77133178710938	14.859850883483887	30.7811279296875	
401.08587646484375	157.25094604492188	14.757986068725586	30.57012367248535	
401.50982666015625	150.94461059570312	15.57978630065918	32.272422790527344	
396.4163818359375	157.80519104003906	15.440095901489258	31.983062744140625	
419.875	135.220703125	15.768501281738281	32.663326263427734	
429.256103515625	142.2988739013672	15.585644721984863	32.28455352783203	
433.7855529785156	146.05126953125	14.995326042175293	31.061756134033203	
435.57537841796875	148.41700744628906	15.327484130859375	31.74979591369629	
438.4851989746094	148.8037567138672	15.246709823608398	31.582477569580078	
423.4610290527344	147.1831817626953	15.324274063110352	31.743144989013672	
422.3531799316406	149.8626708984375	15.242193222045898	31.5731201171875	
407.9148864746094	153.1444549560547	14.789135932922363	30.6346435546875	
417.0973205566406	157.914794921875	14.781639099121094	30.619115829467773	
440.05029296875	141.3452606201172	14.779218673706055	30.61410140991211	
427.4209899902344	130.8790283203125	12.63856315612793	24.837045669555664	
430.1754455566406	124.66966247558594	15.003186225891113	31.078033447265625	
431.52655029296875	122.41508483886719	14.808210372924805	30.67415428161621	
429.05706787109375	123.41461181640625	14.789660453796387	30.635730743408203	
428.45806884765625	117.3272705078125	14.843755722045898	30.747787475585938	
426.7020568847656	119.13664245605469	15.064682006835938	31.205419540405273	
420.986328125	124.170166015625	15.004770278930664	31.081314086914062	
431.48028564453125	124.7890625	15.158920288085938	31.400625228881836	
427.3082580566406	123.82231140136719	15.31969165802002	31.733654022216797	
429.1859436035156	118.91141510009766	15.076276779174805	31.229440689086914	
412.9354553222656	120.12858581542969	15.597790718078613	32.309715270996094	
431.781005859375	120.78157043457031	16.04056739807129	33.22689437866211	
443.6997985839844	139.6959228515625	15.706033706665039	32.533931732177734	
468.00567626953125	142.4339599609375	16.35519027709961	33.87861633300781	
461.42352294921875	133.152587890625	15.733854293823242	32.5915641784668	
469.68878173828125	137.6115264892578	16.022645950317383	33.18977355957031	
465.2041931152344	131.39144897460938	15.854574203491211	32.84162521362305	
461.85247802734375	133.36727905273438	16.315401077270508	33.79619216918945	
465.5204162597656	131.0006561279297	16.638229370117188	34.46490478515625	
467.09136962890625	139.37689208984375	16.462299346923828	34.1004753112793	
451.6514587402344	131.860595703125	16.831432342529297	34.8651123046875	
457.0845642089844	139.56741333007812	16.401626586914062	33.97480010986328	
472.609375	136.92770385742188	16.961143493652344	35.1338005065918	
464.06353759765625	141.87353515625	17.497358322143555	36.24453353881836	
461.2764587402344	127.57783508300781	17.366519927978516	35.973514556884766	
465.92401123046875	126.87812805175781	17.237852096557617	35.70698928833008	
470.6332092285156	127.1225814819336	17.331945419311523	35.90189743041992	
460.55914306640625	136.490966796875	17.533401489257812	36.31919479370117	
460.5296936035156	132.74679565429688	17.624311447143555	36.507511138916016	
466.11456298828125	123.59934997558594	17.396778106689453	36.03619384765625	
463.04046630859375	123.9785385131836	17.719783782958984	36.70527648925781	
461.89447021484375	121.5230941772461	18.02984046936035	37.3475341796875	
458.7964782714844	124.04911804199219	18.328710556030273	37.96662139892578	
448.21209716796875	133.25155639648438	18.929012298583984	39.210105895996094	
451.22283935546875	135.98971557617188	19.27581214904785	39.92848205566406	
441.33917236328125	150.58059692382812	19.510082244873047	40.41375732421875	
452.46856689453125	154.43252563476562	19.834918975830078	41.086631774902344	
445.4022521972656	158.734130859375	20.33080291748047	42.11382293701172	
441.90093994140625	156.89334106445312	20.773778915405273	43.03141784667969	
445.1974182128906	132.29248046875	20.596981048583984	42.665191650390625	
446.98699951171875	135.63607788085938	21.339664459228516	44.2036018371582	
435.1104431152344	142.1154022216797	20.950965881347656	43.398441314697266	
444.52685546875	138.99301147460938	21.614377975463867	44.77265167236328	
451.03326416015625	134.02536010742188	21.996829986572266	45.564876556396484	
465.197998046875	114.87535095214844	21.89678382873535	45.35763931274414	
461.69061279296875	120.61656188964844	21.184181213378906	43.88153839111328	
454.5982360839844	125.45782470703125	22.259899139404297	46.10980987548828	
434.01348876953125	137.74282836914062	22.671661376953125	46.962745666503906	
448.84002685546875	129.3524627685547	23.41213607788086	48.49658966064453	
438.91522216796875	129.2871551513672	23.885446548461914	49.477020263671875	
442.61236572265625	133.6593017578125	24.702417373657227	51.169315338134766	
443.736083984375	132.54745483398438	24.82292938232422	51.4189453125	
456.1062927246094	117.2593994140625	25.432016372680664	52.680625915527344	
460.8456115722656	114.80926513671875	24.854751586914062	51.48486328125	
456.9129333496094	110.7818374633789	24.509536743164062	50.769771575927734	
459.234375	105.4620361328125	24.597078323364258	50.95110321044922	
450.12860107421875	121.02315521240234	24.27730369567871	50.28871154785156	
437.40155029296875	134.7950439453125	23.84824562072754	49.39995193481445	
448.39892578125	131.92730712890625	24.0469913482666	49.81163787841797	
446.48382568359375	123.38631439208984	25.03850555419922	51.8654899597168	
441.129638671875	130.93630981445312	25.627573013305664	53.085693359375	
448.50836181640625	122.404541015625	25.968189239501953	53.79125213623047	
444.89599609375	131.89633178710938	25.511255264282227	52.84474563598633	
452.7875061035156	129.07730102539062	25.370370864868164	52.55291748046875	
461.5955505371094	123.3393325805664	25.157344818115234	52.11165237426758	
459.72210693359375	115.8177261352539	25.55538558959961	52.93616485595703	
444.1026306152344	134.1507568359375	26.502056121826172	54.897132873535156	
450.0440368652344	117.7332992553711	26.04087257385254	53.94182205200195	
450.5999450683594	123.00272369384766	25.238056182861328	52.278846740722656	
454.73095703125	127.13858795166016	24.47150230407715	50.690982818603516	
451.1664123535156	130.61309814453125	25.570199966430664	52.96685791015625	
453.26611328125	121.93913269042969	25.332237243652344	52.47393798828125	
452.8138122558594	119.3462142944336	26.29060935974121	54.459136962890625	
454.3846130371094	121.1790542602539	27.024953842163086	55.98027801513672	
453.03887939453125	112.36573791503906	27.205501556396484	56.354270935058594	
449.095458984375	111.39190673828125	27.234668731689453	56.4146842956543	
440.72503662109375	119.31695556640625	26.99041748046875	55.90873336791992	
448.34661865234375	118.39802551269531	26.911266326904297	55.744773864746094	
457.9048767089844	113.49517822265625	27.365814208984375	56.68634033203125	
460.17584228515625	105.96280670166016	27.59881019592285	57.168968200683594	
453.9901428222656	114.60871887207031	27.79884910583496	57.583335876464844	
458.591796875	106.5041732788086	29.08566665649414	60.2488899230957	
456.92413330078125	96.98918914794922	29.76822280883789	61.662750244140625	
455.5323181152344	114.90750885009766	29.834381103515625	61.7997932434082	
459.01702880859375	79.5904312133789	28.98003578186035	60.03007125854492	
471.46978759765625	110.33821105957031	29.237895965576172	60.56421661376953	
454.74505615234375	105.68382263183594	30.111669540405273	62.374176025390625	
444.3384704589844	124.092041015625	31.231338500976562	64.69349670410156	
469.05511474609375	127.9473876953125	30.991588592529297	64.1968765258789	
471.62628173828125	108.89143371582031	32.20030975341797	66.70065307617188	
457.51629638671875	109.06306457519531	31.90386962890625	66.08660125732422	
461.6322326660156	107.51911926269531	31.732925415039062	65.73249816894531	
467.1766662597656	122.1894302368164	32.30281448364258	66.9129867553711	
427.4164123535156	121.7794418334961	31.590478897094727	65.43743133544922	
384.4119873046875	97.4556884765625	31.53946304321289	65.33174896240234	
347.19720458984375	79.2008285522461	31.201007843017578	64.63066101074219	
342.45660400390625	87.16019439697266	31.458120346069336	65.16324615478516	
341.17913818359375	112.66523742675781	30.741653442382812	63.67913818359375	
342.13861083984375	116.0632553100586	29.52665138244629	61.16234588623047	
351.61981201171875	118.67524719238281	29.332143783569336	60.759437561035156	
346.59307861328125	103.2522964477539	28.63279151916504	59.3107795715332	
354.0132751464844	83.216796875	28.6016845703125	59.246337890625	
341.9971008300781	73.71847534179688	28.98870849609375	60.04803466796875	
344.4532775878906	60.04845428466797	30.029769897460938	62.20451736450195	
343.9756774902344	75.54559326171875	29.911535263061523	61.9596061706543	
370.8269958496094	51.036712646484375	29.72967529296875	61.58289337158203	
400.17034912109375	88.59718322753906	31.21198081970215	64.65337371826172	
390.6744384765625	97.08526611328125	31.417322158813477	65.07872009277344	
408.2051086425781	96.60777282714844	31.684829711914062	65.63284301757812	
427.60601806640625	97.4222183227539	31.14727210998535	64.51933288574219	
382.1102294921875	104.84324645996094	30.858783721923828	63.92174530029297	
412.5582580566406	92.40277099609375	30.490930557250977	63.159767150878906	
395.3526306152344	100.73522186279297	31.316802978515625	64.87049865722656	
398.6716613769531	91.2260971069336	31.395849227905273	65.03423309326172	
381.76055908203125	84.56546020507812	32.01908493041992	66.3252182006836	
376.06268310546875	89.44184875488281	32.31073760986328	66.92935943603516	
421.08563232421875	85.19879150390625	32.484718322753906	67.28974914550781	
459.7537536621094	81.3655014038086	33.00859832763672	68.37492370605469	
433.0894470214844	86.92655944824219	32.55646514892578	67.4383544921875	
394.79962158203125	83.57313537597656	32.61698532104492	67.563720703125	
402.3586120605469	64.96976470947266	34.14649200439453	70.73197174072266	
395.6689147949219	78.93788146972656	35.169227600097656	72.85050201416016	
391.90863037109375	78.91793823242188	35.50992202758789	73.55622863769531	
391.3558044433594	83.071533203125	35.6672248840332	73.88207244873047	
408.25335693359375	58.199005126953125	34.94868850708008	72.3936767578125	
382.0516357421875	65.26167297363281	33.306156158447266	68.99128723144531	
432.60382080078125	88.71410369873047	33.18921661376953	68.74906158447266	
432.09173583984375	84.56700134277344	33.77599334716797	69.96452331542969	
441.30560302734375	94.72752380371094	33.39021682739258	69.16541290283203	
409.10174560546875	105.2091293334961	34.42209243774414	71.30287170410156	
400.4920654296875	119.00764465332031	34.60720443725586	71.68631744384766	
397.97772216796875	109.2914047241211	34.173789978027344	70.78852844238281	
425.668212890625	99.76396179199219	34.574790954589844	71.61917114257812	
434.0093688964844	103.85185241699219	35.327484130859375	73.17831420898438	
457.81085205078125	81.05921173095703	34.563697814941406	71.59618377685547	
432.6429138183594	78.14942932128906	35.43981170654297	73.4109878540039	
423.82269287109375	70.09626770019531	35.17274856567383	72.85779571533203	
419.5714416503906	91.69470977783203	36.11304473876953	74.80555725097656	
422.9557189941406	106.70955657958984	36.262901306152344	75.11598205566406	
417.0823669433594	122.71736145019531	37.016632080078125	76.6772689819336	
400.5569763183594	103.84715270996094	36.40176773071289	75.40362548828125	
393.2406005859375	74.76362609863281	36.25082015991211	75.09095001220703	
400.4889831542969	67.57534790039062	35.60780334472656	73.75898742675781	
383.6940002441406	77.80802154541016	36.230857849121094	75.04959869384766	
421.189208984375	65.00345611572266	35.779273986816406	74.11417388916016	
443.19342041015625	82.77930450439453	35.2469367980957	73.011474609375	
412.8587951660156	89.04632568359375	36.24903869628906	75.08724212646484	
437.14630126953125	93.38404846191406	36.231361389160156	75.05062866210938	
420.990478515625	101.07233428955078	35.36286163330078	73.25160217285156	
407.535888671875	88.3039779663086	34.026432037353516	70.48329162597656	
405.9071960449219	78.9769515991211	35.400482177734375	73.32953643798828	
417.25738525390625	83.62723541259766	34.834877014160156	72.15792083740234	
402.02764892578125	60.427154541015625	34.84324645996094	72.17524719238281	
374.84381103515625	87.0147476196289	34.79800796508789	72.08154296875	
412.810546875	99.77323150634766	34.250099182128906	70.94659423828125	
444.82720947265625	116.92095947265625	35.143123626708984	72.79643249511719	
420.872314453125	124.41691589355469	35.933753967285156	74.43416595458984	
396.9403991699219	101.88420104980469	35.64502716064453	73.83607482910156	
383.35711669921875	84.32820892333984	36.050838470458984	74.67668151855469	
395.0345764160156	60.29778289794922	36.754737854003906	76.13475036621094	
393.7550964355469	76.51750183105469	36.663795471191406	75.94636535644531	
390.58892822265625	114.4661636352539	36.87401580810547	76.38182830810547	
401.23455810546875	93.71772003173828	37.16326904296875	76.98099517822266	
394.81134033203125	75.16928100585938	37.58675003051758	77.85820007324219	
379.08929443359375	88.85582733154297	37.147430419921875	76.94818115234375	
371.09246826171875	86.14735412597656	38.52918243408203	79.81037902832031	
410.0796813964844	82.12440490722656	39.07316970825195	80.93720245361328	
414.78656005859375	69.74090576171875	39.220924377441406	81.24327087402344	
407.8743591308594	70.9048080444336	39.11792755126953	81.02992248535156	
402.4378356933594	71.90788269042969	40.407997131347656	83.70221710205078	
385.5107421875	62.94328689575195	39.458961486816406	81.73636627197266	
414.6971740722656	79.56324768066406	39.51856994628906	81.8598403930664	
395.38818359375	73.90043640136719	39.89239501953125	82.6341781616211	
398.644775390625	78.18199920654297	39.579673767089844	81.98639678955078	
399.29705810546875	85.49046325683594	39.79642105102539	82.43537139892578	
393.39715576171875	71.06354522705078	40.4096565246582	83.70564270019531	
370.0591125488281	75.09501647949219	40.192195892333984	83.25519561767578	
414.132568359375	96.8980712890625	40.29058074951172	83.458984375	
396.0185546875	65.63456726074219	41.57767868041992	86.12510681152344	
384.2836608886719	50.385292053222656	41.67787170410156	86.33265686035156	
388.1209411621094	68.14663696289062	42.83436965942383	88.72825622558594	
404.3324279785156	64.54631042480469	42.78329086303711	88.62245178222656	
403.66619873046875	61.56793975830078	42.65404510498047	88.35472869873047	
421.1070861816406	78.97652435302734	42.690643310546875	88.43052673339844	
404.92413330078125	72.29403686523438	41.44306182861328	85.84626007080078	
388.40277099609375	53.20392990112305	42.97738265991211	89.02449035644531	
384.63018798828125	48.85906219482422	43.83722686767578	90.80558776855469	
377.36004638671875	38.77092742919922	44.33968734741211	91.84639739990234	
408.53326416015625	46.80840301513672	44.325523376464844	91.81705474853516	
427.09576416015625	86.5264892578125	44.05621337890625	91.25919342041016	
389.1576232910156	73.02517700195312	43.76244354248047	90.65066528320312	
392.1705017089844	87.24342346191406	45.00006866455078	93.21431732177734	
390.509033203125	68.4715576171875	44.819007873535156	92.83924865722656	
386.29107666015625	61.886817932128906	46.00715255737305	95.30040740966797	
392.5025939941406	52.677268981933594	45.89016342163086	95.05807495117188	
399.44256591796875	60.50646209716797	45.03307342529297	93.28268432617188	
413.13201904296875	69.45048522949219	46.658302307128906	96.64923095703125	
407.65496826171875	57.62744140625	46.135162353515625	95.56558227539062	
393.8636779785156	55.16987228393555	47.097164154052734	97.55829620361328	
414.1202697753906	67.41836547851562	47.6494026184082	98.70222473144531	
407.951904296875	78.24397277832031	47.09341812133789	97.550537109375	
431.63592529296875	69.31904602050781	46.16400909423828	95.6253433227539	
397.5777893066406	60.49536895751953	45.389060974121094	94.02009582519531	
373.07830810546875	64.05641174316406	43.44227600097656	89.98747253417969	
381.9563903808594	75.01537322998047	44.13584899902344	91.42415618896484	
385.47821044921875	83.16958618164062	45.222496032714844	93.67506408691406	
373.2415771484375	73.08206939697266	46.19352340698242	95.68648529052734	
382.92242431640625	76.31526947021484	45.98456954956055	95.25364685058594	
415.999267578125	76.43266296386719	46.24070739746094	95.78422546386719	
374.003173828125	74.20439147949219	45.14716720581055	93.51904296875	
367.935546875	81.34822845458984	45.019813537597656	93.25524139404297	
369.8399353027344	100.240234375	46.75220489501953	96.84376525878906	
392.1171875	55.454315185546875	45.63280487060547	94.52500915527344	
350.439697265625	42.272613525390625	46.408180236816406	96.13114166259766	
353.2897644042969	42.072696685791016	46.131019592285156	95.55702209472656	
394.30572509765625	72.98766326904297	44.747459411621094	92.69108581542969	
390.4483337402344	90.735107421875	44.387367248535156	91.94518280029297	
419.3477478027344	105.6369857788086	44.63471221923828	92.45753479003906	
392.16558837890625	81.40382385253906	44.93163299560547	93.07258605957031	
392.7789001464844	48.84113693237305	45.49388885498047	94.23725891113281	
385.71722412109375	71.83658599853516	46.26199722290039	95.8283462524414	
410.859130859375	65.78303527832031	46.03986740112305	95.36821746826172	
402.20062255859375	87.89857482910156	44.749549865722656	92.69542694091797	
362.16400146484375	70.69564819335938	45.22132110595703	93.67265319824219	
359.0646057128906	87.91786193847656	43.40553283691406	89.91138458251953	
357.739501953125	72.01676940917969	44.359615325927734	91.88770294189453	
393.2726135253906	62.51719284057617	45.34811019897461	93.935302734375	
397.2303466796875	89.0651626586914	46.00130844116211	95.28836059570312	
390.20904541015625	79.91810607910156	45.54737854003906	94.34807586669922	
428.51397705078125	72.80438232421875	45.88916778564453	95.0560531616211	
396.4721984863281	82.82492065429688	45.8227424621582	94.91845703125	
423.37860107421875	85.05033111572266	46.02219009399414	95.33158874511719	
398.1122131347656	71.0629653930664	45.56740188598633	94.38951110839844	
427.9034118652344	78.25502014160156	46.07669448852539	95.44446563720703	
402.22674560546875	47.249637603759766	46.84490203857422	97.03575134277344	
405.0462341308594	38.63256072998047	48.63312530517578	100.73992156982422	
361.56414794921875	67.91107940673828	49.650733947753906	102.84781646728516	
322.277099609375	76.82002258300781	50.43312454223633	104.4684829711914	
381.32879638671875	73.82737731933594	50.4110221862793	104.42269134521484	
370.55291748046875	79.29366302490234	51.95537567138672	107.6217041015625	
341.86273193359375	76.9526596069336	54.343353271484375	112.5682144165039	
407.4544372558594	59.02280807495117	54.94724655151367	113.81913757324219	
374.4285583496094	39.0428352355957	54.78937911987305	113.49212646484375	
388.2354431152344	45.6249885559082	54.2115364074707	112.29518127441406	
410.04541015625	59.779945373535156	54.66358184814453	113.2315673828125	
402.87957763671875	35.517372131347656	55.40077590942383	114.75862121582031	
402.86077880859375	58.374244689941406	54.302276611328125	112.48316955566406	
399.32574462890625	69.02638244628906	54.9386100769043	113.80128479003906	
374.63031005859375	43.58674240112305	54.519989013671875	112.93415832519531	
381.45513916015625	39.575008392333984	53.489784240722656	110.8001708984375	
399.67437744140625	63.17249298095703	54.07853317260742	112.01971435546875	
363.88836669921875	34.88031768798828	54.5912971496582	113.08186340332031	
