109.0	104.0	23.0	20.0	
107.5886459350586	105.57084655761719	23.6447811126709	17.77886199951172	
107.7221450805664	105.60127258300781	23.494176864624023	17.750812530517578	
107.9056396484375	105.64872741699219	23.083520889282227	17.755401611328125	
103.52884674072266	106.1490249633789	28.841564178466797	18.115612030029297	
103.9452133178711	105.935791015625	28.46858787536621	18.303991317749023	
106.43196105957031	105.95671081542969	24.777931213378906	17.989612579345703	
106.23514556884766	105.5110855102539	26.474634170532227	18.841354370117188	
105.88008880615234	106.50421142578125	27.4185733795166	16.887943267822266	
105.72928619384766	106.752197265625	27.701589584350586	16.49595069885254	
108.02037048339844	106.82298278808594	24.802019119262695	16.319238662719727	
108.1004409790039	106.9744644165039	24.75375747680664	15.997001647949219	
108.28668212890625	106.73270416259766	22.813234329223633	17.580453872680664	
107.58543395996094	106.74272155761719	23.5364933013916	17.5161190032959	
107.97161865234375	106.0215072631836	22.958900451660156	18.830312728881836	
107.6129379272461	105.78840637207031	22.939090728759766	19.947038650512695	
110.38191223144531	106.33970642089844	22.911869049072266	19.923368453979492	
106.19520568847656	106.66064453125	26.449169158935547	18.582326889038086	
105.60395812988281	107.62408447265625	28.0941219329834	16.70821762084961	
105.75126647949219	107.4268569946289	27.66501235961914	16.98310089111328	
107.95589447021484	108.25947570800781	25.13690948486328	15.478248596191406	
108.08919525146484	106.6578598022461	25.443832397460938	18.488693237304688	
110.73387145996094	106.97183990478516	22.295455932617188	19.387353897094727	
97.09764099121094	107.14046478271484	22.057270050048828	19.180233001708984	
97.22238159179688	105.26188659667969	22.22083854675293	19.322467803955078	
108.59980773925781	109.0412368774414	22.539766311645508	19.599796295166016	
103.5702896118164	107.71522521972656	30.006078720092773	18.969417572021484	
105.87855529785156	108.7315673828125	27.538772583007812	16.4970760345459	
105.64369201660156	108.6041488647461	27.925155639648438	16.642698287963867	
106.5354995727539	109.03416442871094	26.86688232421875	15.902755737304688	
108.1562271118164	107.397216796875	25.482101440429688	18.943471908569336	
106.25285339355469	105.94972229003906	22.931644439697266	19.940561294555664	
93.88568878173828	107.79058837890625	23.548168182373047	20.476669311523438	
87.73973083496094	107.73411560058594	31.11065101623535	18.753503799438477	
98.47941589355469	108.53266906738281	28.153377532958984	18.612438201904297	
104.90462493896484	108.6227035522461	28.218252182006836	18.575273513793945	
104.38301849365234	109.30747985839844	29.34613037109375	17.41794204711914	
105.35359191894531	109.89503479003906	28.277236938476562	16.291683197021484	
106.13846588134766	110.05674743652344	27.51250648498535	15.910723686218262	
107.17704772949219	108.68623352050781	26.465564727783203	18.430479049682617	
102.27662658691406	108.2528076171875	23.78287124633789	20.680757522583008	
91.28311920166016	107.48274230957031	27.233642578125	21.283166885375977	
99.68421936035156	109.64161682128906	19.535024642944336	18.598369598388672	
104.96944427490234	109.3963394165039	28.003015518188477	18.945907592773438	
104.39067077636719	110.1440658569336	29.265106201171875	17.643579483032227	
103.8708724975586	110.47505187988281	30.474145889282227	16.782428741455078	
106.51081848144531	110.8673095703125	26.93707847595215	16.24950408935547	
106.8262710571289	109.19560241699219	26.99575424194336	19.281566619873047	
101.24043273925781	109.59847259521484	18.897876739501953	18.5871639251709	
99.46539306640625	109.48260498046875	20.555437088012695	18.89603614807129	
102.14756774902344	109.40606689453125	32.278892517089844	20.175867080688477	
104.5956039428711	110.221435546875	28.384136199951172	19.467151641845703	
104.39790344238281	111.19744873046875	29.421096801757812	17.605274200439453	
106.42469787597656	112.01057434082031	27.149429321289062	15.981058120727539	
106.30494689941406	111.22419738769531	28.197460174560547	17.299211502075195	
97.60379791259766	109.087890625	25.646488189697266	22.301286697387695	
99.80449676513672	110.5363540649414	19.791889190673828	18.674076080322266	
93.91128540039062	109.47578430175781	24.932613372802734	21.680526733398438	
103.52840423583984	111.455322265625	30.718236923217773	18.935205459594727	
103.09663391113281	111.63819885253906	30.862789154052734	18.613479614257812	
104.7751235961914	112.10429382324219	29.45235824584961	17.641857147216797	
105.0320053100586	113.07706451416016	28.751361846923828	15.859861373901367	
105.44770812988281	111.20059967041016	28.599365234375	19.484237670898438	
101.8488998413086	111.44293212890625	18.830333709716797	19.848365783691406	
98.75755310058594	112.3792953491211	20.688404083251953	19.288280487060547	
103.44938659667969	112.0931167602539	29.867443084716797	19.74728012084961	
103.33988952636719	111.79011535644531	30.026742935180664	20.290992736816406	
102.46211242675781	113.00294494628906	32.21326446533203	17.439037322998047	
105.06500244140625	113.54167175292969	28.779399871826172	16.82134246826172	
104.8179702758789	112.7680892944336	30.046527862548828	18.302318572998047	
100.73454284667969	112.23912048339844	19.16678237915039	20.04047393798828	
103.36722564697266	112.86861419677734	29.859405517578125	19.929306030273438	
103.5684585571289	113.03836822509766	29.802978515625	19.719860076904297	
103.16999816894531	113.8824234008789	30.718158721923828	18.088916778564453	
105.94938659667969	114.96162414550781	27.859821319580078	16.061397552490234	
104.89432525634766	113.5663833618164	30.05063819885254	18.690269470214844	
104.6208724975586	112.75811767578125	29.657949447631836	20.761199951171875	
104.3331527709961	113.7495346069336	28.827953338623047	19.63412094116211	
103.51192474365234	114.12589263916016	29.77142333984375	19.577106475830078	
103.0018310546875	114.82524108886719	30.97258949279785	18.253124237060547	
105.08961486816406	114.08734130859375	29.260534286499023	19.72970199584961	
104.91120910644531	113.98799133300781	29.542434692382812	20.04251480102539	
104.96891021728516	113.83074951171875	28.982280731201172	20.587833404541016	
104.3545913696289	114.45979309082031	29.034210205078125	20.186378479003906	
99.06817626953125	115.28300476074219	20.272109985351562	19.21087646484375	
103.0773696899414	115.00296783447266	31.735605239868164	19.91579818725586	
105.38597106933594	116.4308853149414	29.9288387298584	17.047807693481445	
104.62879943847656	115.42350769042969	31.696924209594727	18.811098098754883	
104.20621490478516	116.16288757324219	32.29574203491211	17.77854347229004	
102.94039154052734	115.7344970703125	31.580297470092773	20.376333236694336	
103.14576721191406	115.70051574707031	31.502155303955078	20.38262939453125	
102.54844665527344	116.41251373291016	32.848506927490234	19.010963439941406	
105.96052551269531	115.83304595947266	29.544475555419922	20.107463836669922	
105.8392562866211	116.42923736572266	29.543903350830078	18.981964111328125	
96.74272918701172	112.105224609375	28.853708267211914	25.09018325805664	
112.9222640991211	116.45682525634766	24.709354400634766	20.354448318481445	
104.02159118652344	116.6535415649414	31.46932029724121	20.53194236755371	
105.75008392333984	117.54985046386719	31.04434585571289	18.491418838500977	
105.27152252197266	117.42897033691406	31.29851722717285	19.22686004638672	
105.13238525390625	117.48847961425781	30.22336196899414	20.358264923095703	
96.74044036865234	117.46882629394531	24.797618865966797	20.895267486572266	
106.3721694946289	118.78873443603516	30.692020416259766	18.278709411621094	
106.3287353515625	119.1859359741211	31.18718910217285	17.369808197021484	
105.5542221069336	118.37107849121094	32.91817855834961	18.942798614501953	
113.24559020996094	114.2781753540039	30.52935218811035	26.54726219177246	
113.8538589477539	118.37217712402344	26.17520523071289	20.94956398010254	
106.6524658203125	119.19029235839844	30.88916015625	19.6806640625	
106.1630630493164	119.7980728149414	32.73295593261719	18.113208770751953	
105.9795913696289	119.53546142578125	33.78994369506836	18.72713851928711	
97.15794372558594	119.46781158447266	24.68056869506836	21.040565490722656	
104.5532455444336	119.18757629394531	33.466270446777344	21.320281982421875	
104.50270080566406	119.48835754394531	33.67090606689453	20.856618881225586	
107.59880065917969	119.67735290527344	30.85214614868164	20.376934051513672	
107.35355377197266	120.46334075927734	32.463897705078125	18.77920913696289	
105.85408782958984	120.10843658447266	35.15410232543945	19.518798828125	
121.22847747802734	114.17930603027344	29.48208999633789	25.6366024017334	
105.87754821777344	120.53531646728516	33.36703872680664	20.369863510131836	
108.640380859375	119.51463317871094	30.290857315063477	22.543827056884766	
107.05452728271484	120.36930847167969	33.0695915222168	21.293241500854492	
106.26265716552734	121.17640686035156	35.93475341796875	19.66910743713379	
99.36351776123047	121.10174560546875	26.652587890625	21.817224502563477	
105.26944732666016	121.09104919433594	34.89543914794922	21.1674861907959	
108.52061462402344	122.2935791015625	31.223941802978516	19.675785064697266	
108.23109436035156	122.162109375	33.50617218017578	19.316614151000977	
107.9012680053711	123.103515625	34.406654357910156	17.555713653564453	
107.16950988769531	122.6495132446289	36.54909896850586	18.811511993408203	
106.4716567993164	122.2455062866211	34.764869689941406	21.3046817779541	
106.2187271118164	122.08160400390625	34.981231689453125	21.73787498474121	
103.8046646118164	116.56888580322266	31.750991821289062	27.609569549560547	
108.49037170410156	123.67884826660156	34.69667434692383	18.580904006958008	
108.53276062011719	123.59639739990234	35.379093170166016	18.421457290649414	
108.32914733886719	122.7779541015625	37.025638580322266	19.64651870727539	
107.90541076660156	123.09733581542969	36.40183639526367	19.826000213623047	
99.90875244140625	119.8257064819336	30.858718872070312	26.833675384521484	
106.7764892578125	122.59529876708984	37.637359619140625	21.73749351501465	
119.76844787597656	124.1294174194336	27.105335235595703	20.003765106201172	
110.81440734863281	123.78791809082031	33.21477127075195	20.49454116821289	
109.48149108886719	123.85638427734375	36.18688201904297	19.909934997558594	
108.44268798828125	123.50132751464844	39.19373321533203	20.315980911254883	
109.7271728515625	123.48387145996094	35.09483337402344	21.80123519897461	
107.9034194946289	124.1697769165039	37.20355224609375	21.183252334594727	
122.09964752197266	125.1935806274414	25.683101654052734	19.203638076782227	
111.71641540527344	125.77464294433594	34.55976486206055	18.284198760986328	
111.8460922241211	125.22694396972656	35.31147003173828	19.332530975341797	
110.12629699707031	124.49559020996094	36.742305755615234	21.215557098388672	
110.8306655883789	124.6203384399414	34.57991409301758	21.634868621826172	
123.0811767578125	124.83929443359375	28.030261993408203	22.031078338623047	
126.33699035644531	125.89117431640625	26.694040298461914	20.867977142333984	
112.1083984375	126.14448547363281	35.64423370361328	19.644601821899414	
112.01530456542969	125.82444763183594	36.90087890625	19.863325119018555	
111.70848083496094	126.19456481933594	38.21406173706055	19.283775329589844	
111.51658630371094	124.49861907958984	37.15462112426758	23.100723266601562	
121.7939682006836	104.73478698730469	33.96690368652344	29.536441802978516	
112.65650939941406	125.20088958740234	36.90409469604492	22.182571411132812	
112.47403717041016	127.79866790771484	37.25657272338867	18.359140396118164	
112.1783218383789	126.4820327758789	38.49885940551758	20.953224182128906	
112.89833068847656	125.84226989746094	37.192970275878906	22.027576446533203	
113.31893157958984	125.2088394165039	39.22863006591797	22.901287078857422	
125.1030502319336	127.00932312011719	28.524383544921875	22.27817153930664	
111.4683837890625	126.47486877441406	38.7769660949707	22.907146453857422	
113.44210052490234	127.80885314941406	38.812705993652344	20.12645721435547	
113.68864440917969	128.7182159423828	39.49065017700195	18.820369720458984	
113.76026916503906	127.6483154296875	38.524017333984375	20.45781135559082	
114.677001953125	127.1524658203125	36.21669387817383	22.399349212646484	
111.81306457519531	127.5086669921875	40.596221923828125	22.678186416625977	
111.99214935302734	127.5822525024414	40.1823844909668	22.720369338989258	
115.46199035644531	128.54769897460938	37.75687789916992	20.933631896972656	
115.55885314941406	128.15823364257812	39.115623474121094	21.12444496154785	
115.3957748413086	128.4088897705078	40.0639762878418	20.647083282470703	
115.3860855102539	127.63272857666016	39.38188171386719	22.567502975463867	
113.79106140136719	118.62629699707031	28.00893211364746	23.680248260498047	
112.82374572753906	127.77671813964844	42.06736755371094	24.094261169433594	
128.49282836914062	129.2146759033203	29.292816162109375	22.12846565246582	
113.2944564819336	128.9117889404297	43.437477111816406	21.674734115600586	
116.3249282836914	129.190673828125	40.357666015625	21.158449172973633	
117.16292572021484	129.51199340820312	40.56283187866211	20.560585021972656	
117.89823150634766	128.75302124023438	38.79193878173828	22.171775817871094	
116.72215270996094	127.65885925292969	42.09621047973633	24.275165557861328	
117.4719009399414	128.89697265625	38.66100311279297	22.507965087890625	
114.71405029296875	128.66839599609375	41.727657318115234	24.464143753051758	
114.53041076660156	128.66500854492188	43.09232711791992	24.138330459594727	
114.3704605102539	129.94322204589844	45.00988006591797	21.768896102905273	
118.33387756347656	130.4916534423828	40.86531448364258	21.017948150634766	
117.7466049194336	129.37533569335938	41.64423370361328	23.065818786621094	
117.2720947265625	129.35748291015625	44.665977478027344	22.736324310302734	
119.4054183959961	129.61752319335938	38.825103759765625	23.5528621673584	
107.56922912597656	124.546875	41.029090881347656	35.677452087402344	
116.13899230957031	130.20164489746094	44.06633377075195	23.9217472076416	
115.06034088134766	129.83758544921875	46.079063415527344	24.013212203979492	
118.7633056640625	131.1659698486328	43.24091339111328	21.57878875732422	
119.44281005859375	131.40435791015625	43.1685791015625	21.122238159179688	
119.81977844238281	129.99349975585938	42.92693328857422	23.610103607177734	
119.54643249511719	130.25357055664062	42.99298858642578	23.387348175048828	
108.93537902832031	125.2978744506836	40.237571716308594	34.989173889160156	
120.78495788574219	130.7118377685547	41.139442443847656	23.355453491210938	
121.04327392578125	130.20201110839844	40.55581283569336	24.090648651123047	
117.9172134399414	129.6988067626953	45.18842697143555	25.367801666259766	
116.9336929321289	130.7365264892578	47.312889099121094	24.368989944458008	
120.86537170410156	131.59860229492188	44.59394454956055	22.62912368774414	
121.09370422363281	131.3759307861328	45.51039505004883	22.867694854736328	
121.454345703125	130.7388458251953	44.434173583984375	24.2569522857666	
121.2308349609375	130.97463989257812	44.23199462890625	24.579914093017578	
120.87275695800781	130.32359313964844	47.340675354003906	25.520437240600586	
134.4512176513672	126.36140441894531	42.723968505859375	37.151268005371094	
119.78564453125	130.47854614257812	47.28089141845703	26.60487937927246	
122.5733413696289	133.32058715820312	45.85424041748047	21.233625411987305	
122.49056243896484	132.61453247070312	46.02116394042969	22.45796012878418	
123.08683776855469	132.69921875	46.323734283447266	22.208271026611328	
122.66024017333984	132.03726196289062	46.5812873840332	23.306140899658203	
122.66507720947266	131.9852752685547	44.924537658691406	25.236064910888672	
120.11287689208984	131.50485229492188	48.859493255615234	26.52398109436035	
136.80970764160156	127.64847564697266	41.802337646484375	36.349849700927734	
121.33039855957031	131.67803955078125	48.28001022338867	26.104446411132812	
123.69914245605469	133.8074951171875	48.16748809814453	21.949810028076172	
124.29179382324219	133.44363403320312	47.68523406982422	22.99078369140625	
124.1108627319336	132.8895721435547	49.350582122802734	23.464933395385742	
124.56732177734375	132.3852996826172	48.042381286621094	25.013463973999023	
123.0792007446289	131.9967041015625	47.80712890625	26.942895889282227	
139.04415893554688	129.51719665527344	44.41267776489258	38.61971664428711	
126.59465026855469	131.76527404785156	44.82257080078125	27.922992706298828	
125.91465759277344	133.6944580078125	49.556365966796875	24.207345962524414	
126.4344253540039	135.3951873779297	48.12424087524414	21.344287872314453	
126.1113510131836	133.64620971679688	49.04081344604492	24.046146392822266	
124.37553405761719	133.30735778808594	53.24991989135742	24.18250274658203	
127.0472183227539	133.81809997558594	48.91998291015625	24.209449768066406	
126.31620025634766	134.1356201171875	51.51518630981445	23.482866287231445	
127.00614166259766	133.09217834472656	50.177001953125	25.568729400634766	
128.61241149902344	133.6866912841797	46.2682991027832	25.428499221801758	
125.42021179199219	132.7938232421875	50.68476104736328	27.271678924560547	
123.46467590332031	131.07327270507812	53.91039276123047	31.32332420349121	
128.86801147460938	135.77105712890625	50.184261322021484	22.0255069732666	
128.2603759765625	135.25796508789062	50.95375061035156	23.774608612060547	
129.83059692382812	134.69119262695312	49.23147201538086	24.297637939453125	
129.78890991210938	134.29238891601562	50.483642578125	25.16873550415039	
131.2915496826172	134.4312744140625	47.17657470703125	25.856225967407227	
128.66432189941406	135.04287719726562	51.940704345703125	24.89694595336914	
130.69981384277344	136.12535095214844	51.2851676940918	23.781232833862305	
131.34963989257812	135.9900665283203	51.32233810424805	23.80167007446289	
130.6953887939453	135.6213836669922	52.75754928588867	24.610103607177734	
130.6088104248047	134.972412109375	53.53025436401367	25.46623420715332	
132.94119262695312	134.62271118164062	48.54478454589844	27.473796844482422	
129.65280151367188	134.84793090820312	53.01465606689453	27.341272354125977	
133.45240783691406	137.14053344726562	50.22651672363281	23.846176147460938	
132.92144775390625	136.66549682617188	52.98850631713867	24.314605712890625	
132.75918579101562	135.31607055664062	53.633949279785156	26.64297866821289	
132.898193359375	135.00953674316406	54.3800163269043	27.359737396240234	
131.4775390625	135.30288696289062	56.400146484375	27.230846405029297	
134.791015625	137.4766387939453	51.34925079345703	25.4709415435791	
134.79623413085938	136.92459106445312	53.88722610473633	25.812124252319336	
134.7388153076172	136.604736328125	54.852935791015625	26.251718521118164	
133.5782012939453	136.62997436523438	56.428253173828125	27.31040382385254	
152.4823760986328	130.01278686523438	50.64216232299805	44.03662872314453	
133.41036987304688	138.47445678710938	58.50830841064453	24.525083541870117	
135.62405395507812	137.6495361328125	56.30096435546875	26.106109619140625	
134.41336059570312	136.562744140625	59.67023849487305	28.086395263671875	
134.12562561035156	137.18734741210938	59.921241760253906	27.57159423828125	
131.10787963867188	135.64065551757812	60.93538284301758	31.19698715209961	
136.4265594482422	139.4129638671875	57.22277069091797	25.34857177734375	
135.74618530273438	139.32411193847656	60.02888870239258	25.471538543701172	
136.15435791015625	136.76748657226562	59.600982666015625	29.58806800842285	
135.75030517578125	137.55386352539062	61.24982452392578	28.46990966796875	
135.8033447265625	136.6607208251953	63.559226989746094	29.969940185546875	
137.85311889648438	137.74832153320312	57.423545837402344	28.903499603271484	
137.95706176757812	137.7738800048828	58.30077362060547	29.103931427001953	
135.25314331054688	136.06675720214844	61.83850860595703	32.79717254638672	
137.44461059570312	138.609130859375	61.742637634277344	28.14584732055664	
136.54763793945312	138.8402862548828	64.22409057617188	27.31997299194336	
139.25405883789062	139.3232879638672	62.7214469909668	27.010778427124023	
139.08949279785156	138.69493103027344	61.30956268310547	29.641193389892578	
140.203125	139.18280029296875	63.8486328125	28.9123592376709	
140.15760803222656	138.5559844970703	62.63658905029297	31.599353790283203	
138.91603088378906	139.44454956054688	64.63508605957031	30.504806518554688	
138.16110229492188	140.27816772460938	68.22935485839844	29.341379165649414	
141.2512664794922	140.3408203125	65.23719787597656	29.35186767578125	
141.48455810546875	139.14212036132812	63.62819290161133	31.727249145507812	
142.49142456054688	141.248779296875	65.89203643798828	29.26725196838379	
142.30809020996094	140.7694091796875	65.08628845214844	31.859928131103516	
142.3284912109375	142.13865661621094	67.59171295166016	29.608556747436523	
144.97406005859375	139.35635375976562	62.54389190673828	36.071834564208984	
141.56536865234375	143.06808471679688	70.32695007324219	29.415790557861328	
145.49072265625	142.96495056152344	67.68214416503906	29.77179527282715	
146.8681640625	143.25686645507812	64.16987609863281	31.335769653320312	
143.7381134033203	142.73086547851562	70.16422271728516	31.073328018188477	
147.44046020507812	143.44891357421875	66.90450286865234	30.5499267578125	
147.05580139160156	143.90524291992188	68.07548522949219	30.258106231689453	
147.58187866210938	144.7438507080078	69.20875549316406	30.129886627197266	
150.19998168945312	143.6713409423828	64.57418060302734	33.14775848388672	
145.9543914794922	143.71560668945312	71.40858459472656	32.99185562133789	
149.4417266845703	146.220458984375	68.87886047363281	29.805801391601562	
148.27725219726562	145.25222778320312	73.0599365234375	31.053884506225586	
148.7313232421875	143.86355590820312	70.04637908935547	34.955650329589844	
149.9082489013672	145.74237060546875	71.64473724365234	31.77579116821289	
148.80978393554688	144.9384765625	76.50752258300781	33.2171630859375	
149.52725219726562	144.82467651367188	75.5501480102539	33.10942840576172	
149.61572265625	143.84762573242188	73.14729309082031	35.2058219909668	
153.75950622558594	148.0528564453125	70.7131576538086	30.047351837158203	
152.00997924804688	147.5209197998047	75.79878997802734	30.221435546875	
150.4073028564453	144.872802734375	79.44901275634766	35.28369903564453	
153.35826110839844	146.96853637695312	73.778564453125	33.041873931884766	
154.20738220214844	147.23764038085938	76.30736541748047	32.644752502441406	
153.10690307617188	146.60498046875	81.08476257324219	33.866188049316406	
153.42138671875	145.6540069580078	77.65216827392578	36.88549041748047	
152.6185760498047	146.8917236328125	78.00831604003906	36.333492279052734	
155.3134002685547	147.99893188476562	78.57111358642578	33.42778778076172	
153.43466186523438	147.81454467773438	83.38941955566406	33.90385055541992	
155.9795684814453	146.39723205566406	78.0022964477539	37.66736602783203	
154.1267852783203	148.39108276367188	81.6290283203125	35.29172134399414	
158.48622131347656	148.49960327148438	79.68431091308594	34.00640106201172	
156.6991729736328	147.641845703125	80.84602355957031	35.875274658203125	
157.02403259277344	146.94467163085938	84.86137390136719	34.59148025512695	
160.6259307861328	145.3177947998047	77.53202819824219	36.59257507324219	
157.84579467773438	141.5279998779297	82.97064208984375	37.5256462097168	
148.85353088378906	136.11712646484375	90.89633178710938	40.49138259887695	
157.47213745117188	129.04730224609375	84.58128356933594	42.854339599609375	
152.7102508544922	115.5300064086914	90.26258850097656	56.59843826293945	
156.32223510742188	112.91324615478516	88.486572265625	49.29251480102539	
153.93649291992188	102.17393493652344	91.28095245361328	58.2208251953125	
158.78756713867188	98.43707275390625	86.84422302246094	52.9974479675293	
158.37948608398438	97.54979705810547	90.093505859375	41.18292999267578	
153.46832275390625	83.90742492675781	95.32038879394531	54.05797576904297	
158.74713134765625	79.14115905761719	93.38114929199219	48.41185760498047	
159.7041778564453	71.56790924072266	93.49543762207031	52.78496170043945	
157.5850372314453	73.4638442993164	94.67816925048828	45.77377700805664	
159.95870971679688	73.57343292236328	93.43954467773438	44.55009460449219	
162.4756317138672	75.81271362304688	97.97523498535156	37.7001838684082	
165.26539611816406	76.45249938964844	94.94449615478516	36.28622055053711	
166.70179748535156	76.86436462402344	93.7348861694336	35.34699249267578	
166.19482421875	75.3158950805664	97.14210510253906	39.18195343017578	
164.92091369628906	72.67047882080078	103.3388671875	43.208255767822266	
165.8271942138672	73.90126037597656	100.6778335571289	43.5902214050293	
166.34486389160156	74.11720275878906	105.69342041015625	43.46674346923828	
167.707275390625	76.26296997070312	105.0102767944336	41.52235794067383	
168.1381378173828	76.37630462646484	104.86016845703125	43.02313232421875	
165.56333923339844	74.11149597167969	109.12391662597656	45.75618362426758	
168.72177124023438	76.82521057128906	106.8338394165039	44.256507873535156	
171.08554077148438	75.87672424316406	106.84197998046875	47.67799377441406	
173.60311889648438	78.10884857177734	111.43849182128906	44.67976760864258	
172.88658142089844	78.5743408203125	112.662353515625	45.803462982177734	
173.6551055908203	81.04670715332031	112.0789566040039	43.2858772277832	
176.08438110351562	79.83184814453125	110.78385925292969	46.85839080810547	
174.71566772460938	78.74165344238281	113.43620300292969	51.16893768310547	
176.41281127929688	81.8296127319336	118.20247650146484	45.808841705322266	
177.40982055664062	81.06815338134766	120.6776351928711	48.3238525390625	
181.23040771484375	84.31373596191406	117.5483627319336	45.20463943481445	
184.79373168945312	83.04808807373047	113.7462158203125	48.6704216003418	
185.4989471435547	83.78881072998047	112.70957946777344	48.37450408935547	
178.25157165527344	82.78797912597656	122.35052490234375	51.559043884277344	
175.99224853515625	83.6329345703125	132.62081909179688	52.53493118286133	
175.60281372070312	84.93794250488281	130.43991088867188	52.01171875	
177.92047119140625	84.6103744506836	129.53097534179688	52.80763626098633	
175.2034454345703	87.46720886230469	132.27023315429688	51.1206169128418	
171.92800903320312	85.81806945800781	136.91671752929688	54.88703155517578	
172.3834991455078	87.27876281738281	137.29074096679688	54.78649139404297	
169.0315399169922	87.55528259277344	143.00811767578125	55.76753616333008	
166.09097290039062	89.59934997558594	144.53317260742188	55.670326232910156	
163.4761962890625	88.22305297851562	148.19204711914062	57.62186813354492	
158.68765258789062	91.16352844238281	150.32241821289062	58.40406036376953	
157.67404174804688	92.6274185180664	151.88284301757812	56.920310974121094	
151.7773895263672	94.076416015625	144.0274658203125	55.47581100463867	
146.5546112060547	90.75372314453125	143.7460479736328	59.823387145996094	
141.15127563476562	93.02278900146484	136.8430633544922	59.14289474487305	
127.47540283203125	96.92635345458984	144.0166015625	54.521217346191406	
115.3405532836914	95.06095886230469	151.8924102783203	56.46904754638672	
102.5113296508789	91.95399475097656	161.43954467773438	59.454254150390625	
94.28521728515625	96.24028015136719	155.0332794189453	58.18828201293945	
80.45077514648438	91.77882385253906	165.16026306152344	64.55103302001953	
70.53642272949219	94.01068115234375	167.21139526367188	63.30352020263672	
60.075538635253906	93.20122528076172	167.38833618164062	62.640480041503906	
53.317832946777344	95.58946228027344	167.13565063476562	64.8557357788086	
41.2062873840332	96.78954315185547	174.99560546875	65.16801452636719	
28.711902618408203	96.89714050292969	182.49099731445312	66.66363525390625	
22.46658706665039	97.86668395996094	184.77134704589844	71.11790466308594	
15.608213424682617	97.2485580444336	189.38172912597656	74.44377136230469	
