187.0	58.0	136.0	213.0	
189.81387329101562	56.724876403808594	137.53541564941406	213.10562133789062	
190.36582946777344	55.6737174987793	138.60829162597656	213.1857147216797	
190.5772705078125	55.03712844848633	141.4756622314453	214.65087890625	
192.0152130126953	55.11412811279297	142.33731079101562	216.66244506835938	
193.20123291015625	52.988121032714844	142.43722534179688	218.2501678466797	
191.3772735595703	53.084869384765625	142.51956176757812	215.33901977539062	
193.10379028320312	52.08417892456055	140.65533447265625	221.0687713623047	
193.7929229736328	52.320701599121094	141.6921844482422	219.07095336914062	
193.55819702148438	52.2352294921875	140.349853515625	218.53237915039062	
190.73828125	50.2449836730957	146.15431213378906	220.4386749267578	
192.846923828125	51.79564666748047	143.3056640625	222.90029907226562	
191.41722106933594	50.05987548828125	146.2813720703125	220.87899780273438	
193.2706756591797	49.31671905517578	143.52999877929688	225.37606811523438	
189.25357055664062	50.35361862182617	146.23788452148438	223.41378784179688	
190.1467742919922	49.254356384277344	146.36085510253906	223.1220245361328	
188.17945861816406	50.5285530090332	145.3653106689453	223.2034454345703	
188.41860961914062	51.713134765625	142.7520294189453	221.86328125	
187.32814025878906	51.5418815612793	141.525390625	221.19039916992188	
185.7860107421875	52.94929885864258	136.73486328125	217.7538604736328	
186.99227905273438	52.77067947387695	136.26852416992188	220.04605102539062	
188.90138244628906	51.6163444519043	135.8905487060547	220.28201293945312	
188.64657592773438	51.00682830810547	134.99237060546875	220.27267456054688	
188.2820281982422	52.71693801879883	134.2432861328125	220.6821746826172	
189.2377166748047	52.5673942565918	133.31192016601562	220.0355987548828	
185.40402221679688	52.862342834472656	137.57510375976562	218.23483276367188	
187.47142028808594	53.378517150878906	134.34710693359375	220.5402374267578	
186.2349853515625	52.8311767578125	135.09951782226562	221.2018585205078	
185.4412841796875	53.19486618041992	136.94976806640625	220.36953735351562	
186.33694458007812	54.33121871948242	135.2574920654297	218.01220703125	
185.89080810546875	52.624488830566406	137.21615600585938	222.48318481445312	
186.04812622070312	53.33637619018555	136.90878295898438	220.537109375	
186.3802490234375	53.4294548034668	136.14231872558594	219.26187133789062	
185.25497436523438	53.24504852294922	138.50173950195312	218.73388671875	
184.6195831298828	53.868865966796875	136.9967498779297	218.4445343017578	
185.58413696289062	54.486000061035156	137.7166290283203	216.89859008789062	
185.00796508789062	53.040077209472656	139.88560485839844	219.0406951904297	
184.3893280029297	51.92278289794922	143.26571655273438	220.60043334960938	
188.03195190429688	53.4415168762207	139.1236114501953	214.5690460205078	
185.1157684326172	53.29610061645508	138.44766235351562	219.3802032470703	
184.78369140625	53.740013122558594	142.797119140625	215.3580322265625	
185.35342407226562	52.556114196777344	143.47433471679688	219.81997680664062	
187.07528686523438	52.446678161621094	145.1150665283203	219.7368621826172	
187.0743865966797	53.2044792175293	144.1492919921875	218.2743682861328	
186.3654022216797	54.058685302734375	143.5185546875	212.6230926513672	
185.81900024414062	52.15986251831055	148.1923065185547	217.6795654296875	
187.5579376220703	51.52254104614258	145.5809326171875	218.14151000976562	
186.17507934570312	52.872962951660156	145.00021362304688	218.9206085205078	
191.0507049560547	52.754783630371094	142.72244262695312	219.5988311767578	
187.40309143066406	52.363670349121094	147.05709838867188	219.76046752929688	
190.74081420898438	52.173583984375	144.2855987548828	217.7675323486328	
189.5764617919922	51.16461181640625	145.6894073486328	223.6917266845703	
190.6790313720703	55.11936569213867	141.64657592773438	216.47390747070312	
193.37319946289062	51.90520095825195	139.9149169921875	222.73422241210938	
192.2233123779297	52.4930305480957	142.4757080078125	221.76504516601562	
193.31141662597656	53.68745040893555	139.58322143554688	219.1158447265625	
191.4097442626953	53.3486213684082	140.12677001953125	220.84304809570312	
191.664306640625	55.90125274658203	140.64620971679688	217.3387908935547	
191.49099731445312	55.5007209777832	138.63040161132812	218.406494140625	
192.51791381835938	56.162452697753906	138.1990509033203	216.5719757080078	
192.8691864013672	55.207237243652344	136.4935760498047	217.70361328125	
189.42135620117188	58.74196243286133	137.80215454101562	213.5891571044922	
191.05958557128906	59.68165969848633	136.1520233154297	211.0054168701172	
192.34976196289062	55.01226806640625	135.7686767578125	218.60964965820312	
190.6497344970703	58.43873977661133	137.9582977294922	214.3817138671875	
191.23916625976562	56.758056640625	138.66543579101562	218.056396484375	
192.25772094726562	54.869529724121094	137.62753295898438	219.79617309570312	
192.3920135498047	55.61799240112305	136.83901977539062	219.2962188720703	
192.24771118164062	54.9255256652832	136.27732849121094	217.7859344482422	
192.4066925048828	55.97493362426758	136.32888793945312	217.52859497070312	
191.906494140625	58.65031814575195	134.107666015625	215.24951171875	
190.46217346191406	54.71826171875	137.63955688476562	219.55233764648438	
190.5613250732422	55.79877853393555	137.2429962158203	219.4759521484375	
189.3755645751953	55.14801025390625	139.69589233398438	220.2701873779297	
190.3028564453125	56.9989013671875	136.68130493164062	215.4273223876953	
191.1408233642578	59.59965896606445	137.20008850097656	213.1879425048828	
188.7519073486328	58.144142150878906	139.34671020507812	214.44198608398438	
188.6901397705078	60.977027893066406	135.97512817382812	211.5164337158203	
189.28018188476562	59.141075134277344	137.63613891601562	214.531005859375	
188.0084991455078	59.157310485839844	138.30274963378906	214.6220703125	
188.56509399414062	59.8252067565918	137.75234985351562	213.53671264648438	
188.4385528564453	57.26531219482422	139.8111572265625	215.34848022460938	
190.0775146484375	58.844078063964844	137.07066345214844	214.49365234375	
188.85147094726562	58.630859375	137.5991973876953	214.74978637695312	
188.6164093017578	57.0853385925293	139.17160034179688	217.442138671875	
189.43251037597656	57.97636795043945	138.76290893554688	215.47610473632812	
189.56027221679688	56.0498161315918	138.1522674560547	218.7436065673828	
190.1527557373047	56.90886688232422	140.62631225585938	217.31967163085938	
190.83151245117188	56.65886688232422	139.28176879882812	217.70297241210938	
188.688232421875	58.17516326904297	141.07704162597656	216.14834594726562	
191.1505889892578	57.16638946533203	140.2250518798828	216.12356567382812	
189.212158203125	59.00144577026367	141.9396514892578	213.01644897460938	
188.03109741210938	54.90471267700195	144.7408447265625	218.1821746826172	
186.62606811523438	56.5186882019043	144.75735473632812	214.1907196044922	
187.20730590820312	54.73835372924805	145.98446655273438	217.36074829101562	
187.24180603027344	53.50043869018555	144.80874633789062	219.0417022705078	
185.451171875	54.118507385253906	141.6579132080078	218.43685913085938	
184.0873260498047	54.388938903808594	143.05807495117188	216.01168823242188	
185.35360717773438	54.72528076171875	141.0063934326172	215.87051391601562	
184.97547912597656	53.76564407348633	140.3462371826172	218.729248046875	
183.8256378173828	53.67521286010742	138.7412567138672	219.0830535888672	
184.11123657226562	52.86872482299805	139.60968017578125	218.552001953125	
184.5660400390625	52.622413635253906	138.69039916992188	219.1686553955078	
185.97198486328125	52.291236877441406	137.85244750976562	221.6737518310547	
182.67648315429688	54.01586151123047	139.9771270751953	217.51071166992188	
185.04586791992188	53.637779235839844	137.19387817382812	218.7899169921875	
184.1085205078125	53.06547927856445	137.62327575683594	221.17251586914062	
183.56253051757812	54.26313018798828	139.65884399414062	219.661865234375	
184.5218048095703	56.93489456176758	139.3527374267578	213.018798828125	
185.44631958007812	58.343482971191406	137.74276733398438	212.1319580078125	
185.9203643798828	57.37603759765625	136.3067169189453	216.2318878173828	
186.07164001464844	58.08632278442383	137.7064208984375	215.4534149169922	
186.60647583007812	59.95319747924805	138.28125	214.1059112548828	
186.98434448242188	58.81413650512695	139.919189453125	216.98745727539062	
186.20774841308594	60.9774284362793	140.79525756835938	213.796142578125	
187.60122680664062	58.6551628112793	146.6844482421875	216.3401336669922	
186.9705047607422	59.174598693847656	149.64883422851562	216.05404663085938	
187.18386840820312	57.440269470214844	148.31179809570312	216.61557006835938	
187.6736602783203	57.13141632080078	147.88455200195312	214.6033935546875	
188.79278564453125	55.67512893676758	149.77383422851562	219.55972290039062	
190.6379852294922	55.7122688293457	147.8209991455078	218.916259765625	
188.09909057617188	53.950294494628906	149.54843139648438	215.44711303710938	
188.72216796875	52.05195236206055	150.73770141601562	222.19985961914062	
187.45077514648438	51.17316436767578	150.171630859375	220.53564453125	
186.9365997314453	52.43638229370117	150.31808471679688	219.48794555664062	
187.95863342285156	52.68537521362305	144.37496948242188	220.61624145507812	
187.69985961914062	52.64857864379883	144.45761108398438	219.60293579101562	
191.7544403076172	52.94545364379883	141.79071044921875	219.6517791748047	
192.90350341796875	52.386322021484375	140.2370147705078	219.151123046875	
194.4335479736328	54.8715705871582	140.4558868408203	210.89474487304688	
192.11572265625	52.727081298828125	144.45663452148438	214.5360565185547	
192.62667846679688	52.41505813598633	144.60787963867188	217.25137329101562	
191.6432342529297	54.423187255859375	144.2726593017578	209.58016967773438	
187.94137573242188	54.36168670654297	145.317138671875	209.1783447265625	
189.12965393066406	54.163368225097656	142.8142547607422	210.56289672851562	
189.988037109375	54.41082763671875	143.423583984375	212.1337890625	
190.59815979003906	53.910667419433594	141.16917419433594	214.0809783935547	
190.71383666992188	52.03252410888672	144.07382202148438	214.50558471679688	
191.7532196044922	50.744327545166016	142.4605712890625	220.7138671875	
189.8390655517578	52.3994026184082	139.697509765625	219.213623046875	
189.7337646484375	52.566734313964844	135.1173553466797	221.2515106201172	
187.69442749023438	51.73173904418945	138.29849243164062	221.46261596679688	
186.75888061523438	53.390869140625	138.27239990234375	216.97500610351562	
186.6487274169922	52.66056442260742	136.40554809570312	220.5684051513672	
184.94302368164062	54.875221252441406	138.0117950439453	216.4617156982422	
186.44180297851562	53.363365173339844	135.32418823242188	219.97695922851562	
185.79173278808594	52.760398864746094	135.25543212890625	219.5924072265625	
185.1776123046875	53.7822151184082	137.2704315185547	218.1925811767578	
185.531982421875	53.3733024597168	134.7005157470703	219.5980987548828	
185.70230102539062	54.72416305541992	133.32102966308594	218.1225128173828	
187.2993927001953	54.337890625	133.94552612304688	216.60275268554688	
185.59774780273438	53.79448318481445	135.20339965820312	218.89016723632812	
186.0917205810547	54.289398193359375	134.82638549804688	218.6750946044922	
185.2908477783203	54.414764404296875	134.61672973632812	217.89816284179688	
186.69021606445312	52.583168029785156	135.9593048095703	219.32516479492188	
186.3570556640625	53.18104934692383	134.67959594726562	219.71109008789062	
185.1526641845703	53.068504333496094	136.72203063964844	221.0863800048828	
186.4551239013672	53.69023513793945	135.14913940429688	220.37191772460938	
185.91427612304688	53.638450622558594	135.3926239013672	219.47305297851562	
185.92279052734375	53.2916374206543	136.70228576660156	217.8016357421875	
184.16336059570312	52.2569580078125	138.4569549560547	216.57315063476562	
188.4165496826172	53.1051025390625	133.07183837890625	220.5286407470703	
185.76821899414062	53.070579528808594	133.75169372558594	219.91903686523438	
185.73251342773438	52.98388671875	135.5277862548828	219.44284057617188	
186.81869506835938	53.46209716796875	135.59341430664062	220.24368286132812	
185.12326049804688	54.23027420043945	136.71722412109375	218.98391723632812	
187.8086700439453	52.365089416503906	133.8946533203125	220.1897735595703	
186.57611083984375	52.961219787597656	137.99339294433594	218.0650634765625	
188.9670867919922	52.4166145324707	133.24395751953125	221.2772979736328	
186.72164916992188	53.07605743408203	134.96241760253906	220.1371612548828	
185.88973999023438	54.26430130004883	137.41993713378906	216.85287475585938	
186.0237274169922	52.68914794921875	136.4702606201172	220.1868438720703	
184.37403869628906	51.97588348388672	137.0464324951172	220.2438507080078	
186.81741333007812	51.596092224121094	134.8516845703125	222.40283203125	
186.1783905029297	53.521034240722656	134.7683868408203	217.0950164794922	
188.75694274902344	52.04972457885742	134.17556762695312	221.1670379638672	
188.6226806640625	51.854759216308594	133.11557006835938	221.22866821289062	
190.41830444335938	53.3484001159668	131.36593627929688	220.30322265625	
187.8510284423828	52.94804000854492	132.2186737060547	219.7020721435547	
187.95535278320312	53.05498504638672	132.6145782470703	218.6446990966797	
188.83627319335938	52.6720085144043	130.52041625976562	221.5146942138672	
187.8992156982422	52.344764709472656	130.37965393066406	220.78793334960938	
187.89218139648438	51.89985275268555	128.71202087402344	220.5810089111328	
188.77066040039062	52.07981491088867	127.51417541503906	219.66232299804688	
189.87330627441406	52.67122268676758	128.08827209472656	214.27157592773438	
189.13211059570312	53.979583740234375	126.9220199584961	214.6663055419922	
190.20535278320312	52.26525115966797	126.80912017822266	218.8726348876953	
188.66815185546875	50.94834899902344	126.52217102050781	221.8899688720703	
190.35147094726562	51.72875213623047	127.14127349853516	216.6341094970703	
189.77047729492188	51.763336181640625	127.32784271240234	219.70278930664062	
186.5838623046875	51.07958221435547	129.7012176513672	221.4569091796875	
187.16018676757812	52.07500076293945	127.95709228515625	218.90478515625	
187.0881805419922	52.12556076049805	129.38853454589844	221.1036376953125	
186.92745971679688	51.4448127746582	130.18106079101562	222.89382934570312	
187.61349487304688	51.240875244140625	129.41372680664062	222.27993774414062	
187.7523193359375	51.041473388671875	127.9052734375	223.1151580810547	
187.50120544433594	51.4619026184082	129.16502380371094	222.24417114257812	
187.81280517578125	51.5810432434082	128.59103393554688	223.4947509765625	
188.39205932617188	52.5426139831543	128.4436492919922	217.84213256835938	
189.97276306152344	55.47938919067383	129.49789428710938	217.71054077148438	
188.968994140625	56.083457946777344	132.09408569335938	219.36367797851562	
190.61746215820312	57.993682861328125	130.25473022460938	217.03848266601562	
190.23040771484375	59.0489501953125	129.9228057861328	216.01699829101562	
191.6624298095703	56.21527862548828	133.0955352783203	220.7036590576172	
190.9661407470703	54.53125	135.56930541992188	222.9672393798828	
191.8658905029297	55.3198127746582	135.95477294921875	219.57785034179688	
191.60824584960938	54.373268127441406	138.81236267089844	221.6980438232422	
193.0867462158203	54.245140075683594	137.95925903320312	220.1865234375	
190.98043823242188	53.46485137939453	139.61434936523438	222.71670532226562	
192.05941772460938	51.88983917236328	140.33084106445312	225.58187866210938	
191.6200714111328	51.659461975097656	142.00286865234375	225.11080932617188	
190.67083740234375	54.435760498046875	146.04232788085938	220.668701171875	
187.60498046875	53.2591552734375	151.57342529296875	221.21725463867188	
186.25582885742188	55.49871826171875	153.58543395996094	220.18783569335938	
182.1199951171875	55.421669006347656	157.41368103027344	220.8842315673828	
183.28555297851562	55.01680374145508	156.7240447998047	221.37741088867188	
182.6826171875	57.694496154785156	153.04379272460938	215.7717742919922	
184.04476928710938	55.465980529785156	152.4069366455078	219.30923461914062	
183.8079833984375	56.16901779174805	151.2466278076172	218.1758575439453	
182.75881958007812	56.6797981262207	151.4279327392578	220.0935516357422	
188.1143798828125	57.764320373535156	148.04783630371094	212.8572235107422	
184.45799255371094	59.10698318481445	147.4326171875	215.6226806640625	
184.92630004882812	60.49827194213867	143.97633361816406	212.223876953125	
182.3047332763672	60.61170196533203	142.14645385742188	211.76748657226562	
182.19952392578125	61.26410675048828	140.95314025878906	210.44424438476562	
182.66131591796875	60.87586212158203	140.64776611328125	213.12991333007812	
182.24075317382812	60.94017791748047	141.85086059570312	213.2753448486328	
186.74899291992188	61.35039520263672	136.7378692626953	212.07754516601562	
183.33285522460938	62.92841720581055	142.67835998535156	210.1668243408203	
185.44674682617188	61.9156608581543	142.60452270507812	210.98486328125	
185.8206787109375	59.814727783203125	144.07891845703125	215.1546173095703	
185.835205078125	60.59857177734375	145.62228393554688	211.77810668945312	
185.22067260742188	60.875	147.11546325683594	213.5595703125	
186.23269653320312	58.18122482299805	148.31173706054688	217.0343017578125	
185.0552215576172	57.36128616333008	152.80789184570312	217.41146850585938	
183.81497192382812	56.92705535888672	151.7006378173828	218.0183868408203	
181.11219787597656	57.17876434326172	154.76803588867188	218.4295654296875	
180.62625122070312	57.5557975769043	157.7762908935547	218.8686981201172	
180.9685821533203	58.32880783081055	157.63345336914062	216.01223754882812	
177.9254150390625	52.412452697753906	163.11312866210938	226.4095001220703	
178.24014282226562	50.37235641479492	159.6071014404297	227.3373260498047	
179.47940063476562	52.44744873046875	157.18374633789062	223.2385711669922	
178.0865936279297	52.95814895629883	153.79574584960938	221.06198120117188	
181.8355255126953	52.6029167175293	149.43069458007812	222.6494140625	
181.57102966308594	48.80434799194336	153.36264038085938	226.12246704101562	
182.1126251220703	54.13664627075195	148.637451171875	217.6488800048828	
181.62213134765625	53.65234375	145.99429321289062	218.40170288085938	
182.70407104492188	51.586936950683594	147.3283233642578	221.5614471435547	
184.6033477783203	50.45896530151367	146.62704467773438	222.4815216064453	
182.27645874023438	52.920082092285156	152.3986358642578	219.84152221679688	
185.459716796875	51.64818572998047	146.27964782714844	221.4963836669922	
182.83384704589844	53.1277961730957	150.81317138671875	220.7991180419922	
186.6495819091797	54.26826095581055	147.42324829101562	220.5206298828125	
190.54794311523438	52.7840690612793	145.39109802246094	220.32937622070312	
187.11949157714844	52.9695930480957	147.35256958007812	217.58779907226562	
182.44961547851562	55.70432662963867	150.89236450195312	218.2595672607422	
185.977783203125	55.095252990722656	147.61587524414062	218.08242797851562	
185.13442993164062	54.59431076049805	147.96958923339844	217.6102294921875	
187.72425842285156	50.143585205078125	145.27317810058594	227.752685546875	
185.0478515625	52.218963623046875	144.7195281982422	225.036376953125	
186.03506469726562	49.4685173034668	144.25027465820312	230.3138427734375	
191.10000610351562	55.05403518676758	140.502685546875	216.02041625976562	
183.4938507080078	54.35480499267578	144.62088012695312	218.265380859375	
186.21932983398438	48.76530838012695	146.61990356445312	225.1800994873047	
190.11378479003906	55.271141052246094	143.03170776367188	215.95541381835938	
192.3010711669922	50.51171112060547	141.6029815673828	224.6455078125	
184.33798217773438	51.2475471496582	146.50027465820312	222.1299285888672	
187.01950073242188	49.0263557434082	141.5340576171875	224.8221893310547	
186.47998046875	50.554473876953125	144.65335083007812	220.8584442138672	
185.95993041992188	53.1768913269043	146.9988555908203	216.1700897216797	
182.3899383544922	53.71021270751953	148.1366424560547	214.46530151367188	
189.76766967773438	52.69938278198242	139.8192138671875	213.75088500976562	
187.29061889648438	50.78105163574219	143.57330322265625	216.6196746826172	
194.60360717773438	51.16853713989258	138.64210510253906	216.7397003173828	
188.99935913085938	51.35100555419922	143.11807250976562	216.332763671875	
185.1878662109375	50.20427322387695	147.29129028320312	218.8740692138672	
185.63198852539062	51.268409729003906	146.43028259277344	215.6443328857422	
186.3517303466797	47.8526725769043	146.2393798828125	221.194091796875	
187.66372680664062	46.548728942871094	145.8437042236328	226.9068603515625	
189.38308715820312	48.62771987915039	143.32620239257812	220.7830047607422	
189.4261016845703	45.82218933105469	143.90219116210938	226.202880859375	
190.2834014892578	47.21940994262695	142.2368927001953	220.12918090820312	
191.98281860351562	46.19161605834961	140.00454711914062	221.7047882080078	
191.1438446044922	47.5020637512207	142.3936004638672	216.78677368164062	
187.63323974609375	46.53601837158203	145.8434600830078	214.48721313476562	
192.85751342773438	44.302249908447266	138.71307373046875	217.8392791748047	
186.7605743408203	43.11577606201172	143.70547485351562	219.97323608398438	
179.00376892089844	46.17354202270508	155.18344116210938	210.81137084960938	
179.77354431152344	44.14288330078125	152.933837890625	211.18099975585938	
178.49432373046875	46.850093841552734	153.5830841064453	209.0851287841797	
179.21719360351562	46.84577560424805	149.0138397216797	212.98104858398438	
187.12966918945312	50.85449981689453	137.7252960205078	207.3526611328125	
176.7394561767578	49.26445770263672	147.37765502929688	212.6178741455078	
181.6269073486328	51.2692985534668	135.3773956298828	212.49050903320312	
172.13833618164062	51.719078063964844	144.64999389648438	209.66259765625	
180.4785919189453	55.8214225769043	140.1149139404297	209.79434204101562	
180.23544311523438	54.7735595703125	137.688720703125	210.8258056640625	
182.82955932617188	55.246238708496094	135.5324249267578	209.28829956054688	
192.83236694335938	53.099159240722656	128.56253051757812	213.8715057373047	
191.75929260253906	53.67219161987305	127.45686340332031	211.8662109375	
189.79391479492188	53.994117736816406	131.4253387451172	206.5308837890625	
200.26931762695312	49.173370361328125	122.01576232910156	212.50106811523438	
193.8572998046875	46.90214157104492	128.30795288085938	214.57504272460938	
196.8362274169922	47.52136993408203	128.3455810546875	211.71109008789062	
194.01602172851562	44.21189498901367	130.42898559570312	218.160888671875	
197.22007751464844	45.648887634277344	129.02767944335938	212.248291015625	
197.8592987060547	44.633766174316406	129.58856201171875	215.6712646484375	
194.75106811523438	42.6186637878418	131.904541015625	214.80419921875	
193.26296997070312	43.823768615722656	132.97503662109375	217.8137969970703	
198.48251342773438	44.14582061767578	127.440185546875	217.69845581054688	
196.59518432617188	45.215240478515625	127.21330261230469	208.58779907226562	
196.6252899169922	42.1490364074707	129.14845275878906	218.67626953125	
194.9368133544922	45.220664978027344	132.5988006591797	218.8943328857422	
196.4110870361328	42.646087646484375	132.1319122314453	220.75390625	
195.14085388183594	42.107566833496094	132.26805114746094	223.67861938476562	
194.27487182617188	43.80073928833008	133.68399047851562	225.1664276123047	
197.16769409179688	42.92969512939453	132.8617401123047	226.30532836914062	
189.8965606689453	44.3145866394043	137.3533477783203	221.4864044189453	
190.6936798095703	43.956756591796875	137.17239379882812	221.93350219726562	
190.48562622070312	42.44100570678711	140.23915100097656	224.31729125976562	
190.0201416015625	41.26335525512695	140.2899932861328	227.8307647705078	
184.80032348632812	43.5469970703125	143.86166381835938	221.9114227294922	
181.78207397460938	43.59865188598633	147.6649169921875	222.50851440429688	
183.3187255859375	43.914222717285156	146.9648895263672	226.53799438476562	
182.052490234375	44.934226989746094	148.5961456298828	220.0683135986328	
181.6718292236328	46.563636779785156	148.7404327392578	219.20681762695312	
182.7313690185547	46.56791305541992	148.30226135253906	219.83157348632812	
181.83734130859375	45.19554901123047	152.2088623046875	218.59756469726562	
174.90188598632812	44.400672912597656	156.21783447265625	223.36758422851562	
169.22772216796875	45.27155685424805	160.734130859375	220.729736328125	
168.670654296875	46.491111755371094	157.28817749023438	220.1280059814453	
173.5532989501953	47.326087951660156	155.98268127441406	218.5821075439453	
166.57240295410156	46.72179412841797	163.98492431640625	220.2276611328125	
170.50209045410156	47.24518966674805	161.5619659423828	220.0026092529297	
176.89706420898438	46.51228713989258	154.82315063476562	221.7220458984375	
174.31881713867188	47.296470642089844	155.57810974121094	220.92050170898438	
173.46546936035156	46.602134704589844	157.86984252929688	222.30966186523438	
173.19943237304688	47.43854904174805	156.84439086914062	219.48095703125	
165.47755432128906	47.868682861328125	160.9521026611328	219.4291229248047	
174.2303009033203	47.25336837768555	155.58486938476562	222.5779266357422	
163.90145874023438	47.990264892578125	160.12533569335938	220.6311798095703	
168.69485473632812	49.298423767089844	157.0415496826172	219.56716918945312	
183.09732055664062	47.6195182800293	145.97325134277344	222.7445068359375	
175.39474487304688	48.267364501953125	150.4196319580078	224.00924682617188	
181.25308227539062	49.07930374145508	146.32962036132812	222.7807159423828	
170.4036865234375	50.205142974853516	153.66455078125	219.71475219726562	
162.04354858398438	52.212501525878906	156.45028686523438	216.490966796875	
171.76577758789062	52.292137145996094	150.96533203125	216.2675323486328	
170.3537139892578	52.133460998535156	151.32113647460938	219.30288696289062	
165.2667999267578	51.951438903808594	150.90975952148438	216.0523223876953	
178.1594696044922	51.9713020324707	144.9977264404297	218.77734375	
171.43190002441406	52.42548751831055	149.13412475585938	216.9890594482422	
168.21058654785156	51.5985221862793	151.9711456298828	220.095703125	
167.89041137695312	52.152748107910156	152.82821655273438	218.0626983642578	
164.84693908691406	52.11011505126953	156.93740844726562	215.3007354736328	
169.92369079589844	52.027992248535156	152.02984619140625	215.53335571289062	
179.2230987548828	49.474021911621094	145.22093200683594	221.369140625	
175.9587860107422	48.21013641357422	148.7129364013672	224.3313751220703	
173.8414306640625	49.737403869628906	149.3392791748047	218.04751586914062	
176.42916870117188	49.01567840576172	148.2672119140625	221.7991943359375	
182.27279663085938	47.53544998168945	143.5833740234375	223.578857421875	
181.31265258789062	45.47310256958008	146.40573120117188	228.5357666015625	
176.603271484375	46.03178024291992	147.58746337890625	224.53726196289062	
181.6953582763672	44.987892150878906	148.04965209960938	228.44631958007812	
184.092041015625	44.56194305419922	145.65338134765625	227.6408233642578	
171.41909790039062	47.94828414916992	157.8465118408203	220.90463256835938	
179.4868927001953	48.3976936340332	149.0059051513672	217.40560913085938	
181.27542114257812	47.869667053222656	144.7777557373047	215.0548553466797	
178.7998046875	48.45319366455078	145.2877197265625	215.7869873046875	
188.18374633789062	50.303131103515625	135.0845184326172	218.38754272460938	
184.7032012939453	48.74199676513672	138.53335571289062	224.5291748046875	
182.2884521484375	47.80748748779297	141.23391723632812	227.35824584960938	
178.87008666992188	48.8580436706543	146.48464965820312	223.25827026367188	
181.2475128173828	47.43437957763672	143.7912139892578	226.01309204101562	
178.20321655273438	50.829612731933594	146.43685913085938	220.29641723632812	
182.48770141601562	50.52880096435547	140.59738159179688	218.22592163085938	
181.33433532714844	50.048309326171875	141.73855590820312	217.60595703125	
186.85513305664062	47.93817901611328	135.38668823242188	225.84274291992188	
180.43333435058594	48.71573257446289	142.56399536132812	221.891845703125	
183.09654235839844	49.40997314453125	141.03982543945312	225.5570068359375	
182.31787109375	48.88935089111328	141.92379760742188	227.83993530273438	
179.8560333251953	49.8238525390625	144.77218627929688	226.550048828125	
182.8070831298828	48.050865173339844	140.5643768310547	226.76498413085938	
175.43643188476562	49.68645095825195	150.20286560058594	220.81674194335938	
176.3352508544922	50.21897506713867	148.84373474121094	223.35751342773438	
181.2975616455078	50.25318145751953	141.96627807617188	219.20703125	
184.0321807861328	49.83802032470703	137.68136596679688	217.42788696289062	
188.9312744140625	51.69426727294922	131.34446716308594	206.3990936279297	
178.8658905029297	49.94856643676758	145.1873779296875	221.201171875	
180.59027099609375	51.6357307434082	141.54159545898438	214.3191375732422	
181.1951446533203	49.91083526611328	140.6446075439453	219.23989868164062	
183.0199737548828	51.75433349609375	139.75335693359375	212.6584930419922	
180.7041473388672	51.304779052734375	142.4150390625	214.5712127685547	
179.64450073242188	50.623878479003906	142.60891723632812	217.15420532226562	
180.22486877441406	52.14229202270508	142.7285919189453	217.9241180419922	
184.04879760742188	50.44434356689453	138.19204711914062	220.49581909179688	
180.2225341796875	50.92390441894531	144.11239624023438	222.69384765625	
177.96249389648438	50.94987869262695	147.34707641601562	225.14852905273438	
177.9950714111328	52.7838134765625	149.6536407470703	225.4098663330078	
185.45663452148438	51.86592483520508	137.93698120117188	220.6138916015625	
179.57174682617188	52.623573303222656	148.87176513671875	224.9523468017578	
180.27090454101562	51.740501403808594	149.05313110351562	228.00997924804688	
178.11886596679688	54.2790412902832	153.1209716796875	221.0832061767578	
176.14019775390625	54.3914909362793	157.33482360839844	221.09793090820312	
183.57754516601562	53.662864685058594	145.23770141601562	221.7688446044922	
182.06471252441406	54.02153778076172	149.6186981201172	221.3817901611328	
181.85360717773438	54.6556396484375	150.47171020507812	218.49404907226562	
182.75253295898438	52.99431228637695	150.4318389892578	225.66259765625	
181.039794921875	55.032066345214844	154.57591247558594	221.4452362060547	
180.61880493164062	51.026268005371094	154.93357849121094	229.734375	
181.9138641357422	53.9214973449707	155.81564331054688	221.7919464111328	
180.4951171875	52.32915496826172	158.95068359375	227.5068359375	
179.08065795898438	52.42475509643555	161.28359985351562	225.411376953125	
179.8800506591797	52.19867706298828	160.2644500732422	228.3161163330078	
177.43191528320312	54.353668212890625	159.4076690673828	221.02694702148438	
177.63320922851562	52.833404541015625	164.5105743408203	223.9547576904297	
176.7251739501953	54.02720260620117	164.70541381835938	223.63882446289062	
176.84738159179688	51.40888214111328	164.29244995117188	226.51168823242188	
179.37075805664062	52.60710525512695	163.2385711669922	222.20999145507812	
178.79656982421875	50.09760665893555	162.36196899414062	222.58230590820312	
183.439697265625	48.663597106933594	160.0600128173828	224.72348022460938	
174.1171112060547	47.86537551879883	166.54421997070312	220.0397186279297	
178.5460662841797	47.00282669067383	164.92520141601562	222.55203247070312	
164.26974487304688	47.90514373779297	177.0872039794922	220.86474609375	
167.63247680664062	45.58152389526367	175.06346130371094	228.6407928466797	
172.54891967773438	47.306175231933594	170.85098266601562	222.10574340820312	
168.77845764160156	49.29662322998047	169.45809936523438	214.668701171875	
173.85691833496094	48.156856536865234	169.25228881835938	215.06015014648438	
175.46188354492188	48.84105682373047	168.76605224609375	217.39981079101562	
180.73056030273438	49.96101760864258	159.36692810058594	215.5718231201172	
188.9262237548828	51.99725341796875	151.12368774414062	217.45779418945312	
187.52088928222656	51.0328369140625	150.988525390625	215.8939208984375	
191.3504180908203	54.035072326660156	148.29762268066406	213.0572967529297	
192.3100128173828	56.6455192565918	144.01849365234375	211.37167358398438	
192.84811401367188	57.90302658081055	146.9460906982422	210.10891723632812	
191.3979949951172	56.239967346191406	148.51870727539062	214.3426513671875	
188.206298828125	57.9376220703125	151.55752563476562	212.1383819580078	
182.28390502929688	58.243072509765625	158.79678344726562	212.40029907226562	
185.65733337402344	57.15666580200195	154.40402221679688	212.3610076904297	
184.8460693359375	60.63944625854492	148.94296264648438	207.3883056640625	
184.6476287841797	60.67973709106445	150.3827362060547	206.63583374023438	
185.2669219970703	59.495819091796875	149.56581115722656	209.4651641845703	
186.53536987304688	60.1085319519043	151.2557830810547	210.6738739013672	
185.32522583007812	60.77140426635742	149.71018981933594	205.137451171875	
185.24510192871094	58.896507263183594	147.28866577148438	209.6848602294922	
191.3932647705078	60.24250411987305	139.87525939941406	206.08499145507812	
196.23770141601562	61.32512283325195	134.7504425048828	203.41220092773438	
199.9322967529297	59.240257263183594	131.8415985107422	206.11904907226562	
201.4049072265625	61.1614990234375	131.30520629882812	204.46487426757812	
202.40457153320312	60.05326461791992	129.7519073486328	203.8281707763672	
208.08322143554688	61.321495056152344	125.06038665771484	200.31546020507812	
204.73623657226562	58.63370895385742	125.7402114868164	203.05538940429688	
197.33297729492188	55.69049072265625	134.2582550048828	209.038818359375	
191.4795379638672	55.02339553833008	138.6871337890625	210.5800323486328	
191.1020050048828	54.98368453979492	133.49664306640625	209.04940795898438	
188.6893768310547	55.964019775390625	135.96463012695312	207.68667602539062	
189.85711669921875	55.802734375	136.58425903320312	209.82119750976562	
177.7896728515625	55.758460998535156	139.34161376953125	212.7646026611328	
176.31838989257812	55.44029998779297	149.06198120117188	213.53109741210938	
175.19943237304688	53.800079345703125	145.3614044189453	221.7947998046875	
176.2030029296875	52.817222595214844	143.5401153564453	221.35031127929688	
177.05654907226562	54.5739860534668	146.32423400878906	219.4208526611328	
175.25267028808594	58.568519592285156	136.3553009033203	214.5419158935547	
175.29440307617188	56.55283737182617	143.6652069091797	214.76968383789062	
182.86070251464844	56.02349853515625	145.91836547851562	214.61376953125	
180.63475036621094	55.23596954345703	150.0908203125	215.27978515625	
184.94833374023438	58.811668395996094	151.95431518554688	210.85171508789062	
185.93759155273438	55.33258056640625	149.4297637939453	214.64450073242188	
184.71456909179688	55.544944763183594	148.16969299316406	216.21029663085938	
187.5667266845703	54.092529296875	145.63302612304688	216.9775848388672	
192.03421020507812	54.7673454284668	147.27392578125	218.0435028076172	
190.19479370117188	54.35444259643555	149.4573516845703	218.70223999023438	
185.90567016601562	50.44298553466797	149.15573120117188	225.48684692382812	
189.49899291992188	52.06749725341797	143.97262573242188	217.2642059326172	
189.0804443359375	52.80550003051758	145.51217651367188	220.71585083007812	
194.0009002685547	54.2239990234375	146.1565704345703	219.64279174804688	
183.80029296875	53.57030487060547	149.18991088867188	221.19570922851562	
184.04519653320312	54.11541748046875	146.001953125	220.4623565673828	
189.42178344726562	54.9920654296875	142.34107971191406	218.8429718017578	
191.1155548095703	56.9542236328125	140.1287841796875	216.1541748046875	
187.3135528564453	58.343955993652344	141.2877960205078	213.3298797607422	
188.5787811279297	57.97249221801758	138.63833618164062	213.7704620361328	
181.04336547851562	58.93806838989258	137.28097534179688	213.38992309570312	
182.97213745117188	56.78314208984375	141.7508087158203	216.9888458251953	
178.3034210205078	54.289093017578125	139.72158813476562	220.3719940185547	
181.36080932617188	57.89191818237305	140.48013305664062	215.1929931640625	
181.18313598632812	58.023582458496094	143.8026123046875	216.38296508789062	
178.50753784179688	54.50445556640625	142.45489501953125	219.3413848876953	
180.7482452392578	53.51789474487305	140.67666625976562	222.22763061523438	
182.20542907714844	49.56487274169922	142.07965087890625	226.7220001220703	
182.7488555908203	52.920616149902344	151.80685424804688	223.2113494873047	
180.5945587158203	52.50372314453125	151.9461212158203	224.0882568359375	
183.19601440429688	49.69926071166992	154.89932250976562	225.630615234375	
183.46353149414062	51.22417068481445	156.06060791015625	225.02572631835938	
183.08541870117188	49.596702575683594	151.68508911132812	226.6105194091797	
184.42359924316406	52.51072311401367	154.377685546875	219.99935913085938	
184.12515258789062	50.1983528137207	152.7508544921875	224.32421875	
184.6614990234375	50.25511932373047	149.5317840576172	223.7892303466797	
188.0348358154297	52.683738708496094	146.77688598632812	219.3019256591797	
190.9258575439453	52.753135681152344	145.35598754882812	221.6161651611328	
191.51931762695312	52.53629684448242	144.65774536132812	224.4627227783203	
192.56478881835938	53.91845703125	145.3694610595703	223.2305450439453	
190.4732666015625	54.188758850097656	145.01670837402344	218.36572265625	
192.3384552001953	52.739234924316406	142.4462432861328	222.59664916992188	
190.6896209716797	55.16511154174805	146.01980590820312	215.43942260742188	
192.02334594726562	54.619606018066406	143.4232940673828	219.1988067626953	
191.5219268798828	54.4692268371582	144.58248901367188	221.1793212890625	
190.91665649414062	52.76593017578125	146.13365173339844	223.230712890625	
189.55349731445312	54.91298294067383	144.76254272460938	218.0836181640625	
188.66989135742188	53.442352294921875	146.4545440673828	220.06082153320312	
190.18174743652344	54.08098602294922	146.81463623046875	220.14456176757812	
189.73568725585938	55.7873420715332	144.714599609375	215.90853881835938	
189.96876525878906	54.459007263183594	145.0257568359375	220.03598022460938	
190.06747436523438	53.43182373046875	146.13607788085938	220.73876953125	
190.9296417236328	55.87018966674805	146.13198852539062	217.93832397460938	
189.46607971191406	55.18168258666992	147.7229461669922	218.9928436279297	
188.75462341308594	54.961524963378906	145.11279296875	218.0865936279297	
189.47830200195312	55.2475700378418	145.3162841796875	217.2667999267578	
188.6341552734375	54.7198371887207	148.64588928222656	217.69674682617188	
190.59146118164062	54.21415328979492	146.03244018554688	217.00765991210938	
189.2799072265625	54.69904327392578	148.67080688476562	218.73275756835938	
189.73043823242188	54.83317947387695	147.321044921875	218.36557006835938	
188.36111450195312	54.54765701293945	146.18589782714844	216.57992553710938	
189.5843963623047	54.92118453979492	145.5120391845703	218.4894561767578	
190.3882598876953	55.236663818359375	146.28036499023438	219.0338897705078	
191.24537658691406	53.981163024902344	146.0792694091797	219.4575958251953	
189.6177520751953	54.22954177856445	148.00828552246094	221.03567504882812	
188.84054565429688	54.36394500732422	147.83355712890625	221.12130737304688	
189.2593994140625	55.75379180908203	148.68698120117188	217.76388549804688	
189.49021911621094	55.20515060424805	149.12767028808594	219.6172332763672	
190.48690795898438	54.2855224609375	145.7484130859375	218.7525177001953	
190.2840576171875	54.2310676574707	147.0826416015625	217.2623748779297	
189.1748809814453	55.06541061401367	146.8363494873047	216.93106079101562	
189.23654174804688	54.910858154296875	147.11024475097656	217.2106170654297	
190.23031616210938	54.58589553833008	145.74560546875	217.6392364501953	
190.73553466796875	54.609107971191406	146.1165008544922	216.82861328125	
189.79644775390625	54.72496795654297	148.30628967285156	215.5738983154297	
187.27529907226562	55.46156692504883	150.87855529785156	216.46310424804688	
187.57467651367188	54.09492111206055	150.39370727539062	219.53524780273438	
188.4344482421875	55.49007034301758	147.7974090576172	216.595458984375	
189.17677307128906	53.168731689453125	145.53041076660156	220.65869140625	
189.57359313964844	54.93115234375	145.74264526367188	219.9142608642578	
191.47183227539062	54.16449737548828	145.54774475097656	220.53378295898438	
191.15379333496094	52.89326095581055	147.42787170410156	220.6909637451172	
190.88954162597656	54.141624450683594	146.3732452392578	220.50967407226562	
188.90365600585938	56.26885223388672	146.92910766601562	213.07666015625	
189.5720977783203	55.12268829345703	148.4818572998047	217.41531372070312	
190.69473266601562	56.8150520324707	144.1926727294922	216.0987548828125	
190.00509643554688	53.782859802246094	147.2958221435547	220.3527374267578	
188.6691131591797	55.2870979309082	147.93060302734375	219.7464141845703	
187.96090698242188	55.01188278198242	148.83041381835938	215.8784637451172	
188.79153442382812	53.95192337036133	146.8146209716797	218.11264038085938	
188.7225341796875	53.8088264465332	148.95591735839844	222.4842071533203	
190.90469360351562	54.698516845703125	145.43124389648438	220.5853271484375	
190.91961669921875	53.68943405151367	146.2879180908203	223.0433349609375	
188.02685546875	54.7014274597168	148.62002563476562	217.1001434326172	
190.3641815185547	54.241355895996094	146.60153198242188	219.8134002685547	
189.6278533935547	53.79320526123047	147.71328735351562	221.26321411132812	
189.42098999023438	55.678436279296875	146.26817321777344	216.40377807617188	
188.7469940185547	55.145912170410156	148.9309844970703	216.19937133789062	
189.59507751464844	54.4198112487793	145.30081176757812	217.3134765625	
188.9780731201172	54.7151985168457	142.850341796875	214.45736694335938	
188.80532836914062	54.95854568481445	147.3638458251953	216.25732421875	
188.4375457763672	53.93037033081055	149.4490509033203	218.8812713623047	
190.79898071289062	55.783363342285156	146.02488708496094	217.5676727294922	
191.43505859375	53.20062255859375	147.09182739257812	223.12637329101562	
189.4998779296875	52.245452880859375	146.6343536376953	218.71826171875	
189.70982360839844	54.14902877807617	146.98501586914062	219.1934356689453	
191.33920288085938	53.521644592285156	146.55404663085938	218.78695678710938	
190.498046875	52.54630661010742	147.99961853027344	222.5185546875	
188.91287231445312	51.29777908325195	149.39297485351562	221.7604217529297	
190.73184204101562	51.9568977355957	145.6901397705078	221.77731323242188	
190.68649291992188	51.2708740234375	150.03526306152344	223.812255859375	
191.7295684814453	51.84697341918945	146.4193878173828	223.73599243164062	
190.03726196289062	50.39080047607422	148.85836791992188	224.8894805908203	
189.46986389160156	50.29621124267578	148.88821411132812	225.69662475585938	
189.1597137451172	51.999542236328125	149.8054656982422	220.8266143798828	
189.2066650390625	51.326011657714844	147.03353881835938	221.24032592773438	
189.1349639892578	50.43730545043945	148.7998809814453	225.2826690673828	
190.33969116210938	51.785980224609375	145.8562469482422	220.20724487304688	
189.8243865966797	52.02055740356445	149.26123046875	218.20114135742188	
189.03857421875	50.696372985839844	148.98194885253906	222.0767059326172	
189.2177734375	51.30559539794922	147.66207885742188	222.6739044189453	
189.15225219726562	50.14113235473633	147.26901245117188	223.0193634033203	
188.2851104736328	50.885093688964844	149.47032165527344	221.4736328125	
188.0494842529297	50.343040466308594	148.5010986328125	223.13247680664062	
187.3642578125	52.09938430786133	148.7224578857422	217.0626678466797	
188.89443969726562	51.832763671875	148.01950073242188	217.4784698486328	
188.12698364257812	51.44352340698242	148.81651306152344	218.1189422607422	
189.09786987304688	50.35554885864258	147.25999450683594	220.50180053710938	
189.7715301513672	50.943538665771484	146.5878143310547	224.6553955078125	
188.7872772216797	53.38859939575195	145.6461639404297	218.56820678710938	
189.66476440429688	51.97863006591797	144.77853393554688	217.91281127929688	
190.65252685546875	50.2653923034668	144.03497314453125	226.274658203125	
190.2269744873047	51.24089431762695	145.27041625976562	224.8193817138672	
189.84632873535156	51.591636657714844	146.71575927734375	221.2932891845703	
189.96615600585938	50.407623291015625	145.34974670410156	224.3516845703125	
189.91412353515625	50.4516716003418	145.312744140625	224.78195190429688	
189.7129364013672	50.14200973510742	146.2526092529297	227.4216766357422	
189.0523223876953	51.80500411987305	148.52139282226562	221.36642456054688	
187.89779663085938	49.77886199951172	147.76217651367188	226.5789031982422	
190.59536743164062	53.791542053222656	140.96434020996094	218.4547882080078	
188.74102783203125	51.243011474609375	147.20394897460938	221.85189819335938	
189.33718872070312	51.37141799926758	143.25668334960938	220.68441772460938	
188.5107879638672	51.10774612426758	145.49240112304688	220.1554412841797	
189.4551239013672	50.415367126464844	143.01638793945312	223.92330932617188	
188.95095825195312	52.30607986450195	144.9563446044922	222.5225067138672	
189.0823516845703	51.121376037597656	143.7996368408203	220.6402587890625	
189.33926391601562	52.58576583862305	142.0741729736328	219.28439331054688	
189.8944549560547	52.052833557128906	144.09323120117188	220.7197265625	
189.537353515625	52.002967834472656	145.8790740966797	219.19638061523438	
188.52206420898438	51.99100875854492	145.3847198486328	220.10079956054688	
187.9166717529297	52.205955505371094	148.6078338623047	218.4911346435547	
190.42771911621094	51.9943733215332	144.3448028564453	219.5333709716797	
189.36416625976562	51.7356071472168	146.24032592773438	223.05126953125	
189.3986053466797	51.924278259277344	146.05709838867188	217.75033569335938	
188.58279418945312	52.0233268737793	143.42562866210938	218.47317504882812	
188.6321258544922	51.00041580200195	146.120849609375	220.383544921875	
188.9747772216797	52.26911544799805	144.921630859375	217.1794891357422	
189.28602600097656	50.71571731567383	145.188720703125	223.7973175048828	
188.44375610351562	52.871665954589844	144.51446533203125	216.76492309570312	
189.2724609375	51.37786865234375	145.6365966796875	221.855712890625	
189.4241485595703	50.07553482055664	144.62655639648438	223.460205078125	
190.30819702148438	51.12431716918945	144.00775146484375	223.28079223632812	
188.62100219726562	50.82942581176758	147.5485076904297	221.2518310546875	
189.80906677246094	51.9051513671875	146.6201171875	220.04299926757812	
190.27459716796875	50.631683349609375	143.68142700195312	224.37490844726562	
189.34925842285156	52.00708770751953	145.84521484375	218.9968719482422	
189.2624969482422	49.00215530395508	145.43252563476562	225.3759765625	
191.71420288085938	50.67421340942383	142.3660888671875	219.8178253173828	
189.90330505371094	52.05498123168945	144.9250946044922	222.05154418945312	
188.79461669921875	52.42742919921875	146.23580932617188	220.4476318359375	
189.8535614013672	51.484642028808594	145.70892333984375	219.95370483398438	
189.0619354248047	50.68360137939453	146.29263305664062	217.83572387695312	
190.11326599121094	51.22626876831055	144.0795440673828	221.03872680664062	
189.96607971191406	51.51482391357422	143.48892211914062	219.05795288085938	
189.1255340576172	51.81512451171875	145.56460571289062	219.3865509033203	
189.59182739257812	50.442832946777344	145.44497680664062	222.9471893310547	
190.1349639892578	50.7470817565918	142.58721923828125	224.7967987060547	
190.46673583984375	51.31782913208008	143.26815795898438	220.82791137695312	
191.7952117919922	51.95258712768555	142.50320434570312	220.95803833007812	
188.86050415039062	49.92509841918945	147.28582763671875	226.91983032226562	
188.5847930908203	51.07175064086914	144.42648315429688	224.78128051757812	
187.9977264404297	50.48654556274414	148.14944458007812	226.3024444580078	
188.66558837890625	52.017051696777344	146.58316040039062	219.26083374023438	
188.22406005859375	51.47748947143555	147.2069854736328	222.7669219970703	
189.0384979248047	50.080039978027344	145.04190063476562	223.1441192626953	
188.72305297851562	51.023216247558594	144.92787170410156	220.56710815429688	
188.16268920898438	50.538963317871094	145.97816467285156	220.58969116210938	
189.33229064941406	51.89548873901367	144.32566833496094	220.3931884765625	
189.80609130859375	54.26081466674805	143.6349334716797	217.72738647460938	
191.4464569091797	55.02033233642578	141.603271484375	216.7977294921875	
191.0772247314453	54.114830017089844	143.8729705810547	217.97964477539062	
191.1058349609375	53.61090087890625	142.48361206054688	220.1317901611328	
191.22695922851562	54.323699951171875	142.768310546875	216.8053436279297	
192.0082244873047	52.817054748535156	142.770263671875	222.5557403564453	
191.83969116210938	52.086936950683594	142.55140686035156	224.68484497070312	
188.7291717529297	53.1115608215332	142.80313110351562	220.9783172607422	
190.90664672851562	53.67152786254883	143.74435424804688	220.85546875	
191.73715209960938	54.106666564941406	142.8492431640625	222.18795776367188	
191.82623291015625	52.581642150878906	141.72422790527344	222.92648315429688	
191.92080688476562	54.31264114379883	143.25460815429688	217.448486328125	
192.79913330078125	54.65278244018555	140.04513549804688	218.32955932617188	
192.03392028808594	54.00019073486328	141.385009765625	218.57052612304688	
193.0204620361328	54.83286666870117	137.75442504882812	214.6640167236328	
192.78173828125	56.179725646972656	139.36563110351562	210.60940551757812	
193.4976043701172	54.87272262573242	138.86666870117188	215.5546417236328	
191.48373413085938	54.826820373535156	141.0615234375	212.5467529296875	
192.60104370117188	53.692970275878906	140.6544189453125	220.10165405273438	
192.27963256835938	55.84830856323242	140.57919311523438	214.37710571289062	
193.55157470703125	54.61772918701172	139.86465454101562	217.31643676757812	
192.41854858398438	55.177459716796875	140.42654418945312	214.081787109375	
193.38531494140625	53.954002380371094	138.30615234375	215.2461395263672	
194.10202026367188	54.853057861328125	137.56259155273438	216.5054168701172	
193.91714477539062	54.56553268432617	138.2194061279297	212.2083740234375	
194.40850830078125	53.782203674316406	138.80552673339844	217.18496704101562	
193.4764404296875	53.8964958190918	138.35789489746094	216.53189086914062	
194.3153533935547	53.69453048706055	137.08651733398438	214.366943359375	
195.06607055664062	53.280487060546875	138.7930145263672	218.5001983642578	
194.6896514892578	51.72179412841797	138.71534729003906	223.61239624023438	
192.95867919921875	52.57319259643555	141.06265258789062	218.5880584716797	
194.20565795898438	52.43684768676758	140.65402221679688	224.11569213867188	
196.1158447265625	51.3134651184082	137.66659545898438	223.2786102294922	
194.23651123046875	50.73413848876953	139.79708862304688	224.2700958251953	
194.61386108398438	51.30150604248047	139.675048828125	223.137939453125	
196.26963806152344	47.63917541503906	137.07244873046875	230.63412475585938	
195.65609741210938	49.6185302734375	139.2071990966797	227.2591552734375	
195.87655639648438	49.291595458984375	139.15560913085938	229.7322540283203	
197.27114868164062	49.797821044921875	137.56759643554688	226.786376953125	
194.5186004638672	48.47258758544922	141.0065155029297	229.6580047607422	
195.302001953125	49.531551361083984	140.18569946289062	225.0050506591797	
195.5205841064453	50.06207275390625	138.43417358398438	223.2788848876953	
196.2503662109375	51.024871826171875	137.21652221679688	219.6777801513672	
195.5187225341797	53.75273513793945	136.1030731201172	218.0072784423828	
196.0469970703125	54.80674362182617	132.98089599609375	210.823486328125	
195.7893829345703	53.512901306152344	134.0335693359375	218.8118133544922	
195.22537231445312	52.892822265625	136.2068328857422	221.74844360351562	
197.02328491210938	52.1031608581543	132.75238037109375	223.5153350830078	
196.1203155517578	50.60407638549805	134.50296020507812	226.2019805908203	
196.4093475341797	51.82039260864258	131.15670776367188	220.91796875	
196.03018188476562	51.03718948364258	132.45407104492188	222.6056365966797	
196.16162109375	50.22210693359375	134.21994018554688	225.8645782470703	
195.5812530517578	49.62480926513672	133.59054565429688	227.63668823242188	
195.4741973876953	51.69797897338867	132.60360717773438	221.130859375	
196.37478637695312	51.702186584472656	132.79769897460938	222.45663452148438	
197.7046356201172	51.2447395324707	133.37835693359375	226.3011474609375	
197.57167053222656	53.1898193359375	130.9525604248047	221.71969604492188	
195.6187286376953	53.542083740234375	131.65147399902344	219.72683715820312	
195.53170776367188	52.375030517578125	130.51443481445312	219.8646697998047	
196.36050415039062	53.08588409423828	132.12240600585938	221.83395385742188	
197.39732360839844	52.84626388549805	130.45953369140625	221.9730224609375	
199.5193328857422	51.864013671875	129.10726928710938	223.28842163085938	
196.8612518310547	53.02980422973633	130.7278289794922	220.2805633544922	
194.8717041015625	53.34351348876953	130.44285583496094	216.35208129882812	
196.77049255371094	53.46027755737305	131.095703125	220.51443481445312	
195.17543029785156	52.134254455566406	132.398681640625	218.96139526367188	
199.2189483642578	53.028419494628906	130.36053466796875	219.44650268554688	
199.27047729492188	52.74116897583008	130.058349609375	221.41799926757812	
192.98287963867188	51.431182861328125	131.7650146484375	214.56936645507812	
193.6160430908203	52.15605545043945	132.4351348876953	214.6985321044922	
193.8043975830078	52.0755500793457	130.0874481201172	218.41677856445312	
193.8760986328125	51.957977294921875	129.9292755126953	218.4462890625	
195.947998046875	51.93764114379883	128.52658081054688	220.9645233154297	
196.05970764160156	51.82592010498047	130.7412567138672	216.3162078857422	
199.83531188964844	51.95551681518555	127.732421875	221.94296264648438	
192.06710815429688	51.76300048828125	131.38009643554688	218.83468627929688	
192.3693389892578	50.84770584106445	130.29403686523438	216.0885467529297	
199.3780517578125	51.51630401611328	127.21728515625	221.8063201904297	
194.21237182617188	51.38591766357422	128.91940307617188	218.10556030273438	
196.5678253173828	49.56599426269531	128.6881866455078	220.27780151367188	
193.97171020507812	51.92914962768555	128.31533813476562	214.0812530517578	
194.5984344482422	51.535369873046875	128.253173828125	214.29202270507812	
195.4016876220703	51.73359298706055	128.22189331054688	219.7949981689453	
194.5062713623047	53.060791015625	127.1163101196289	215.40567016601562	
194.92604064941406	52.51397705078125	127.6330337524414	211.7281036376953	
196.2376708984375	51.80744552612305	127.98995208740234	217.3629913330078	
193.25765991210938	52.17625045776367	126.00492858886719	213.4056854248047	
195.57211303710938	52.08715057373047	125.20462799072266	212.9665069580078	
195.14889526367188	51.7381706237793	126.38441467285156	219.06723022460938	
195.5552978515625	49.92717742919922	128.0518798828125	223.52957153320312	
193.55538940429688	51.6225700378418	128.44589233398438	219.4193878173828	
193.6931915283203	50.971656799316406	128.4368438720703	218.5346221923828	
195.02700805664062	51.433837890625	128.48837280273438	219.2015838623047	
194.7438201904297	50.782142639160156	127.714599609375	218.21731567382812	
194.58468627929688	50.67334747314453	127.8880844116211	221.73361206054688	
194.85093688964844	50.388832092285156	128.70701599121094	218.852783203125	
194.48971557617188	50.54612350463867	129.30364990234375	222.7373046875	
194.06643676757812	50.63893508911133	129.37478637695312	221.89328002929688	
194.2138214111328	50.473472595214844	130.40530395507812	224.8407745361328	
192.0359344482422	50.9620475769043	129.44943237304688	222.280517578125	
191.301025390625	51.41465377807617	130.97979736328125	221.55966186523438	
191.5623016357422	52.000022888183594	130.677978515625	220.9775848388672	
189.52822875976562	51.39716339111328	132.59840393066406	223.02651977539062	
189.93487548828125	51.059539794921875	131.79762268066406	222.9196319580078	
194.64120483398438	51.29799270629883	130.7862091064453	224.92398071289062	
191.86805725097656	50.032997131347656	132.9330291748047	225.91201782226562	
185.84512329101562	49.8270378112793	137.17227172851562	222.88278198242188	
184.35494995117188	49.10108947753906	136.0496826171875	223.69589233398438	
183.02169799804688	50.61255645751953	138.13949584960938	218.66445922851562	
187.90359497070312	49.305633544921875	134.49319458007812	224.44143676757812	
188.63270568847656	50.55400466918945	132.52027893066406	223.4813690185547	
191.035400390625	48.67047119140625	131.5345001220703	219.5744171142578	
191.56100463867188	50.187416076660156	128.9999542236328	218.70071411132812	
194.9672088623047	48.874183654785156	128.39459228515625	221.8881378173828	
192.55442810058594	49.11199188232422	128.3748779296875	224.8607635498047	
193.20663452148438	48.483116149902344	127.7867202758789	223.7108154296875	
194.52835083007812	49.28706359863281	129.27651977539062	222.0785369873047	
192.28915405273438	47.97445297241211	129.7088623046875	221.8256072998047	
193.96438598632812	48.17616653442383	127.7201156616211	221.97509765625	
195.32276916503906	50.38732147216797	127.25386810302734	216.15689086914062	
194.5489044189453	51.36731719970703	130.00991821289062	218.97927856445312	
194.2344207763672	49.88697052001953	132.77255249023438	222.848388671875	
193.79441833496094	52.870452880859375	133.17825317382812	222.2406463623047	
191.87875366210938	51.36328125	134.79847717285156	219.2368927001953	
193.70382690429688	51.5872917175293	134.6938934326172	222.67391967773438	
