294.0	125.0	60.0	95.0	
302.5719909667969	129.00177001953125	60.19749069213867	95.31269073486328	
312.9474792480469	126.7407455444336	62.44752883911133	98.875244140625	
346.4730529785156	130.01895141601562	65.92732238769531	104.38492584228516	
349.82806396484375	112.4598617553711	64.45698547363281	102.05687713623047	
343.9335021972656	131.80392456054688	63.091529846191406	99.8948974609375	
342.75811767578125	138.9571990966797	64.1785888671875	101.61607360839844	
362.283447265625	115.65956115722656	64.89839172363281	102.7557601928711	
339.8072814941406	137.81809997558594	64.87556457519531	102.71961975097656	
369.9384765625	103.6346664428711	65.77318572998047	104.14085388183594	
453.6686096191406	74.67730712890625	67.52999114990234	106.9224624633789	
477.55548095703125	201.4628143310547	68.88909149169922	109.07437896728516	
475.1260681152344	197.42648315429688	73.74787902832031	116.7674560546875	
474.8304138183594	197.32022094726562	74.12184143066406	117.35955810546875	
474.4365234375	196.67465209960938	74.93727111816406	118.65065002441406	
474.2076110839844	196.2747344970703	75.44245910644531	119.4505386352539	
473.73309326171875	195.5233154296875	76.39161682128906	120.953369140625	
474.38519287109375	196.5753936767578	75.06266784667969	118.84920501708984	
474.15203857421875	196.0740966796875	75.6958999633789	119.85182189941406	
476.66778564453125	200.0573272705078	70.66446685791016	111.88539123535156	
477.99859619140625	202.16445922851562	68.00279235839844	107.67108154296875	
393.6067810058594	120.8293685913086	79.61585235595703	98.37287902832031	
452.0243225097656	116.93709564208984	70.1213150024414	111.0254135131836	
402.47607421875	134.36691284179688	76.97333526611328	91.48483276367188	
401.8705139160156	112.72977447509766	70.34004974365234	111.37174987792969	
382.72100830078125	174.09957885742188	75.24772644042969	64.36021423339844	
401.12860107421875	102.1668930053711	71.32608795166016	112.9329833984375	
362.8604431152344	166.90121459960938	65.9800796508789	68.69022369384766	
343.9664001464844	100.13855743408203	70.90377044677734	112.2643051147461	
384.71063232421875	51.848907470703125	71.04341125488281	112.48539733886719	
388.3714904785156	43.271297454833984	68.88334655761719	109.06529235839844	
419.84246826171875	27.0347843170166	68.7693862915039	108.88484954833984	
378.034423828125	12.303954124450684	71.27577209472656	112.85330963134766	
377.021728515625	61.08758544921875	71.46014404296875	113.14522552490234	
349.0627136230469	54.02379608154297	72.09284973144531	114.1469955444336	
326.2331237792969	15.786392211914062	71.5993881225586	113.36568450927734	
285.8990478515625	35.02896499633789	75.0244140625	118.78865051269531	
286.16326904296875	22.457015991210938	74.19427490234375	117.4742660522461	
307.5302734375	62.29253387451172	71.42631530761719	113.09165954589844	
272.8253173828125	53.28682327270508	73.04153442382812	115.64909362792969	
252.11904907226562	44.30674362182617	71.35443878173828	112.97785949707031	
208.16677856445312	40.49954605102539	72.67088317871094	115.0622329711914	
172.4656219482422	62.91193389892578	71.2823257446289	112.86368560791016	
44.95862579345703	106.8215560913086	69.65000915527344	110.27919006347656	
-17.94760513305664	58.095130920410156	72.92718505859375	115.4680404663086	
-10.22786808013916	94.67164611816406	71.5959243774414	113.3602066040039	
-19.422311782836914	68.32426452636719	72.66819763183594	115.05796813964844	
-19.55068588256836	65.77948760986328	72.76106262207031	115.20499420166016	
-17.576526641845703	46.91193389892578	72.51459503173828	114.81475830078125	
-18.945032119750977	71.46163940429688	74.86457824707031	118.53556060791016	
-19.683246612548828	64.67762756347656	77.1795425415039	122.200927734375	
-19.926591873168945	25.01167869567871	76.01313781738281	120.3541259765625	
-22.66042137145996	42.697471618652344	76.63795471191406	121.3434066772461	
-23.027694702148438	15.17132568359375	78.8597412109375	124.8612289428711	
68.66148376464844	19.84889793395996	78.739013671875	124.6700668334961	
74.4305648803711	62.7639045715332	78.82866668701172	124.81202697753906	
149.4854736328125	68.72555541992188	80.12982177734375	126.87217712402344	
226.0361328125	64.21562957763672	76.31654357910156	120.83447265625	
238.54489135742188	83.39775085449219	76.07280731201172	120.44856262207031	
241.2770538330078	111.8400650024414	76.13188934326172	120.54212951660156	
244.6498260498047	116.25868225097656	75.05577087402344	118.83827209472656	
329.71478271484375	52.6141242980957	73.62031555175781	116.56546783447266	
395.7148132324219	67.66444396972656	75.01956939697266	118.78094482421875	
396.4940185546875	49.2109260559082	75.76336669921875	119.95863342285156	
417.28466796875	42.49567413330078	75.28953552246094	119.20841217041016	
384.20770263671875	76.42584228515625	74.63510131835938	118.17222595214844	
342.0852355957031	111.521484375	79.29447937011719	125.5495834350586	
307.2227783203125	120.09901428222656	81.1344223022461	128.46282958984375	
345.30517578125	117.71882629394531	82.47930145263672	130.5922393798828	
374.7200622558594	120.399658203125	81.66220092773438	129.2985076904297	
347.49090576171875	87.49813842773438	81.93385314941406	129.72862243652344	
414.9806213378906	123.1906967163086	82.75907897949219	131.0352325439453	
345.84112548828125	73.20016479492188	84.18280792236328	133.28945922851562	
317.7330322265625	64.75386810302734	84.92739868164062	134.46841430664062	
346.36614990234375	92.97931671142578	85.11656188964844	134.76791381835938	
327.03570556640625	79.7497787475586	84.98570251464844	134.56072998046875	
304.6932373046875	71.02253723144531	85.06878662109375	134.69227600097656	
361.6508483886719	51.806846618652344	83.76486206054688	132.62771606445312	
368.48870849609375	63.85420608520508	85.68452453613281	135.6671905517578	
346.45489501953125	56.342140197753906	86.6081314086914	137.12957763671875	
310.89312744140625	75.0206527709961	86.90272521972656	137.5960235595703	
334.28033447265625	67.08079528808594	86.19334411621094	136.4728240966797	
369.41131591796875	51.60039138793945	84.14707946777344	133.23291015625	
310.38043212890625	117.6139907836914	85.37965393066406	135.18447875976562	
319.6093444824219	115.6880874633789	85.19879150390625	134.89810180664062	
338.12481689453125	107.46671295166016	84.93731689453125	134.48411560058594	
323.0828552246094	111.728759765625	84.10826873779297	133.17144775390625	
317.5992431640625	95.0396957397461	85.86222076416016	135.9485321044922	
330.53558349609375	95.52775573730469	84.31006622314453	133.490966796875	
336.4352722167969	79.5041732788086	83.4760513305664	132.17044067382812	
342.54327392578125	82.19571685791016	82.04144287109375	129.8989715576172	
351.30938720703125	91.8551025390625	81.34627532958984	128.7982940673828	
354.429443359375	96.0185546875	77.66273498535156	122.96602630615234	
344.53570556640625	61.020652770996094	77.74717712402344	123.0997314453125	
332.20123291015625	67.22978973388672	77.44823455810547	122.62641906738281	
341.4125061035156	61.81232833862305	77.47218322753906	122.66434478759766	
363.5626525878906	62.656166076660156	75.36772155761719	119.332275390625	
339.02850341796875	56.6990852355957	77.70516204833984	123.0332260131836	
333.39923095703125	55.80926513671875	80.73890686035156	127.8366470336914	
313.57049560546875	48.68098831176758	84.20760345458984	133.32875061035156	
299.6426086425781	41.681949615478516	86.3404541015625	136.70578002929688	
291.42791748046875	37.36899185180664	84.43653869628906	133.6912384033203	
285.667236328125	51.56609344482422	81.97809600830078	129.7987060546875	
278.2762756347656	50.3231086730957	80.17900848388672	126.95014953613281	
268.6952209472656	51.75517654418945	79.49724578857422	125.87068939208984	
249.6851348876953	76.90162658691406	78.81251525878906	124.7865219116211	
284.71881103515625	37.1907844543457	79.65792846679688	126.12508392333984	
300.7948303222656	41.011680603027344	78.14219665527344	123.72517395019531	
270.66497802734375	74.89684295654297	77.97483825683594	123.4601821899414	
266.9492492675781	39.238731384277344	78.66011810302734	124.54520416259766	
294.16802978515625	35.279170989990234	75.82024383544922	120.0487289428711	
245.6717071533203	65.8650894165039	77.19987487792969	122.233154296875	
289.7506408691406	54.378753662109375	76.21112060546875	120.6676254272461	
317.4977111816406	77.20845031738281	78.31614685058594	124.00057220458984	
398.3561706542969	30.530933380126953	76.7835693359375	121.57398986816406	
396.83721923828125	33.788124084472656	75.23768615722656	119.1263427734375	
421.95208740234375	63.52648162841797	73.97823333740234	117.13221740722656	
410.7425842285156	90.44877624511719	73.35539245605469	116.14607238769531	
385.0992126464844	96.58072662353516	72.09170532226562	114.14522552490234	
408.9423522949219	37.73286437988281	74.9957504272461	118.74330139160156	
335.2915954589844	53.520469665527344	72.81665802001953	115.2930679321289	
409.7168884277344	98.2059326171875	72.84810638427734	115.3428726196289	
414.8765563964844	24.76657485961914	70.97248840332031	112.3731460571289	
412.795166015625	43.74604034423828	70.23624420166016	111.2074203491211	
409.86474609375	31.050167083740234	71.90611267089844	113.85139465332031	
386.2149353027344	97.04013061523438	73.22300720214844	115.9365005493164	
389.42291259765625	61.09044647216797	71.5423583984375	113.27546691894531	
388.15789794921875	31.180822372436523	73.10466003417969	115.7491226196289	
350.67620849609375	70.61250305175781	71.89922332763672	113.84051513671875	
403.97821044921875	90.99420928955078	74.53550720214844	118.01463317871094	
383.80645751953125	97.33760833740234	78.95430755615234	125.01106262207031	
313.6870422363281	95.56794738769531	79.52022552490234	125.90708923339844	
385.7315368652344	68.40797424316406	78.35710906982422	124.06550598144531	
412.0341796875	84.90165710449219	78.77384948730469	124.72535705566406	
407.59881591796875	84.8667221069336	78.60179138183594	124.45291900634766	
414.98687744140625	87.63032531738281	78.72090148925781	124.64151763916016	
413.63031005859375	88.19032287597656	78.5324478149414	124.34312438964844	
391.71954345703125	95.92909240722656	78.3359146118164	124.0319595336914	
412.1373596191406	82.85816192626953	76.57103729248047	121.2375717163086	
413.2225036621094	88.458251953125	76.6751937866211	121.4024887084961	
420.96484375	74.68942260742188	74.49613189697266	117.9522933959961	
409.43292236328125	31.505779266357422	76.15973663330078	120.5863265991211	
408.37164306640625	76.18394470214844	74.5013198852539	117.96049499511719	
397.49322509765625	54.738563537597656	72.55587768554688	114.88021087646484	
414.5220642089844	49.675201416015625	71.94551086425781	113.9137954711914	
419.3504943847656	82.75591278076172	73.12379455566406	115.77940368652344	
390.980712890625	43.047706604003906	72.96044158935547	115.52076721191406	
424.203857421875	64.07463073730469	72.04642486572266	114.07357025146484	
421.87103271484375	63.99324417114258	71.01192474365234	112.43562316894531	
415.92529296875	87.38330078125	71.58396911621094	113.34135437011719	
418.578857421875	88.8922119140625	71.59408569335938	113.35737609863281	
423.1607360839844	100.4748764038086	70.68416595458984	111.91667175292969	
398.3519592285156	53.924034118652344	69.24888610839844	109.6441421508789	
409.7345275878906	24.033109664916992	69.28614807128906	109.703125	
413.5796813964844	35.832618713378906	66.65983581542969	105.54478454589844	
421.28155517578125	28.568288803100586	66.27597045898438	104.93699645996094	
362.16741943359375	78.76658630371094	66.01529693603516	104.5242691040039	
368.0938415527344	51.3607063293457	66.00531768798828	104.50846862792969	
387.8424987792969	102.97959899902344	63.79645538330078	101.01109313964844	
374.5262145996094	87.13438415527344	65.09461975097656	103.0665283203125	
395.41461181640625	35.79920196533203	64.32191467285156	101.84306335449219	
383.2481689453125	26.05923080444336	65.80764770507812	104.19548034667969	
335.6289978027344	108.3098373413086	67.63957977294922	107.0960464477539	
402.2528076171875	92.53265380859375	67.51778411865234	106.90321350097656	
351.3318786621094	95.86590576171875	68.298583984375	108.13948822021484	
345.5528259277344	117.25022888183594	67.85877990722656	107.4431381225586	
310.4710693359375	68.13563537597656	67.28147888183594	106.52906799316406	
327.68914794921875	78.50125885009766	67.74406433105469	107.26148986816406	
425.89910888671875	27.036922454833984	69.41202545166016	109.90242004394531	
380.08013916015625	81.97181701660156	68.4658432006836	108.404296875	
398.955810546875	47.272308349609375	68.39039611816406	108.28483581542969	
423.9361267089844	21.738950729370117	67.2000503540039	106.40010833740234	
415.9765625	27.864971160888672	66.28400421142578	104.94969177246094	
376.1134338378906	73.19627380371094	67.58952331542969	107.0167465209961	
371.98321533203125	54.6942138671875	67.04805755615234	106.159423828125	
421.601806640625	18.140127182006836	66.24440002441406	104.8869857788086	
359.0439758300781	68.8222427368164	65.05326843261719	103.00102233886719	
376.891845703125	41.348636627197266	65.3415298461914	103.45744323730469	
369.6312255859375	34.71923828125	66.93632507324219	105.98252868652344	
333.57977294921875	56.3115119934082	64.60055541992188	102.28422546386719	
316.0260009765625	77.16783905029297	65.04156494140625	102.98249816894531	
410.11419677734375	36.358360290527344	65.75128173828125	104.10621643066406	
425.6702575683594	43.89594650268555	67.21427154541016	106.42262268066406	
397.1446838378906	70.68391418457031	66.61065673828125	105.4668960571289	
404.06988525390625	34.22339630126953	66.11439514160156	104.68115234375	
419.5724182128906	48.798622131347656	63.33341598510742	100.2779312133789	
402.9996032714844	30.063648223876953	63.57221603393555	100.6560287475586	
399.39288330078125	41.034080505371094	62.593910217285156	99.10704040527344	
402.2792053222656	34.58292007446289	62.6397590637207	99.17964172363281	
392.885009765625	39.629093170166016	61.700775146484375	97.69291687011719	
407.03619384765625	67.13063049316406	59.47534942626953	94.16931915283203	
408.4054260253906	35.51408767700195	60.90180587768555	96.4278793334961	
416.4012145996094	48.77342987060547	62.14216995239258	98.39179229736328	
376.091796875	25.493755340576172	61.863502502441406	97.95057678222656	
349.7734069824219	66.71258544921875	59.889259338378906	94.82469177246094	
393.1788024902344	50.40591049194336	60.8255500793457	96.3071517944336	
377.6980895996094	20.08805274963379	60.826866149902344	96.30924224853516	
338.8560791015625	24.79259490966797	57.90839767456055	91.6883316040039	
369.5038757324219	21.26043701171875	57.09990692138672	90.40821838378906	
369.82318115234375	46.027523040771484	59.54679489135742	94.28245544433594	
351.1961364746094	65.38194274902344	57.45991134643555	90.97822570800781	
405.1104736328125	31.032344818115234	58.10371780395508	91.99757385253906	
389.6869201660156	23.252370834350586	57.69173049926758	91.34526062011719	
365.633056640625	17.057119369506836	57.889251708984375	91.65801239013672	
396.16741943359375	20.49857521057129	57.924346923828125	91.71357727050781	
390.2266540527344	34.857120513916016	58.74859619140625	93.01863861083984	
362.79632568359375	58.88618087768555	56.3836784362793	89.2741928100586	
366.10498046875	85.94490051269531	56.34206008911133	89.20829772949219	
387.1902160644531	52.18831253051758	56.47151565551758	89.41328430175781	
412.36865234375	33.10188674926758	56.30811309814453	89.15455627441406	
401.622802734375	64.88509368896484	55.241241455078125	87.46533966064453	
362.61846923828125	85.64299011230469	53.70795440673828	85.03763580322266	
409.0948181152344	36.583763122558594	56.220863342285156	89.01641845703125	
386.1446228027344	27.035655975341797	56.12809371948242	88.8695297241211	
389.38507080078125	26.83230209350586	57.6353759765625	91.25605773925781	
380.33294677734375	64.04328155517578	58.85346603393555	93.18470764160156	
371.1385192871094	44.294761657714844	59.38777542114258	94.03069305419922	
367.20928955078125	26.094310760498047	59.1960334777832	93.72709655761719	
366.9131774902344	37.399078369140625	58.6540641784668	92.86898040771484	
367.59893798828125	16.737773895263672	57.21026611328125	90.58296203613281	
344.01348876953125	57.540794372558594	55.468421936035156	87.8250503540039	
354.7044372558594	81.8363037109375	53.75775909423828	85.11649322509766	
373.7130432128906	60.394615173339844	53.873374938964844	85.29955291748047	
390.24261474609375	31.64229393005371	53.76686477661133	85.13090515136719	
410.47967529296875	37.545692443847656	55.349029541015625	87.63600158691406	
381.9156188964844	53.16143798828125	55.90708541870117	88.51959228515625	
375.65185546875	21.0915584564209	55.35515594482422	87.64570617675781	
375.0099792480469	37.09691619873047	55.546424865722656	87.94855499267578	
371.9043884277344	86.27505493164062	56.85142135620117	90.01480102539062	
377.86175537109375	65.03498077392578	55.13560104370117	87.29808807373047	
376.16949462890625	29.04085350036621	55.081756591796875	87.21284484863281	
366.96917724609375	61.59177780151367	55.69508743286133	88.18394470214844	
403.7632141113281	15.097051620483398	57.39514923095703	90.8757095336914	
415.9609375	59.8596305847168	58.5002326965332	92.62541961669922	
394.4416198730469	28.89235496520996	58.23283004760742	92.20203399658203	
402.4776916503906	51.41371536254883	59.388099670410156	94.03121185302734	
373.538818359375	25.43059539794922	57.62150192260742	91.23408508300781	
389.8740234375	27.851810455322266	58.66518020629883	92.8865737915039	
388.30487060546875	50.346229553222656	59.181396484375	93.70391082763672	
400.9683532714844	21.016891479492188	58.960350036621094	93.35391235351562	
389.68914794921875	35.62929153442383	61.44462966918945	97.28736877441406	
361.18023681640625	76.87709045410156	60.614646911621094	95.9732437133789	
358.3553161621094	77.36647033691406	58.61804962158203	92.81196594238281	
397.19964599609375	33.90489959716797	58.89231491088867	93.2462158203125	
354.9523010253906	80.51605224609375	59.528282165527344	94.25316619873047	
371.98455810546875	12.182656288146973	59.1314582824707	93.62486267089844	
386.2767333984375	18.879505157470703	57.46184539794922	90.98130798339844	
414.75701904296875	16.707605361938477	56.48024368286133	89.42709350585938	
382.9993591308594	20.91347312927246	58.46990203857422	92.57738494873047	
398.7552795410156	28.23672866821289	56.8115348815918	89.9516372680664	
354.88287353515625	79.65238952636719	57.196449279785156	90.56108093261719	
396.93963623046875	37.847129821777344	55.88951873779297	88.49177551269531	
402.3719177246094	26.4317569732666	57.09911346435547	90.40696716308594	
366.67987060546875	16.120012283325195	55.40612030029297	87.72639465332031	
342.55548095703125	74.59041595458984	56.187339782714844	88.96333312988281	
398.32830810546875	28.744281768798828	56.39698028564453	89.2952651977539	
383.0547790527344	37.629234313964844	56.474578857421875	89.41812896728516	
388.1211853027344	17.505321502685547	55.88129425048828	88.47876739501953	
381.9285583496094	21.389114379882812	55.060585021972656	87.17931365966797	
397.2351989746094	22.540203094482422	55.72877883911133	88.23728942871094	
403.55535888671875	30.113269805908203	55.686248779296875	88.16996002197266	
405.18280029296875	30.33905601501465	53.53411865234375	84.76241302490234	
378.1177673339844	25.00015640258789	53.899131774902344	85.3403549194336	
387.12860107421875	66.56316375732422	51.98405075073242	82.30814361572266	
402.24273681640625	29.983322143554688	53.715904235839844	85.05025482177734	
423.9805603027344	34.158348083496094	52.89996337890625	83.75834655761719	
416.95733642578125	32.63267135620117	52.52885818481445	83.17076110839844	
422.0318298339844	36.154151916503906	50.332271575927734	79.69282531738281	
428.48870849609375	34.17377471923828	49.08076095581055	77.71127319335938	
378.99090576171875	25.255558013916016	49.667076110839844	78.63960266113281	
402.28570556640625	28.0866756439209	49.65757751464844	78.62455749511719	
428.85772705078125	42.505828857421875	48.071250915527344	76.11286926269531	
434.73455810546875	34.60719299316406	47.60303497314453	75.37152862548828	
444.05609130859375	33.733863830566406	47.16100311279297	74.67163848876953	
438.6502990722656	24.4312801361084	46.79715347290039	74.09554290771484	
428.1695251464844	29.721328735351562	44.9108772277832	71.10893249511719	
435.33447265625	32.776912689208984	45.48380661010742	72.01607513427734	
451.0265197753906	46.43151092529297	46.68731689453125	73.92164611816406	
412.74884033203125	32.749732971191406	45.27234649658203	71.6812744140625	
401.2782287597656	34.2861213684082	46.404624938964844	73.47405242919922	
422.85626220703125	43.62700271606445	48.75783157348633	77.1999740600586	
414.5589904785156	34.62938690185547	48.172359466552734	76.27297973632812	
393.4424133300781	29.3756103515625	49.18492889404297	77.87621307373047	
407.7244567871094	36.42359161376953	50.61339569091797	80.13795471191406	
408.1840515136719	29.41958236694336	50.859683990478516	80.52790832519531	
420.027099609375	45.84312438964844	52.097900390625	82.48841857910156	
419.1537170410156	34.6841926574707	52.53204345703125	83.1758041381836	
409.87005615234375	35.84581756591797	54.36737060546875	86.08174133300781	
433.23284912109375	30.394725799560547	55.53874588012695	87.93641662597656	
409.95733642578125	30.88295555114746	55.112144470214844	87.2609634399414	
389.1246032714844	30.3409423828125	53.32091522216797	84.42485809326172	
426.9974060058594	45.090206146240234	53.344078063964844	84.46153259277344	
424.61578369140625	38.492897033691406	54.90058135986328	86.92598724365234	
417.877197265625	40.064178466796875	55.65755081176758	88.12451934814453	
410.45758056640625	25.440298080444336	56.809844970703125	89.94898223876953	
416.475830078125	38.67929458618164	56.55712127685547	89.54884338378906	
409.0841064453125	26.87228012084961	56.84095001220703	89.99823760986328	
428.89532470703125	62.27055740356445	56.74550247192383	89.84710693359375	
431.4573669433594	41.22840118408203	56.956199645996094	90.18070983886719	
405.2696228027344	30.575733184814453	59.105255126953125	93.58338165283203	
396.7196044921875	28.22878074645996	57.89818572998047	91.67218017578125	
417.59716796875	38.141666412353516	55.66423416137695	88.13508605957031	
427.9471130371094	35.217689514160156	56.775611877441406	89.89476013183594	
368.42529296875	35.46381378173828	56.4820442199707	89.42994689941406	
411.45928955078125	34.16226577758789	57.14826202392578	90.48478698730469	
411.77349853515625	44.281307220458984	57.034263610839844	90.30428314208984	
362.4258117675781	27.900585174560547	56.77048873901367	89.88663482666016	
394.9267272949219	27.7291259765625	55.38731002807617	87.69660186767578	
407.0599670410156	45.263038635253906	53.93349075317383	85.39471435546875	
359.4710693359375	33.723812103271484	54.0775032043457	85.62272644042969	
377.40240478515625	40.284149169921875	53.60009002685547	84.86682891845703	
388.8759765625	51.622169494628906	52.752708435058594	83.525146484375	
378.8524169921875	50.2363395690918	51.98192596435547	82.30474090576172	
395.51953125	46.0983772277832	51.65313720703125	81.78416442871094	
396.04705810546875	69.39054107666016	52.29502487182617	82.80049896240234	
399.86358642578125	40.630393981933594	51.62792205810547	81.74424743652344	
401.12701416015625	28.92635154724121	51.2651481628418	81.16984558105469	
391.1788635253906	39.57096862792969	51.528541564941406	81.58687591552734	
328.58184814453125	32.36431884765625	52.226356506347656	82.6917495727539	
358.1409912109375	50.35116958618164	52.972877502441406	83.87374114990234	
378.6409606933594	63.9886474609375	52.48090362548828	83.09477233886719	
407.1468811035156	36.326210021972656	53.44384765625	84.61943054199219	
348.52288818359375	37.706790924072266	56.40020751953125	89.30033874511719	
370.37701416015625	27.650421142578125	56.17645263671875	88.94606018066406	
326.15325927734375	22.92574691772461	55.93128204345703	88.557861328125	
367.4735107421875	32.04637908935547	55.47313690185547	87.83247375488281	
415.59808349609375	55.10626220703125	56.23798370361328	89.0434799194336	
378.56488037109375	29.94576072692871	55.96986770629883	88.61896514892578	
365.01019287109375	79.19739532470703	56.608924865722656	89.63079071044922	
368.91717529296875	53.794677734375	55.89556884765625	88.5013198852539	
373.4615783691406	44.31028366088867	58.2194709777832	92.18083190917969	
323.1842041015625	18.273006439208984	60.09635543823242	95.15257263183594	
348.78900146484375	65.50003814697266	60.88396072387695	96.39961242675781	
353.21173095703125	74.09365844726562	62.55360794067383	99.043212890625	
347.918212890625	26.7553768157959	60.053001403808594	95.08392333984375	
323.4864807128906	26.31986427307129	62.20328903198242	98.48854064941406	
310.3239440917969	28.98990821838379	62.92757034301758	99.63531494140625	
326.2404479980469	31.785171508789062	62.08112335205078	98.29510498046875	
340.451904296875	16.795774459838867	62.36835861206055	98.74989318847656	
338.2284240722656	37.96060562133789	62.563262939453125	99.05850219726562	
341.1174011230469	44.110023498535156	62.33549880981445	98.6978759765625	
323.65948486328125	21.7647762298584	60.50201416015625	95.79486083984375	
337.83929443359375	65.87187194824219	62.5352897644043	99.01421356201172	
405.7310485839844	59.596336364746094	63.5915412902832	100.68661499023438	
379.86846923828125	62.86494827270508	62.466094970703125	98.9046630859375	
340.7774353027344	24.57248306274414	61.79136276245117	97.83634185791016	
333.27911376953125	32.04650115966797	61.084075927734375	96.71646881103516	
342.96820068359375	40.89026641845703	61.96240234375	98.10713958740234	
362.6061096191406	25.258758544921875	60.68220901489258	96.08016204833984	
355.1528625488281	29.112295150756836	59.541900634765625	94.27467346191406	
373.80841064453125	24.201419830322266	59.13450241088867	93.62962341308594	
406.7498779296875	39.50928497314453	59.262847900390625	93.83283996582031	
383.244873046875	38.304344177246094	61.33711624145508	97.11710357666016	
331.1676025390625	36.89601516723633	61.778526306152344	97.81600189208984	
345.6369934082031	42.13350296020508	60.9787712097168	96.54972839355469	
340.0820007324219	41.091705322265625	62.97587966918945	99.7118148803711	
338.9877624511719	30.39481544494629	63.42253494262695	100.41902160644531	
337.04150390625	38.702083587646484	64.48194122314453	102.0964126586914	
339.4928894042969	69.46699523925781	64.5014877319336	102.12735748291016	
319.80059814453125	29.776233673095703	64.27601623535156	101.77034759521484	
330.2599792480469	33.89522933959961	62.502777099609375	98.96272277832031	
331.89959716796875	17.812923431396484	63.321380615234375	100.25884246826172	
374.58709716796875	49.77852249145508	64.20481872558594	101.65763092041016	
397.2193908691406	33.465553283691406	65.44774627685547	103.6256103515625	
361.8697814941406	29.875865936279297	65.97361755371094	104.4582290649414	
354.2818908691406	21.864246368408203	65.29542541503906	103.38443756103516	
353.61236572265625	19.839488983154297	63.01102828979492	99.7674789428711	
332.2733459472656	84.73567962646484	63.90747833251953	101.1868667602539	
362.96551513671875	37.62773895263672	62.1505241394043	98.40501403808594	
354.0880432128906	84.0391845703125	61.60651397705078	97.54366302490234	
359.79522705078125	19.679264068603516	61.6910514831543	97.6775131225586	
347.6460876464844	23.049449920654297	60.076446533203125	95.12105560302734	
348.55694580078125	26.74944496154785	59.686248779296875	94.50325012207031	
358.3240051269531	24.22976303100586	57.95062255859375	91.75517272949219	
373.9732360839844	25.656147003173828	59.090087890625	93.559326171875	
349.70098876953125	15.441110610961914	58.917083740234375	93.285400390625	
349.68353271484375	32.551029205322266	59.884681701660156	94.81742858886719	
358.4508972167969	23.213565826416016	60.642616271972656	96.01748657226562	
344.732421875	46.00162887573242	60.48577117919922	95.76914978027344	
362.0625915527344	45.02147674560547	57.360618591308594	90.82099914550781	
354.4620666503906	17.456254959106445	57.17033767700195	90.51972961425781	
319.771240234375	25.729684829711914	56.81461715698242	89.95650482177734	
269.9651184082031	57.769996643066406	56.82245635986328	89.96891784667969	
295.47283935546875	52.17668533325195	56.536529541015625	89.51618957519531	
335.2714538574219	47.65517807006836	56.061988830566406	88.76482391357422	
375.9683837890625	42.91686248779297	56.630340576171875	89.66471099853516	
384.48516845703125	61.86246871948242	57.17657470703125	90.52958679199219	
374.4686584472656	35.00691604614258	55.68596649169922	88.16946411132812	
343.44232177734375	20.591249465942383	56.133522033691406	88.87809753417969	
370.3293151855469	23.863811492919922	55.549156188964844	87.9528579711914	
377.62188720703125	23.211219787597656	55.290443420410156	87.54322814941406	
368.68072509765625	30.00514793395996	55.098045349121094	87.23860168457031	
369.17059326171875	35.03215789794922	55.610870361328125	88.05058288574219	
375.13006591796875	25.783794403076172	55.97606658935547	88.62879943847656	
367.7594909667969	19.85984230041504	56.12015914916992	88.85694122314453	
376.867919921875	27.585529327392578	54.52587890625	86.33265686035156	
329.46966552734375	25.606433868408203	51.94182205200195	82.24122619628906	
362.4907531738281	28.904766082763672	50.38499069213867	79.7762451171875	
398.40557861328125	33.787288665771484	50.45600128173828	79.88868713378906	
372.9808349609375	37.33477020263672	50.81110763549805	80.45094299316406	
371.67523193359375	54.18486404418945	49.00477600097656	77.5909194946289	
376.80804443359375	47.294410705566406	49.13471221923828	77.79664611816406	
360.93280029296875	19.534465789794922	50.0523796081543	79.24961853027344	
377.9822998046875	83.4253921508789	47.92620849609375	75.8831787109375	
388.7836608886719	35.87440490722656	47.800376892089844	75.68394470214844	
379.62725830078125	26.7098445892334	47.758445739746094	75.61756134033203	
393.86163330078125	26.08890724182129	49.46514129638672	78.31983184814453	
359.6455078125	16.73541831970215	51.313392639160156	81.24623107910156	
379.3819274902344	20.931957244873047	53.76215744018555	85.1234359741211	
363.1204833984375	26.854068756103516	51.38282012939453	81.35615539550781	
393.716064453125	25.526647567749023	54.5974235534668	86.4459457397461	
411.08135986328125	28.7467098236084	53.482383728027344	84.68046569824219	
380.65557861328125	20.86874008178711	54.397193908691406	86.12892150878906	
391.99615478515625	21.15732192993164	54.7103157043457	86.62469482421875	
373.78399658203125	41.703041076660156	53.34232711791992	84.4587173461914	
353.90631103515625	31.02718734741211	53.301124572753906	84.39347076416016	
361.4591979980469	22.7252254486084	53.38671875	84.52898406982422	
358.2018127441406	21.315921783447266	53.82813262939453	85.22787475585938	
373.4097900390625	37.579193115234375	52.87977981567383	83.72631072998047	
384.0965881347656	34.920127868652344	52.97136688232422	83.87132263183594	
358.3674011230469	29.67290687561035	52.72832107543945	83.48650360107422	
376.50811767578125	22.497793197631836	53.798370361328125	85.18074798583984	
367.90472412109375	17.58591651916504	53.31397247314453	84.4137954711914	
381.41461181640625	24.365863800048828	51.799461364746094	82.01582336425781	
376.98333740234375	29.76519203186035	53.49039840698242	84.6931381225586	
365.4980163574219	20.616933822631836	52.54255294799805	83.19239044189453	
369.23358154296875	23.70656967163086	51.72806930541992	81.90278625488281	
379.04205322265625	33.61835479736328	51.30839920043945	81.23829650878906	
367.2657165527344	23.02840232849121	52.08723831176758	82.4714584350586	
372.4142150878906	17.835399627685547	54.03264236450195	85.55166625976562	
354.6495666503906	25.630102157592773	53.30446243286133	84.39871978759766	
350.74615478515625	16.855655670166016	53.87968826293945	85.30949401855469	
324.1396179199219	38.38014602661133	52.15381622314453	82.57685852050781	
351.3412170410156	28.896081924438477	53.22892379760742	84.27911376953125	
346.20709228515625	33.704978942871094	53.6494026184082	84.94486999511719	
370.89959716796875	20.192235946655273	54.015724182128906	85.52487182617188	
338.1448059082031	19.040639877319336	54.18394088745117	85.79121398925781	
385.7126770019531	30.376773834228516	53.81029510498047	85.1996078491211	
355.3802185058594	22.997310638427734	54.380706787109375	86.10275268554688	
356.11700439453125	28.47811508178711	54.59196090698242	86.43724060058594	
362.1766662597656	20.311506271362305	55.625587463378906	88.07381439208984	
371.0946044921875	20.221424102783203	56.44035720825195	89.36386108398438	
389.50775146484375	47.71554946899414	56.757850646972656	89.8665542602539	
358.1471252441406	38.44382095336914	57.97905349731445	91.80012512207031	
371.27618408203125	50.437232971191406	59.78086471557617	94.65299987792969	
374.16058349609375	21.549219131469727	58.99013137817383	93.40100860595703	
357.627197265625	31.038806915283203	57.41008377075195	90.8992691040039	
358.98834228515625	17.65364646911621	57.25709915161133	90.65704345703125	
354.481201171875	14.744975090026855	57.06047821044922	90.34573364257812	
356.83135986328125	25.29958724975586	58.88471221923828	93.23410034179688	
346.1544189453125	21.726211547851562	58.997406005859375	93.41252136230469	
372.387451171875	21.08884048461914	58.33147048950195	92.35812377929688	
359.547607421875	32.200286865234375	57.14354705810547	90.47724914550781	
373.7469482421875	25.55577850341797	57.804603576660156	91.52391052246094	
345.8348693847656	63.03827667236328	59.63616180419922	94.42387390136719	
363.06402587890625	37.61260986328125	60.38892364501953	95.6157455444336	
359.384765625	17.424724578857422	59.6606330871582	94.46260833740234	
374.35882568359375	25.316905975341797	60.85017776489258	96.34605407714844	
324.12255859375	34.6357307434082	61.06464385986328	96.68562316894531	
354.4884033203125	61.206321716308594	60.11662673950195	95.18458557128906	
353.685302734375	46.34035873413086	61.2193489074707	96.9305648803711	
363.09210205078125	22.322019577026367	63.47637939453125	100.50418853759766	
355.36614990234375	28.324321746826172	64.80008697509766	102.60005187988281	
354.64013671875	30.669567108154297	64.28257751464844	101.7806625366211	
362.8019714355469	25.919300079345703	66.11819458007812	104.68704986572266	
350.781494140625	31.435657501220703	64.61424255371094	102.3057861328125	
400.5768127441406	21.871475219726562	63.676849365234375	100.82157897949219	
352.5433349609375	24.499584197998047	65.67378234863281	103.9833984375	
337.93023681640625	18.507556915283203	64.35289001464844	101.89198303222656	
302.72747802734375	71.26683044433594	63.31597137451172	100.25019836425781	
350.89300537109375	24.501811981201172	65.02597045898438	102.95768737792969	
334.0610656738281	47.873512268066406	62.7639274597168	99.3761215209961	
343.44891357421875	41.6507568359375	63.43764114379883	100.44283294677734	
356.0741271972656	56.268272399902344	65.87203979492188	104.29728698730469	
337.8038635253906	62.72966384887695	65.31365966796875	103.4131851196289	
339.22186279296875	51.12940216064453	64.98249816894531	102.88883972167969	
387.3377990722656	82.90287017822266	65.65696716308594	103.9567642211914	
348.0426940917969	38.212764739990234	65.85398864746094	104.26871490478516	
389.86114501953125	57.0923957824707	67.1619644165039	106.33966064453125	
419.1612243652344	25.029972076416016	64.7757568359375	102.5615005493164	
439.70330810546875	86.40055847167969	64.83397674560547	102.65367126464844	
438.3705139160156	82.89470672607422	64.61683654785156	102.30986022949219	
438.8248596191406	95.36894226074219	63.28788375854492	100.20569610595703	
416.65948486328125	45.926170349121094	64.32794189453125	101.85245513916016	
386.9457092285156	36.27275466918945	66.19759368896484	104.8127212524414	
414.7875061035156	62.293312072753906	64.8873291015625	102.7381362915039	
431.8163146972656	38.398414611816406	65.51881408691406	103.73799133300781	
429.16650390625	37.37041473388672	65.43248748779297	103.601318359375	
429.35235595703125	82.2010269165039	62.996131896972656	99.74375915527344	
411.39404296875	57.44758987426758	63.97608184814453	101.29533386230469	
325.68341064453125	60.677772521972656	66.37992858886719	105.1014175415039	
358.6396179199219	73.80064392089844	68.30704498291016	108.1526870727539	
351.43902587890625	107.1721420288086	69.01429748535156	109.2724838256836	
317.83935546875	68.26689147949219	67.60672760009766	107.0438232421875	
343.63409423828125	74.07906341552734	67.54695129394531	106.94917297363281	
343.44696044921875	44.489864349365234	67.82083892822266	107.38282775878906	
343.1250915527344	47.49921798706055	67.95051574707031	107.5881576538086	
326.0893859863281	68.90260314941406	67.43624114990234	106.77388763427734	
333.74859619140625	76.48878479003906	65.40632629394531	103.55986022949219	
302.3228759765625	57.17670822143555	64.5223617553711	102.1602554321289	
299.802001953125	70.29747009277344	64.93672180175781	102.81632232666016	
327.76837158203125	36.642879486083984	66.31163024902344	104.9932632446289	
329.7621765136719	53.01537322998047	67.58687591552734	107.01239013671875	
352.76806640625	78.45530700683594	65.54237365722656	103.7752685546875	
331.90521240234375	54.47356033325195	66.53392028808594	105.34519958496094	
329.3995666503906	61.88887405395508	66.48372650146484	105.2657241821289	
336.3401794433594	53.99805450439453	64.49256896972656	102.11305236816406	
321.92340087890625	67.77995300292969	63.289466857910156	100.2081527709961	
336.18511962890625	58.394935607910156	64.20391082763672	101.65602111816406	
352.6367492675781	106.13984680175781	62.59502029418945	99.10861206054688	
337.75665283203125	62.81108474731445	61.361427307128906	97.15542602539062	
341.54400634765625	49.75223159790039	61.36527633666992	97.1615219116211	
337.1959533691406	40.577728271484375	63.708892822265625	100.87223815917969	
312.130126953125	85.9835205078125	62.202659606933594	98.48737335205078	
315.78350830078125	87.09626770019531	62.12751007080078	98.3683853149414	
340.23504638671875	49.40408706665039	61.01734161376953	96.61061096191406	
312.3367919921875	77.2269287109375	60.949951171875	96.50390625	
335.694580078125	50.42656326293945	63.90388870239258	101.18095397949219	
336.71368408203125	51.289947509765625	64.31221008300781	101.82746124267578	
345.8437805175781	68.13569641113281	62.716163635253906	99.3003921508789	
342.9471740722656	55.0516242980957	61.61896896362305	97.56317901611328	
337.3126525878906	47.35511016845703	62.466590881347656	98.90524291992188	
355.67645263671875	91.83729553222656	62.6631965637207	99.21653747558594	
330.0374450683594	48.58863067626953	62.1571044921875	98.41522216796875	
322.60443115234375	59.86103057861328	63.20172119140625	100.06919860839844	
385.84478759765625	81.07010650634766	62.0200080871582	98.19816589355469	
407.1224670410156	85.09881591796875	61.076873779296875	96.70487976074219	
392.7140808105469	67.8439712524414	61.883941650390625	97.98274230957031	
398.7137145996094	62.411376953125	61.29956817626953	97.05747985839844	
383.08319091796875	86.05708312988281	60.56804656982422	95.89924621582031	
378.5263671875	106.572509765625	58.62665939331055	92.82539367675781	
441.33367919921875	71.92893981933594	58.522491455078125	92.66046905517578	
404.80029296875	48.71997833251953	59.88134765625	94.81199645996094	
403.254638671875	61.26171875	60.72214889526367	96.14326477050781	
437.8130798339844	78.7701644897461	61.01664352416992	96.60955810546875	
387.2562561035156	88.80032348632812	60.69805145263672	96.10511779785156	
415.41973876953125	64.27816009521484	60.02404022216797	95.03793334960938	
409.0049743652344	35.18360900878906	58.421409606933594	92.50044250488281	
405.0583801269531	35.24561309814453	59.658226013183594	94.45873260498047	
387.575927734375	68.61802673339844	60.011070251464844	95.01739501953125	
423.7225036621094	129.45779418945312	61.08716583251953	96.7212142944336	
430.1575622558594	67.6024398803711	62.94732666015625	99.66646575927734	
429.940673828125	64.3790512084961	62.5738525390625	99.07512664794922	
383.2325134277344	43.827919006347656	59.47307205200195	94.16556549072266	
418.0538024902344	63.552406311035156	62.795654296875	99.42630767822266	
390.3353576660156	71.32807922363281	61.48211669921875	97.34654998779297	
388.78411865234375	78.05282592773438	60.38928985595703	95.61624908447266	
399.6947326660156	75.42451477050781	60.54157638549805	95.85737609863281	
388.55682373046875	49.55570602416992	61.2530517578125	96.98387145996094	
349.49359130859375	53.77063751220703	59.999305725097656	94.99876403808594	
346.35260009765625	73.82396697998047	61.29096603393555	97.04389953613281	
378.013671875	71.80842590332031	60.3806037902832	95.60249328613281	
395.7913513183594	90.77571105957031	60.638465881347656	96.0107650756836	
400.9482116699219	69.96007537841797	60.73036575317383	96.1562728881836	
414.1788024902344	124.14300537109375	58.431663513183594	92.51667022705078	
361.63372802734375	82.52928161621094	57.48976516723633	91.02532958984375	
341.24945068359375	73.01546478271484	55.91143798828125	88.52631378173828	
342.9889831542969	57.92583084106445	56.91919708251953	90.1219253540039	
305.3435974121094	71.36095428466797	56.199790954589844	88.98286437988281	
347.21734619140625	92.07437896728516	55.5580940246582	87.96684265136719	
334.52093505859375	82.4299087524414	57.676490783691406	91.32096862792969	
398.0228576660156	49.707557678222656	59.59752655029297	94.36260223388672	
394.5078125	30.62508773803711	60.4223518371582	95.66857147216797	
408.5199279785156	61.39239501953125	60.42619705200195	95.67465209960938	
361.01385498046875	103.35578918457031	60.16530227661133	95.2615737915039	
328.84796142578125	109.06340026855469	61.4601936340332	97.31181335449219	
362.84820556640625	101.38443756103516	61.611732482910156	97.5517578125	
400.67852783203125	120.51719665527344	62.479408264160156	98.9255599975586	
350.64874267578125	89.63980865478516	63.89971923828125	101.17438507080078	
413.27557373046875	36.00412368774414	62.160926818847656	98.42130279541016	
424.98834228515625	37.10253143310547	60.9661750793457	96.52961730957031	
443.197509765625	21.994543075561523	60.07843780517578	95.12403869628906	
413.7037048339844	30.016733169555664	61.75946044921875	97.7856674194336	
384.4617614746094	55.81294631958008	65.2161865234375	103.2588119506836	
378.15234375	83.15630340576172	65.88084411621094	104.31117248535156	
382.2784118652344	18.769664764404297	65.65830993652344	103.95881652832031	
402.022216796875	66.99229431152344	63.034950256347656	99.80517578125	
390.0653076171875	33.18354415893555	62.90155792236328	99.59397888183594	
433.19793701171875	18.775053024291992	62.16680145263672	98.43061828613281	
426.06427001953125	24.186237335205078	63.087059020996094	99.88768768310547	
381.2457275390625	96.82806396484375	60.74152755737305	96.17393493652344	
392.35858154296875	71.57567596435547	61.06449508666992	96.68529510498047	
384.7193298339844	49.62609100341797	64.35472106933594	101.89482116699219	
394.716552734375	21.454654693603516	62.052467346191406	98.24958801269531	
383.37677001953125	28.347522735595703	64.79634094238281	102.59403991699219	
424.802978515625	20.626468658447266	65.53971862792969	103.77105712890625	
422.52410888671875	21.80924415588379	62.42949295043945	98.84654235839844	
380.1314392089844	58.72015380859375	62.339271545410156	98.70368957519531	
371.23052978515625	20.38140296936035	61.847938537597656	97.92573547363281	
420.839111328125	40.057525634765625	62.630157470703125	99.16423797607422	
421.07415771484375	33.5107421875	64.46083068847656	102.06278991699219	
405.29925537109375	28.692712783813477	64.79661560058594	102.5944595336914	
402.352294921875	49.589927673339844	63.469390869140625	100.4930191040039	
405.3350524902344	42.944732666015625	60.90018844604492	96.42513275146484	
394.0545349121094	61.006858825683594	59.330238342285156	93.93937683105469	
430.38397216796875	53.095184326171875	59.980224609375	94.96852111816406	
401.86602783203125	19.069168090820312	58.927894592285156	93.30233764648438	
417.36944580078125	34.47904586791992	59.68579864501953	94.5023422241211	
411.17449951171875	67.64494323730469	59.398597717285156	94.04759216308594	
393.9646301269531	97.5077896118164	58.03838348388672	91.89392852783203	
395.35504150390625	66.88801574707031	58.28949737548828	92.29151916503906	
424.64013671875	38.229705810546875	59.20647048950195	93.7433853149414	
414.9098205566406	71.2603759765625	59.826560974121094	94.72518920898438	
435.97406005859375	46.98426055908203	59.47563552856445	94.1695556640625	
406.3587341308594	74.46600341796875	57.605812072753906	91.2090072631836	
426.73577880859375	51.215370178222656	61.331993103027344	97.10877990722656	
432.46575927734375	39.135658264160156	61.46842575073242	97.3248062133789	
412.0851135253906	76.53108215332031	60.69948196411133	96.10731506347656	
369.1991271972656	112.56156921386719	59.697547912597656	94.52091979980469	
383.50640869140625	76.97163391113281	59.8400764465332	94.74659729003906	
387.239501953125	65.96736907958984	60.381858825683594	95.60441589355469	
399.06610107421875	22.236557006835938	62.86835861206055	99.54137420654297	
389.0054626464844	23.16532325744629	64.31392669677734	101.83018493652344	
383.91741943359375	28.66727638244629	63.57611083984375	100.66197204589844	
393.98492431640625	27.42230224609375	62.5753173828125	99.07737731933594	
418.83270263671875	61.228904724121094	62.1219482421875	98.35954284667969	
422.12939453125	29.413400650024414	60.425537109375	95.6735610961914	
418.9342346191406	16.88858413696289	59.486045837402344	94.18603515625	
398.89764404296875	44.60160827636719	59.34716033935547	93.96613311767578	
398.40350341796875	31.558063507080078	58.84112548828125	93.16490936279297	
403.033203125	18.396900177001953	60.4194450378418	95.66392517089844	
397.06817626953125	15.545934677124023	60.85710525512695	96.35689544677734	
418.3826599121094	19.497426986694336	59.99503707885742	94.99195861816406	
388.287841796875	15.796133041381836	59.77326202392578	94.64081573486328	
409.2586364746094	30.53961753845215	60.22462844848633	95.35547637939453	
407.63531494140625	23.0523624420166	57.40411376953125	90.8896713256836	
370.407470703125	49.33650588989258	59.09611892700195	93.56866455078125	
401.1697692871094	26.625045776367188	56.809814453125	89.94868469238281	
416.2207946777344	54.343955993652344	58.52056884765625	92.6573715209961	
368.17352294921875	17.66194725036621	59.629364013671875	94.4129638671875	
386.0622863769531	22.392629623413086	58.43574142456055	92.52306365966797	
349.53302001953125	24.33994483947754	58.10674285888672	92.00215148925781	
382.63714599609375	11.330301284790039	59.7054328918457	94.53340148925781	
362.661376953125	19.337955474853516	59.42646026611328	94.09169006347656	
371.9885559082031	20.542821884155273	60.950584411621094	96.50487518310547	
392.8201599121094	29.433544158935547	62.59959030151367	99.11579895019531	
376.365234375	13.10375690460205	61.502708435058594	97.37907409667969	
363.0108947753906	24.106170654296875	61.62541580200195	97.5733642578125	
366.95660400390625	44.27304458618164	60.49126052856445	95.77761840820312	
345.6722412109375	24.362445831298828	61.52208709716797	97.40975952148438	
375.48455810546875	86.09590148925781	62.38547897338867	98.77678680419922	
354.0037536621094	26.036474227905273	62.463623046875	98.90052032470703	
364.2806701660156	28.432876586914062	63.468040466308594	100.4908447265625	
353.19683837890625	16.746496200561523	64.2103042602539	101.66609191894531	
344.29498291015625	22.566020965576172	65.43498992919922	103.60517883300781	
333.9474182128906	51.511085510253906	64.18946838378906	101.63310241699219	
361.7584228515625	30.92032241821289	63.35664749145508	100.3144760131836	
361.3843078613281	18.772838592529297	63.68671798706055	100.83708190917969	
414.8135681152344	26.41116714477539	63.22045135498047	100.09883117675781	
388.91851806640625	19.67981719970703	63.733482360839844	100.9111328125	
398.9258117675781	19.749038696289062	64.55780029296875	102.21629333496094	
358.88861083984375	32.09886169433594	66.39183044433594	105.12017822265625	
364.5830993652344	83.44332122802734	66.20402526855469	104.82283020019531	
376.86767578125	67.35323333740234	66.9577865600586	106.01628112792969	
340.0765380859375	72.74019622802734	68.229248046875	108.02943420410156	
377.9645690917969	107.03205871582031	70.38458251953125	111.4420394897461	
347.2171325683594	72.94348907470703	68.48274230957031	108.43080139160156	
343.92877197265625	59.11037063598633	70.3723373413086	111.42264556884766	
369.6763610839844	96.13446044921875	68.12625122070312	107.86634826660156	
394.54461669921875	40.44208908081055	69.2132568359375	109.5874252319336	
382.211669921875	35.32134246826172	69.48092651367188	110.01123046875	
387.73602294921875	58.00092697143555	67.14700317382812	106.31585693359375	
409.2629089355469	68.22183990478516	66.42037200927734	105.16535949707031	
364.8775634765625	48.62006759643555	65.9774169921875	104.4640121459961	
419.3954162597656	54.593055725097656	64.85624694824219	102.6888198852539	
374.7346496582031	65.36027526855469	62.120086669921875	98.3565673828125	
384.0663757324219	57.94853591918945	62.391502380371094	98.78631591796875	
346.08990478515625	62.19495391845703	59.326866149902344	93.93399047851562	
375.1553649902344	90.74327850341797	59.26372146606445	93.83401489257812	
393.2843322753906	73.63475799560547	57.5906867980957	91.18505859375	
414.1964416503906	79.76515197753906	58.25145721435547	92.23127746582031	
388.6778259277344	71.53113555908203	59.48833465576172	94.18966674804688	
374.0517883300781	69.68624114990234	62.3521614074707	98.72404479980469	
385.9781188964844	82.06901550292969	62.67805862426758	99.24004364013672	
377.97308349609375	82.2328109741211	64.33328247070312	101.86080169677734	
339.0697326660156	46.18232727050781	63.51373291015625	100.56318664550781	
334.4212646484375	52.02533721923828	63.31330490112305	100.24583435058594	
332.8775939941406	59.60908126831055	64.77920532226562	102.56683349609375	
381.14630126953125	65.01200103759766	64.55177307128906	102.20673370361328	
385.9911804199219	70.30384826660156	66.19737243652344	104.81227111816406	
339.52349853515625	54.70556640625	65.83692932128906	104.2415771484375	
332.8167724609375	56.37530517578125	65.68794250488281	104.00569152832031	
366.6322937011719	56.41295623779297	65.01009368896484	102.93243408203125	
396.7678527832031	100.02381134033203	65.03053283691406	102.96478271484375	
333.863525390625	72.1443862915039	66.83248138427734	105.81785583496094	
407.6969299316406	49.20499038696289	65.04826354980469	102.99284362792969	
377.0712585449219	56.28239822387695	64.27098083496094	101.76216125488281	
345.68072509765625	51.080970764160156	66.65117645263672	105.53079986572266	
369.8222961425781	61.95656204223633	66.08995819091797	104.64219665527344	
337.1571960449219	48.823429107666016	66.4141845703125	105.15555572509766	
345.40655517578125	73.9917984008789	67.91158294677734	107.52642822265625	
375.78009033203125	48.720916748046875	68.51416015625	108.48050689697266	
331.00885009765625	55.90895462036133	69.30607604980469	109.73435974121094	
331.57720947265625	42.84196090698242	70.57090759277344	111.73699951171875	
341.8465576171875	42.101985931396484	72.06500244140625	114.1026382446289	
350.4320373535156	41.06102752685547	74.52972412109375	118.00511169433594	
316.35943603515625	44.34708786010742	79.46461486816406	125.81867980957031	
354.0872802734375	86.49687957763672	79.03173065185547	125.1332778930664	
330.5813903808594	73.14331817626953	79.57950592041016	126.0005874633789	
358.97222900390625	58.05369186401367	79.13488006591797	125.29659271240234	
311.2720947265625	33.54069137573242	79.42179107666016	125.7508544921875	
253.26150512695312	68.3113021850586	81.6634750366211	129.30018615722656	
292.2216491699219	59.93920135498047	83.73645782470703	132.5823974609375	
232.4007110595703	56.97578811645508	84.95872497558594	134.5176544189453	
290.2367858886719	57.87206268310547	84.35298919677734	133.55859375	
340.27728271484375	38.9088020324707	85.96554565429688	136.11180114746094	
351.4969787597656	87.05293273925781	86.64231872558594	137.183349609375	
357.25994873046875	66.44874572753906	83.82704162597656	132.72586059570312	
353.7201843261719	66.23332214355469	82.70482635498047	130.9490203857422	
361.3360900878906	68.30314636230469	81.14512634277344	128.4794921875	
364.7828369140625	91.77552032470703	79.18589782714844	125.37736511230469	
353.62457275390625	80.74882507324219	79.73161315917969	126.24140930175781	
344.1293640136719	79.48091125488281	76.13490295410156	120.546630859375	
344.1565856933594	83.53368377685547	75.52323150634766	119.57816314697266	
325.0066833496094	57.191505432128906	75.75480651855469	119.94483947753906	
345.11712646484375	83.83643341064453	74.27302551269531	117.59869384765625	
359.18450927734375	73.01380157470703	75.64903259277344	119.77735900878906	
363.447509765625	49.145233154296875	78.79579162597656	124.75971984863281	
296.9697265625	73.01179504394531	77.38529968261719	122.52644348144531	
293.2821960449219	45.77938461303711	78.70683288574219	124.6188735961914	
321.04132080078125	75.51966857910156	80.74578094482422	127.8471908569336	
326.9796447753906	61.385231018066406	78.96752166748047	125.03163146972656	
336.9637145996094	58.76055908203125	81.69346618652344	129.3477020263672	
383.2403869628906	43.43239212036133	83.89667510986328	132.8361053466797	
378.5953674316406	57.57374954223633	86.55116271972656	137.03903198242188	
367.3376770019531	45.09440231323242	89.95331573486328	142.42575073242188	
334.24468994140625	40.480560302734375	87.8015365600586	139.01876831054688	
335.772216796875	57.6877555847168	90.67315673828125	143.5655059814453	
241.82827758789062	51.07218551635742	90.02039337158203	142.53196716308594	
181.45791625976562	47.346412658691406	92.565673828125	146.56198120117188	
142.16293334960938	62.021156311035156	93.74391174316406	148.42752075195312	
64.17603302001953	48.95218276977539	94.30403900146484	149.3144073486328	
95.22032928466797	59.296966552734375	92.28874206542969	146.12353515625	
65.94303894042969	38.55617141723633	92.7280044555664	146.8190460205078	
36.122920989990234	30.30950927734375	91.73542785644531	145.24746704101562	
27.261287689208984	53.581298828125	93.45806884765625	147.9749755859375	
28.22063636779785	31.8363037109375	93.33365631103516	147.77798461914062	
82.61175537109375	26.557758331298828	90.7432861328125	143.6765899658203	
113.2264404296875	35.35728073120117	92.0398178100586	145.72943115234375	
128.61520385742188	57.96867752075195	94.62509155273438	149.82278442382812	
91.3647689819336	45.78697967529297	94.13078308105469	149.04013061523438	
56.04435348510742	47.289947509765625	95.09442138671875	150.56588745117188	
68.84972381591797	48.61222457885742	94.59175109863281	149.77001953125	
67.97384643554688	49.38151931762695	94.82048034667969	150.13217163085938	
70.68601989746094	40.84099578857422	95.49668884277344	151.2028350830078	
57.77166748046875	31.810016632080078	93.93428039550781	148.72903442382812	
68.27052307128906	38.35663986206055	92.42045593261719	146.3321533203125	
153.9093017578125	49.909881591796875	94.45105743408203	149.54727172851562	
110.83609771728516	26.449487686157227	94.74185943603516	150.00772094726562	
115.44609069824219	55.24272537231445	95.49604034423828	151.2018280029297	
116.79222106933594	52.984718322753906	95.40773010253906	151.06199645996094	
131.51730346679688	58.49631881713867	96.2818832397461	152.44607543945312	
74.80146789550781	47.27958297729492	97.822509765625	154.88540649414062	
131.40147399902344	52.7259635925293	95.40738677978516	151.06146240234375	
216.49337768554688	61.1646728515625	94.3719253540039	149.42198181152344	
297.05316162109375	47.59257888793945	95.9174575805664	151.8690643310547	
363.8094787597656	41.60478591918945	96.6386947631836	153.01101684570312	
338.93438720703125	52.878135681152344	97.81327819824219	154.87078857421875	
332.32232666015625	50.015769958496094	97.84366607666016	154.91888427734375	
341.3353576660156	44.89203643798828	98.08893585205078	155.30722045898438	
377.70709228515625	34.662132263183594	97.99811553955078	155.16342163085938	
296.882568359375	36.4941520690918	95.75181579589844	151.60678100585938	
258.2596435546875	46.052642822265625	95.05136108398438	150.4977264404297	
231.89480590820312	41.358741760253906	94.06595611572266	148.93748474121094	
237.58847045898438	43.455692291259766	93.00187683105469	147.25271606445312	
262.0841369628906	50.327091217041016	91.31175231933594	144.57669067382812	
361.8474426269531	55.564186096191406	91.20072174072266	144.40087890625	
356.52886962890625	39.54795837402344	91.06744384765625	144.18984985351562	
371.0643615722656	32.349449157714844	93.63429260253906	148.2540283203125	
338.9410705566406	55.46174240112305	93.14839935302734	147.4846954345703	
372.76788330078125	42.86970138549805	92.28977966308594	146.12521362304688	
342.62884521484375	66.16285705566406	88.41697692871094	139.99327087402344	
346.2938232421875	52.472068786621094	88.28833770751953	139.78958129882812	
410.24884033203125	42.63689422607422	85.15552520751953	134.82931518554688	
340.5233154296875	58.22209548950195	85.55561828613281	135.46279907226562	
289.20556640625	62.949928283691406	85.29103088378906	135.04385375976562	
171.10446166992188	17.818098068237305	86.91899871826172	137.6214599609375	
167.1930389404297	63.97542190551758	82.7700424194336	131.0522918701172	
139.38644409179688	73.52164459228516	79.3080825805664	125.57086181640625	
113.99949645996094	88.01785278320312	77.57371520996094	122.82479095458984	
84.84911346435547	60.943809509277344	79.02302551269531	125.11952209472656	
112.98101806640625	39.397056579589844	77.60115051269531	122.86822509765625	
141.60194396972656	67.78776550292969	78.80278778076172	124.77082824707031	
195.79644775390625	61.23583984375	79.7364501953125	126.24913024902344	
181.9502716064453	79.93516540527344	78.33771514892578	124.03446197509766	
216.2546844482422	63.565086364746094	77.22161102294922	122.2673110961914	
234.9639129638672	74.19561004638672	78.87800598144531	124.88993072509766	
270.7005310058594	56.021018981933594	79.12387084960938	125.27922058105469	
216.199462890625	61.5863037109375	78.30023956298828	123.97513580322266	
169.62646484375	86.17936706542969	79.1816635131836	125.3707275390625	
153.67539978027344	59.79343795776367	76.72843933105469	121.4864730834961	
148.33250427246094	57.06695556640625	78.55223846435547	124.3741455078125	
164.3744354248047	65.67647552490234	77.47073364257812	122.6617660522461	
241.6906280517578	54.626243591308594	76.95796966552734	121.84989166259766	
231.4093780517578	74.10612487792969	77.0301742553711	121.96421813964844	
244.60830688476562	69.85784149169922	73.97312927246094	117.1239242553711	
239.6879119873047	70.79619598388672	71.6201171875	113.39833068847656	
255.67147827148438	69.37275695800781	67.66571044921875	107.13719177246094	
261.8896484375	87.38829040527344	68.44661712646484	108.37361145019531	
250.7935028076172	91.08328247070312	69.33000946044922	109.77232360839844	
199.39501953125	54.52522659301758	70.67548370361328	111.90266418457031	
226.96432495117188	58.14293670654297	71.58686828613281	113.3456802368164	
251.541015625	86.86821746826172	72.3031005859375	114.47969818115234	
269.053955078125	67.61021423339844	70.12313842773438	111.0280990600586	
322.32330322265625	59.42474365234375	69.63504791259766	110.2552719116211	
323.8166809082031	75.20207214355469	68.76991271972656	108.88548278808594	
340.0636291503906	88.37055206298828	66.47161102294922	105.24652099609375	
360.97613525390625	81.45631408691406	67.02247619628906	106.11872863769531	
363.6944580078125	54.94246292114258	66.33527374267578	105.0306625366211	
382.422119140625	58.88599395751953	64.45121765136719	102.04759216308594	
373.63720703125	87.39378356933594	63.94132614135742	101.24027252197266	
366.484130859375	86.54553985595703	64.6329345703125	102.33531951904297	
374.9247131347656	62.41420364379883	65.00968933105469	102.93184661865234	
338.6834411621094	63.10921096801758	64.4604263305664	102.06217956542969	
349.4654235839844	59.065711975097656	63.85968017578125	101.11099243164062	
386.43572998046875	101.56627655029297	63.0240478515625	99.78791809082031	
413.43524169921875	70.29500579833984	64.64156341552734	102.34898376464844	
415.586181640625	57.42888259887695	64.65839385986328	102.3756332397461	
384.364013671875	97.75130462646484	63.527870178222656	100.58563232421875	
344.042724609375	62.392616271972656	62.85295486450195	99.51701354980469	
340.9960632324219	55.61320114135742	62.83544158935547	99.4892807006836	
352.43719482421875	49.93565368652344	60.571022033691406	95.9039535522461	
314.54815673828125	60.827781677246094	58.80888748168945	93.11390686035156	
311.13372802734375	34.22853088378906	58.047935485839844	91.90906524658203	
317.4261169433594	67.98799133300781	59.96726608276367	94.947998046875	
291.634765625	86.44780731201172	61.026649475097656	96.62535095214844	
262.46380615234375	93.87287139892578	61.196563720703125	96.8943862915039	
172.4327392578125	183.7454071044922	84.90086364746094	55.76408767700195	
187.71435546875	116.355224609375	62.22264862060547	98.5190200805664	
189.4050750732422	121.0179443359375	60.054725646972656	95.08647155761719	
179.1144256591797	106.33817291259766	61.32666778564453	97.10037994384766	
131.52821350097656	105.845703125	62.176246643066406	98.4455337524414	
146.12026977539062	88.45512390136719	63.0556526184082	99.83792877197266	
172.3499755859375	94.47830200195312	61.4999885559082	97.37480163574219	
176.65040588378906	77.92786407470703	59.93256378173828	94.89305114746094	
202.4697723388672	65.45500183105469	59.92829513549805	94.88630676269531	
234.5830535888672	56.96044921875	61.6392936706543	97.59538269042969	
225.8108367919922	68.21119689941406	62.689308166503906	99.25788879394531	
198.91552734375	58.79390335083008	64.48707580566406	102.1043472290039	
216.97265625	81.46257019042969	65.36787414550781	103.49894714355469	
141.92745971679688	56.26776123046875	66.53874206542969	105.35282135009766	
150.1895751953125	89.62437438964844	64.59349060058594	102.27285766601562	
149.56495666503906	77.39439392089844	62.94758224487305	99.66683197021484	
156.53517150878906	82.75721740722656	63.47845458984375	100.50736999511719	
134.08096313476562	98.8341293334961	65.87068176269531	104.2950668334961	
119.7820053100586	92.27930450439453	66.04856872558594	104.57670593261719	
141.35598754882812	106.99344635009766	66.30925750732422	104.98946380615234	
79.83560180664062	81.08161926269531	69.81465911865234	110.5396728515625	
97.95005798339844	84.27925109863281	70.8748550415039	112.21830749511719	
141.40354919433594	83.73374938964844	71.77549743652344	113.64432525634766	
146.32235717773438	66.47538757324219	74.92326354980469	118.62828063964844	
172.016357421875	77.0321273803711	75.51622772216797	119.567138671875	
131.76004028320312	78.16547393798828	74.24720764160156	117.55784606933594	
161.30233764648438	82.1473159790039	74.31208801269531	117.66058349609375	
101.88011169433594	55.290000915527344	74.89574432373047	118.58470153808594	
170.4699249267578	105.15531921386719	73.603271484375	116.5383071899414	
188.72657775878906	80.37357330322266	74.41122436523438	117.81755065917969	
181.66934204101562	67.04340362548828	73.5245132446289	116.4135971069336	
203.64111328125	66.43196105957031	70.72991943359375	111.98883056640625	
185.81008911132812	55.777099609375	68.67585754394531	108.73658752441406	
171.88455200195312	70.59074401855469	69.86971282958984	110.62686920166016	
196.69680786132812	68.85005187988281	70.61683654785156	111.80982971191406	
228.6334228515625	71.98383331298828	73.30335235595703	116.06346130371094	
361.487060546875	53.9135856628418	72.21884155273438	114.34632873535156	
414.33782958984375	57.11909103393555	71.78948974609375	113.6665267944336	
406.12860107421875	44.77312469482422	74.10355377197266	117.33045959472656	
347.6418762207031	32.83489227294922	73.5844955444336	116.50862121582031	
387.57867431640625	53.33757781982422	72.2414321899414	114.3821029663086	
402.1622619628906	69.2891845703125	74.91193389892578	118.6103744506836	
340.41143798828125	25.837411880493164	73.85880279541016	116.94291687011719	
301.7124938964844	69.29656219482422	73.07120513916016	115.69588470458984	
269.6639099121094	50.91636276245117	75.31866455078125	119.25434875488281	
331.0940856933594	46.20627975463867	74.8736343383789	118.54972076416016	
344.82086181640625	23.4793758392334	73.00839233398438	115.59642028808594	
326.35565185546875	47.590248107910156	73.15543365478516	115.82923889160156	
283.1454162597656	59.44584274291992	73.5525894165039	116.45806884765625	
334.030517578125	90.80061340332031	72.11228942871094	114.17759704589844	
334.0098571777344	79.067626953125	71.8994140625	113.8405532836914	
348.10284423828125	100.54146575927734	71.93074798583984	113.8901596069336	
379.54449462890625	70.00308227539062	73.56706237792969	116.4809799194336	
363.78973388671875	74.73152160644531	74.47694396972656	117.9216079711914	
399.33612060546875	70.9474105834961	71.62438201904297	113.40507507324219	
372.37701416015625	76.48873138427734	72.60884094238281	114.96379089355469	
347.77935791015625	47.82289505004883	72.57597351074219	114.9117660522461	
343.8438415527344	57.05100631713867	73.32844543457031	116.10318756103516	
336.65814208984375	63.45060348510742	72.67890930175781	115.07475280761719	
423.27313232421875	39.636993408203125	71.77913665771484	113.6501235961914	
401.43048095703125	32.319557189941406	69.44743347167969	109.95826721191406	
372.52911376953125	60.7165412902832	68.407958984375	108.31242370605469	
377.949951171875	24.526947021484375	68.64693450927734	108.69081115722656	
321.35833740234375	63.842750549316406	69.98087310791016	110.80287170410156	
388.3899841308594	48.77818298339844	69.16104888916016	109.50480651855469	
413.76910400390625	39.73841094970703	67.55479431152344	106.9615707397461	
361.8387145996094	59.381378173828125	68.3659439086914	108.2458724975586	
424.5274353027344	31.994503021240234	68.11326599121094	107.84578704833984	
405.85626220703125	45.30283737182617	68.09550476074219	107.81766510009766	
425.08050537109375	82.09025573730469	66.85861206054688	105.8592529296875	
368.60186767578125	110.86656188964844	66.925048828125	105.9644546508789	
336.11871337890625	83.7934799194336	68.64183044433594	108.68267822265625	
368.15716552734375	99.33068084716797	70.01261901855469	110.85310363769531	
410.9161071777344	94.23432922363281	70.44355010986328	111.535400390625	
360.4761657714844	83.79731750488281	71.56372833251953	113.30902099609375	
386.80133056640625	55.574317932128906	72.61503601074219	114.9736099243164	
379.44879150390625	39.1060676574707	71.86736297607422	113.78981018066406	
423.1639709472656	61.39286422729492	73.92973327636719	117.05521392822266	
419.170166015625	69.1318359375	72.25719451904297	114.40702819824219	
370.4866943359375	77.5332260131836	73.35128021240234	116.13932800292969	
374.78558349609375	39.30480194091797	73.9782943725586	117.1321029663086	
329.4801940917969	65.37477111816406	73.64543151855469	116.60505676269531	
324.3963623046875	40.72703552246094	74.42765045166016	117.84355163574219	
344.727783203125	72.90763854980469	72.72930908203125	115.15450286865234	
353.89593505859375	78.78816986083984	72.67003631591797	115.0606689453125	
414.194091796875	168.55023193359375	79.3751449584961	76.09310913085938	
422.7914123535156	97.98490142822266	75.1482162475586	118.98445129394531	
396.21917724609375	73.68168640136719	76.18248748779297	120.6220474243164	
395.6534729003906	69.81396484375	74.05110168457031	117.24735260009766	
399.08612060546875	56.68788528442383	74.59941101074219	118.11551666259766	
373.2796325683594	67.08035278320312	75.24534606933594	119.13824462890625	
358.7898254394531	70.22245025634766	74.3064956665039	117.6517333984375	
410.9344787597656	114.6410140991211	72.58992004394531	114.93382263183594	
399.9073791503906	168.19741821289062	75.79255676269531	77.94096374511719	
415.90289306640625	107.73533630371094	74.14103698730469	117.38975524902344	
413.40545654296875	119.32861328125	72.71233367919922	115.12764739990234	
416.45404052734375	117.48307800292969	73.11153411865234	115.75971984863281	
423.1317443847656	115.4012451171875	71.36039733886719	112.9870834350586	
417.720458984375	119.74674987792969	71.33203125	112.94218444824219	
420.2732849121094	110.9196548461914	71.16031646728516	112.6703109741211	
424.92071533203125	118.82669830322266	69.25601196289062	109.65516662597656	
403.35028076171875	107.05411529541016	69.09171295166016	109.39501953125	
402.31109619140625	107.62740325927734	70.2236328125	111.1872329711914	
370.77398681640625	74.71771240234375	67.10307312011719	106.24635314941406	
373.44036865234375	99.51400756835938	67.37117004394531	106.67083740234375	
378.0566101074219	81.50004577636719	66.6210708618164	105.48316955566406	
389.91326904296875	91.13911437988281	66.36947631835938	105.0848159790039	
365.1430358886719	70.42910766601562	65.82292938232422	104.2194595336914	
317.70458984375	101.69378662109375	65.7275619506836	104.0684585571289	
375.6155700683594	110.41988372802734	67.24115753173828	106.4649887084961	
360.61212158203125	97.06602478027344	66.14181518554688	104.72438049316406	
354.42633056640625	109.72084045410156	65.96226501464844	104.44010162353516	
398.7032165527344	43.645355224609375	66.36454010009766	105.07704162597656	
388.2889099121094	77.08602142333984	67.19052124023438	106.38484954833984	
363.5680847167969	64.02897644042969	69.20443725585938	109.57353210449219	
322.45416259765625	73.44657135009766	69.81453704833984	110.53951263427734	
317.86932373046875	70.75779724121094	69.63629913330078	110.2573013305664	
313.30438232421875	105.2203598022461	70.01153564453125	110.85142517089844	
358.35089111328125	77.26509094238281	68.97357177734375	109.2079849243164	
390.07427978515625	67.04505157470703	71.19401550292969	112.72367095947266	
363.43475341796875	34.79000473022461	72.62200927734375	114.9846420288086	
365.58856201171875	48.31120681762695	74.26200103759766	117.58128356933594	
407.18255615234375	13.544398307800293	74.1080093383789	117.33746337890625	
337.46466064453125	55.06415939331055	72.16191101074219	114.25614929199219	
306.36602783203125	36.40838623046875	72.48007202148438	114.7599105834961	
310.0664367675781	65.32894134521484	72.56372833251953	114.8923568725586	
358.10064697265625	58.60646438598633	72.74113464355469	115.17325592041016	
367.25433349609375	77.40672302246094	76.6987075805664	121.43939208984375	
384.5126647949219	52.26396942138672	75.58226013183594	119.67170715332031	
358.09735107421875	70.97691345214844	75.04930114746094	118.8278579711914	
345.1744079589844	59.894203186035156	75.7124252319336	119.8778076171875	
299.09588623046875	71.51658630371094	74.072509765625	117.28128814697266	
357.00640869140625	34.05412673950195	74.42346954345703	117.83695983886719	
404.40435791015625	16.93436622619629	74.23130798339844	117.53271484375	
396.60089111328125	14.740257263183594	73.9970703125	117.16184997558594	
379.3497314453125	77.63177490234375	75.64678955078125	119.77391052246094	
311.43157958984375	70.66935729980469	77.4498291015625	122.62870788574219	
382.3780212402344	47.42599868774414	75.76899719238281	119.9673843383789	
361.5423889160156	55.61896896362305	75.26687622070312	119.17236328125	
404.3330993652344	12.283891677856445	79.10069274902344	125.2425537109375	
361.7962951660156	71.6031265258789	78.01371002197266	123.52149963378906	
370.8775939941406	75.35224914550781	77.44615173339844	122.62287902832031	
365.9046936035156	76.07109069824219	78.05174255371094	123.58174133300781	
369.76458740234375	54.100135803222656	79.77345275878906	126.30777740478516	
339.12213134765625	58.6977653503418	80.97540283203125	128.2108612060547	
364.856201171875	28.771799087524414	84.18169403076172	133.2874755859375	
371.1351623535156	29.089401245117188	84.58494567871094	133.92596435546875	
346.3678283691406	53.18464279174805	81.26554870605469	128.67025756835938	
371.55755615234375	50.06541061401367	82.13634490966797	130.04901123046875	
382.2969970703125	62.79024124145508	84.30562591552734	133.4836883544922	
366.0555419921875	70.51008605957031	85.63724517822266	135.59207153320312	
365.6912536621094	32.14047622680664	85.8807373046875	135.9776153564453	
373.91656494140625	29.135608673095703	85.64958190917969	135.6116180419922	
366.7953186035156	63.077239990234375	86.15388488769531	136.4100799560547	
340.30352783203125	68.64431762695312	88.81695556640625	140.62661743164062	
341.64703369140625	49.505409240722656	88.73107147216797	140.49063110351562	
270.100341796875	72.990478515625	87.28902435302734	138.2073974609375	
341.3447570800781	48.829505920410156	88.2848892211914	139.78421020507812	
361.56500244140625	47.15155792236328	90.15486145019531	142.7449951171875	
359.86822509765625	30.1770076751709	86.39117431640625	136.7858428955078	
364.8262634277344	33.55080032348633	87.33143615722656	138.27459716796875	
362.27978515625	38.941932678222656	90.79615783691406	143.76039123535156	
359.1863708496094	49.12556838989258	89.58470153808594	141.84225463867188	
356.44390869140625	30.920703887939453	90.2332763671875	142.86917114257812	
365.35546875	33.157344818115234	91.20014953613281	144.40005493164062	
362.98553466796875	31.609188079833984	90.22718048095703	142.85951232910156	
362.3988342285156	34.17606735229492	92.42447662353516	146.3385772705078	
360.8955993652344	34.65056610107422	94.0313720703125	148.88282775878906	
351.320556640625	35.084938049316406	94.67106628417969	149.8956756591797	
296.5549011230469	57.4015998840332	92.15108489990234	145.90570068359375	
345.9850158691406	41.38847732543945	93.5242691040039	148.0799102783203	
326.5253601074219	63.426856994628906	91.62637329101562	145.07492065429688	
357.4334716796875	38.99183654785156	89.89835357666016	142.33889770507812	
