259.0	126.0	15.0	41.0	
258.4139404296875	125.4983901977539	14.726659774780273	40.949951171875	
257.54827880859375	125.7286605834961	14.787678718566895	41.0405387878418	
256.7237854003906	124.37190246582031	14.686497688293457	41.99073791503906	
256.65765380859375	126.4283676147461	14.916379928588867	40.76541519165039	
256.507080078125	126.55487060546875	14.641546249389648	40.570064544677734	
256.39447021484375	126.4990234375	14.751904487609863	41.07828903198242	
256.1633605957031	126.54178619384766	14.738049507141113	41.66364288330078	
255.92666625976562	126.70780944824219	14.842086791992188	40.86956024169922	
256.35137939453125	126.41575622558594	14.752888679504395	41.25199508666992	
256.24005126953125	126.52830505371094	14.760724067687988	40.839576721191406	
256.6186828613281	126.57939147949219	15.017562866210938	41.301475524902344	
257.5655212402344	126.59684753417969	14.784912109375	40.852500915527344	
257.4964294433594	126.49359130859375	15.098261833190918	41.25257110595703	
258.0393371582031	126.16023254394531	14.869583129882812	42.04304122924805	
258.69708251953125	125.61955261230469	14.606486320495605	41.781558990478516	
259.8847961425781	126.67839050292969	15.002944946289062	40.925086975097656	
260.4307556152344	126.5125961303711	14.489619255065918	40.268341064453125	
260.6711120605469	126.80378723144531	14.523504257202148	40.58222198486328	
260.38714599609375	125.52314758300781	14.93224811553955	42.897945404052734	
260.3993835449219	125.5826187133789	14.909353256225586	42.256988525390625	
260.60101318359375	127.76286315917969	15.15406608581543	41.15671157836914	
260.4870300292969	128.4634246826172	14.8893404006958	41.22309875488281	
261.1159362792969	127.5993881225586	14.827428817749023	42.53120422363281	
262.4677429199219	128.48257446289062	14.739789009094238	40.699256896972656	
263.52923583984375	126.5539321899414	14.963882446289062	40.92951202392578	
264.49896240234375	126.51712799072266	14.778940200805664	40.484169006347656	
265.3617248535156	126.8305892944336	14.713623046875	40.55636215209961	
265.4690856933594	126.4009780883789	14.665555953979492	41.39445114135742	
265.54754638671875	126.4888916015625	14.286343574523926	39.9773063659668	
265.3164367675781	126.08560943603516	14.545478820800781	41.5329704284668	
265.9560546875	127.81724548339844	14.948580741882324	40.80706787109375	
266.5098571777344	127.8711929321289	14.574188232421875	40.87699890136719	
266.49005126953125	127.7298583984375	14.890493392944336	40.60146713256836	
266.62432861328125	127.62080383300781	14.648696899414062	40.263336181640625	
267.05230712890625	127.8205795288086	14.396594047546387	39.951904296875	
267.53094482421875	127.7352294921875	14.925313949584961	40.47475051879883	
267.0826110839844	127.62911224365234	14.721511840820312	40.67121505737305	
267.06951904296875	127.99638366699219	14.45435905456543	39.38870620727539	
266.913330078125	128.38966369628906	14.482391357421875	40.59166717529297	
267.12591552734375	129.74868774414062	14.411999702453613	40.07257843017578	
266.9456481933594	129.1707305908203	14.413044929504395	39.30202102661133	
267.3775329589844	128.77069091796875	14.686073303222656	40.77470016479492	
267.4424743652344	129.58474731445312	14.248174667358398	40.14995193481445	
267.20050048828125	129.07601928710938	14.312124252319336	40.67416000366211	
268.0809631347656	132.21011352539062	14.529356002807617	39.71357727050781	
267.36065673828125	129.46751403808594	14.798128128051758	41.24054718017578	
267.61358642578125	129.61354064941406	14.927072525024414	40.695152282714844	
268.405029296875	129.63937377929688	14.967126846313477	40.549964904785156	
268.5101623535156	129.4159393310547	14.586175918579102	41.21061706542969	
269.00433349609375	130.95050048828125	14.17109203338623	38.524932861328125	
269.101318359375	130.6729736328125	14.663426399230957	40.75370407104492	
269.24761962890625	129.6485595703125	14.452245712280273	41.89287185668945	
269.39385986328125	130.40347290039062	14.50700569152832	40.95103073120117	
269.21240234375	129.34735107421875	14.598058700561523	42.66025161743164	
269.3085632324219	131.51016235351562	14.92064094543457	40.66923522949219	
269.51324462890625	130.82977294921875	14.421875	39.968353271484375	
269.6221008300781	130.25637817382812	14.835171699523926	41.427940368652344	
269.5341796875	129.78158569335938	14.369897842407227	41.66774368286133	
269.4229431152344	130.56692504882812	14.653300285339355	41.349998474121094	
269.27606201171875	130.656005859375	14.64716625213623	41.24810028076172	
268.6744689941406	130.35525512695312	14.808929443359375	41.790794372558594	
268.86151123046875	130.5719757080078	14.248479843139648	41.430381774902344	
268.2874755859375	127.58541107177734	14.780981063842773	46.5876350402832	
268.4070739746094	128.92405700683594	14.332582473754883	44.426979064941406	
268.37091064453125	128.2417449951172	14.055824279785156	43.743614196777344	
268.9288635253906	127.82801818847656	14.184074401855469	45.274688720703125	
270.39013671875	122.35931396484375	14.759523391723633	44.10778045654297	
271.2403259277344	117.27857971191406	14.088796615600586	40.37604904174805	
270.85943603515625	107.34983825683594	14.164443969726562	41.546226501464844	
269.58734130859375	99.13676452636719	13.690313339233398	38.04094696044922	
266.8131103515625	89.09228515625	13.375930786132812	33.49219512939453	
262.84600830078125	80.79241943359375	13.975790023803711	38.20048141479492	
261.2577819824219	62.15351104736328	13.104135513305664	35.794288635253906	
259.56103515625	49.71514129638672	13.59852123260498	35.896392822265625	
258.5126953125	40.137916564941406	15.026102066040039	36.4661750793457	
261.0616149902344	31.580928802490234	16.120695114135742	37.76426315307617	
263.7173767089844	24.8395938873291	15.933682441711426	40.97405242919922	
266.4048767089844	20.02428436279297	16.36513900756836	40.321102142333984	
269.399658203125	16.373098373413086	16.391958236694336	40.59871292114258	
273.1723937988281	11.602209091186523	17.06028938293457	42.80780792236328	
277.6366271972656	10.560179710388184	16.495121002197266	40.973609924316406	
281.8627624511719	9.496310234069824	17.09430694580078	42.129547119140625	
286.5167236328125	7.0765509605407715	17.808067321777344	45.45407485961914	
292.2145690917969	4.466965198516846	17.27846908569336	47.0850830078125	
298.2801208496094	5.550085067749023	15.810949325561523	45.31897735595703	
302.9122314453125	2.786628007888794	16.43393325805664	48.25157928466797	
306.68878173828125	2.942129135131836	15.885492324829102	46.381004333496094	
308.7946472167969	0.8460132479667664	16.80797576904297	49.0056037902832	
311.1788635253906	0.724557101726532	16.333820343017578	47.48627471923828	
312.52679443359375	0.6511176824569702	16.548912048339844	46.25990295410156	
314.1449279785156	1.7787296772003174	15.748292922973633	45.655723571777344	
314.70941162109375	0.9881473779678345	16.403602600097656	44.96430587768555	
314.8489990234375	0.0	16.94004249572754	47.9702033996582	
315.15069580078125	0.8264389038085938	16.158586502075195	43.520408630371094	
314.7337341308594	0.43296775221824646	16.498645782470703	46.1705322265625	
313.9612731933594	0.30517464876174927	16.072040557861328	45.13982391357422	
312.895263671875	0.0	15.823567390441895	43.575775146484375	
309.92401123046875	0.0	16.000871658325195	42.950218200683594	
306.1478271484375	0.0	16.935791015625	45.53293991088867	
302.7121276855469	0.0	17.00771141052246	46.29656982421875	
299.51019287109375	0.0	16.664518356323242	42.204246520996094	
297.04083251953125	-2.0076396465301514	15.144658088684082	41.3953857421875	
293.8868713378906	0.0	16.58346939086914	35.645416259765625	
290.9345703125	0.0	17.126712799072266	33.68980026245117	
291.4831237792969	-4.547526836395264	14.364294052124023	39.26239776611328	
290.77227783203125	0.0	16.237598419189453	28.641103744506836	
291.119873046875	0.0	16.327014923095703	28.268169403076172	
293.52362060546875	-7.229493141174316	13.47710132598877	36.83740997314453	
291.86700439453125	0.0	15.868919372558594	27.427486419677734	
294.06280517578125	0.0	16.12908363342285	27.971532821655273	
295.89337158203125	0.0	15.86656379699707	29.381790161132812	
297.867919921875	0.0	16.421112060546875	31.30988121032715	
300.8656005859375	0.0	16.503131866455078	34.3210563659668	
303.92266845703125	0.0	16.572559356689453	37.252872467041016	
306.9811096191406	0.0	16.539077758789062	40.833534240722656	
310.461669921875	0.0	16.346088409423828	43.92258071899414	
313.98541259765625	0.0	16.60479736328125	44.144752502441406	
318.20782470703125	0.0	16.097986221313477	43.39767837524414	
322.95257568359375	0.841439425945282	15.950718879699707	44.40302276611328	
327.8247375488281	1.9556926488876343	15.731289863586426	43.79602813720703	
332.29107666015625	4.52614164352417	15.594592094421387	43.27864456176758	
337.13134765625	7.395432949066162	15.66321849822998	42.72864532470703	
340.9458923339844	10.43641471862793	15.590330123901367	44.039405822753906	
344.7310485839844	15.719583511352539	15.21385669708252	42.671669006347656	
347.4493713378906	17.92023277282715	15.992317199707031	45.49428176879883	
350.5507507324219	23.72897720336914	15.559794425964355	43.08366775512695	
352.5068664550781	27.519765853881836	16.32162857055664	44.24214172363281	
353.614990234375	32.11869430541992	16.236936569213867	42.163536071777344	
355.10699462890625	36.89091110229492	15.532071113586426	40.03638458251953	
355.9288330078125	40.30219268798828	15.982658386230469	41.512290954589844	
357.28179931640625	44.24921417236328	16.026281356811523	42.1536750793457	
358.19256591796875	46.42845916748047	15.565716743469238	43.23302459716797	
358.69830322265625	50.590789794921875	15.130833625793457	43.8797721862793	
358.09796142578125	51.70660400390625	15.796902656555176	48.219482421875	
357.58087158203125	57.19294357299805	15.138662338256836	44.40691375732422	
356.8990173339844	59.00331497192383	14.763128280639648	44.93178176879883	
355.4761962890625	58.22277069091797	14.956225395202637	46.326446533203125	
353.323974609375	60.98540115356445	14.5362548828125	43.83977127075195	
350.7005310058594	59.901588439941406	14.740135192871094	46.031768798828125	
347.8873596191406	62.431617736816406	14.432413101196289	39.847957611083984	
343.410888671875	59.579010009765625	14.954983711242676	42.45597457885742	
340.1434020996094	57.85988235473633	14.827150344848633	41.340423583984375	
336.068115234375	53.32616424560547	15.876269340515137	45.80939483642578	
333.9899597167969	53.6301383972168	15.583415031433105	41.514137268066406	
331.8894958496094	49.876914978027344	15.68394660949707	42.59953308105469	
330.0982360839844	46.086219787597656	16.839693069458008	44.35248565673828	
329.30072021484375	44.50152587890625	16.266904830932617	44.593017578125	
329.1759033203125	45.830047607421875	16.235828399658203	42.70667266845703	
329.9495544433594	46.40609359741211	15.745147705078125	43.1886100769043	
331.4538269042969	47.41029739379883	16.632890701293945	43.545509338378906	
335.61907958984375	48.594520568847656	15.867080688476562	43.1821174621582	
341.36431884765625	51.98878860473633	15.826510429382324	42.640830993652344	
346.7289123535156	53.045501708984375	15.582077026367188	44.5416145324707	
351.54595947265625	52.84063720703125	16.3300724029541	45.93952178955078	
358.23590087890625	56.81187057495117	15.017744064331055	45.78644561767578	
362.1541442871094	61.28106689453125	15.120074272155762	45.19400405883789	
367.16021728515625	64.04460144042969	14.665431022644043	42.65581130981445	
370.9552307128906	63.1817512512207	14.921760559082031	46.80751037597656	
373.9092102050781	66.12329864501953	14.488197326660156	43.1456298828125	
375.5420837402344	69.89244842529297	14.6040620803833	40.16087341308594	
376.22283935546875	71.0453872680664	14.318986892700195	39.58711624145508	
376.3751220703125	73.09668731689453	14.042669296264648	37.37555694580078	
375.0113220214844	70.94184112548828	14.598820686340332	41.077476501464844	
373.6741027832031	69.83116149902344	14.35368537902832	41.787044525146484	
371.83636474609375	69.43346405029297	14.040252685546875	39.04422378540039	
369.0057067871094	66.89784240722656	14.459834098815918	41.11699676513672	
364.95782470703125	67.29411315917969	14.262965202331543	38.13951873779297	
359.48004150390625	64.06500244140625	14.544116020202637	39.68517303466797	
352.8924865722656	59.823333740234375	14.968859672546387	43.95362091064453	
346.3435363769531	59.646240234375	14.780035018920898	40.606483459472656	
339.88397216796875	57.265663146972656	14.416433334350586	38.97770309448242	
333.02203369140625	50.430023193359375	14.720670700073242	42.40036392211914	
327.0764465332031	48.928707122802734	14.46691608428955	38.26224899291992	
319.6061096191406	50.39563751220703	14.128320693969727	38.61743927001953	
312.7366638183594	37.436744689941406	16.233766555786133	40.61610794067383	
306.4495544433594	30.978845596313477	16.88705825805664	42.061283111572266	
300.89190673828125	28.037342071533203	16.8824520111084	41.31988525390625	
298.14593505859375	23.857789993286133	16.449569702148438	43.350067138671875	
294.74798583984375	18.01519203186035	17.049152374267578	45.08546829223633	
293.10284423828125	15.810495376586914	17.39708709716797	45.22357940673828	
291.2193298339844	16.260108947753906	17.317432403564453	43.86070251464844	
293.72723388671875	14.023104667663574	17.27753257751465	45.47653579711914	
296.4557189941406	12.322064399719238	17.924928665161133	48.936344146728516	
299.0592041015625	15.737688064575195	18.546703338623047	47.553810119628906	
305.08587646484375	18.22979736328125	18.29642105102539	48.933837890625	
310.4758605957031	22.511404037475586	17.966800689697266	46.113624572753906	
317.1241149902344	28.100055694580078	17.827394485473633	42.55409240722656	
324.34661865234375	33.04589080810547	17.52349853515625	42.23968505859375	
331.13092041015625	35.249507904052734	17.857027053833008	44.31766128540039	
338.40032958984375	38.74675369262695	17.370655059814453	45.09525680541992	
344.46881103515625	44.355682373046875	16.100872039794922	41.792659759521484	
348.83831787109375	47.669090270996094	16.194555282592773	41.455291748046875	
353.5667724609375	49.55229568481445	15.976224899291992	43.850616455078125	
357.2709045410156	51.29474639892578	15.972976684570312	44.5158576965332	
359.8842468261719	53.4568977355957	15.606959342956543	42.91786193847656	
362.9138488769531	55.54079055786133	15.242666244506836	44.440975189208984	
365.55450439453125	57.9561653137207	15.386883735656738	44.43324279785156	
367.4377746582031	59.711830139160156	15.354421615600586	45.72162628173828	
368.10845947265625	63.58502960205078	15.122270584106445	43.983394622802734	
368.864013671875	66.52769470214844	14.161443710327148	43.080169677734375	
369.29205322265625	69.83012390136719	14.181144714355469	41.361183166503906	
368.13995361328125	69.84549713134766	14.402557373046875	40.573883056640625	
365.02972412109375	68.48948669433594	14.344635009765625	41.915626525878906	
360.09869384765625	68.48402404785156	14.209493637084961	38.992469787597656	
353.4908142089844	65.36498260498047	14.297154426574707	40.53776168823242	
346.3560485839844	62.78098678588867	14.547207832336426	39.63859558105469	
338.0199279785156	57.00653839111328	15.271835327148438	40.926544189453125	
330.5151062011719	52.98090744018555	15.507514953613281	39.626346588134766	
323.5153503417969	47.09329605102539	15.70014476776123	40.60569381713867	
316.9295959472656	41.81888961791992	15.720870971679688	38.05329513549805	
310.867919921875	34.73909378051758	15.931783676147461	41.190895080566406	
307.1114196777344	27.924922943115234	16.204622268676758	43.46318817138672	
303.12530517578125	24.27515411376953	16.78032875061035	43.10209655761719	
299.86859130859375	22.34175682067871	16.545635223388672	41.48881912231445	
298.6324157714844	19.986881256103516	16.206844329833984	41.290794372558594	
298.1116943359375	18.4042911529541	16.99585723876953	43.594398498535156	
299.0152893066406	19.861618041992188	16.592113494873047	42.87791442871094	
301.0436096191406	22.435993194580078	17.297382354736328	44.70067596435547	
305.5555114746094	28.890548706054688	16.655622482299805	43.51582717895508	
310.4932861328125	33.641990661621094	17.492666244506836	42.11634063720703	
317.07635498046875	39.09320068359375	17.42638397216797	42.400299072265625	
324.93450927734375	45.9769172668457	16.575902938842773	41.02912521362305	
332.4619445800781	51.35309600830078	16.323692321777344	41.662391662597656	
341.1809387207031	55.915855407714844	14.995208740234375	42.107688903808594	
348.771728515625	60.06147003173828	14.95068645477295	41.52737045288086	
356.10064697265625	61.777366638183594	15.048009872436523	41.86540985107422	
363.2768859863281	65.19828796386719	14.613024711608887	41.179054260253906	
368.5885314941406	67.98091125488281	14.4896821975708	40.243221282958984	
371.779296875	71.70868682861328	13.528715133666992	37.40656280517578	
374.2037658691406	75.9464340209961	13.465347290039062	35.667808532714844	
373.435546875	73.64970397949219	13.446060180664062	37.99584197998047	
372.01171875	73.39469146728516	13.41908073425293	35.802223205566406	
369.14556884765625	70.7167739868164	13.507173538208008	36.33080291748047	
366.22845458984375	71.22865295410156	13.25477123260498	35.22280502319336	
361.2607421875	69.45912170410156	13.834701538085938	35.43608856201172	
356.63623046875	68.1534194946289	13.720845222473145	36.013427734375	
351.80987548828125	62.78199005126953	14.1490478515625	39.13070297241211	
346.5841979980469	60.44219970703125	14.169476509094238	37.85295867919922	
341.40155029296875	56.94648361206055	14.581576347351074	38.107887268066406	
333.4977722167969	51.31846237182617	15.223544120788574	39.6399040222168	
324.69818115234375	46.25192642211914	15.74098014831543	39.649803161621094	
317.55743408203125	41.700584411621094	15.938258171081543	38.55680847167969	
308.8769836425781	35.00231170654297	16.399272918701172	40.462215423583984	
301.94366455078125	30.22797203063965	16.03727149963379	40.86943817138672	
296.02410888671875	24.363489151000977	15.865880012512207	42.0262451171875	
290.574951171875	18.832836151123047	15.860005378723145	42.04734420776367	
285.99688720703125	13.811971664428711	16.012401580810547	40.9500846862793	
282.1710510253906	7.410733699798584	16.226152420043945	43.19992446899414	
278.8000183105469	5.475691318511963	16.55088996887207	41.041141510009766	
276.6499938964844	2.0872421264648438	16.745288848876953	43.31303787231445	
276.8819580078125	1.8672759532928467	16.755626678466797	42.24995040893555	
276.9162292480469	2.3983588218688965	16.93296241760254	43.094627380371094	
278.45855712890625	3.312967300415039	16.698122024536133	42.467281341552734	
279.1598815917969	6.6485700607299805	17.019840240478516	43.9239387512207	
280.72784423828125	11.023118019104004	16.588407516479492	42.850921630859375	
282.64874267578125	14.023518562316895	16.787872314453125	44.24998092651367	
285.5365295410156	17.757699966430664	17.902450561523438	46.63436508178711	
291.3106689453125	22.981647491455078	17.283296585083008	44.88378143310547	
296.237060546875	27.458730697631836	17.64139747619629	44.08523941040039	
303.2968444824219	32.3306884765625	17.066577911376953	41.333229064941406	
309.2350158691406	36.67120361328125	16.647253036499023	42.872711181640625	
313.9862976074219	41.569419860839844	16.777498245239258	43.3706169128418	
319.257568359375	44.11029052734375	16.99190902709961	45.91965103149414	
324.8682556152344	50.318870544433594	15.270322799682617	44.45592498779297	
330.2821350097656	56.3918342590332	15.209493637084961	43.89427185058594	
335.07708740234375	60.04035568237305	15.055801391601562	44.568965911865234	
339.1639099121094	66.60079193115234	14.539212226867676	42.224361419677734	
343.3356018066406	72.42988586425781	13.854776382446289	38.936805725097656	
345.7310485839844	76.66682434082031	14.093864440917969	35.2872428894043	
345.60479736328125	73.44728088378906	14.31182861328125	40.04662322998047	
343.198974609375	75.12793731689453	14.654333114624023	37.83856964111328	
339.6595764160156	74.32865905761719	14.155085563659668	37.733028411865234	
333.46246337890625	68.7057113647461	14.144383430480957	42.27814483642578	
326.28729248046875	66.9572982788086	14.092562675476074	40.504112243652344	
319.5747985839844	63.66393280029297	13.78254222869873	38.179927825927734	
310.5690002441406	57.7560920715332	14.942593574523926	41.56371307373047	
303.30645751953125	52.618797302246094	14.577787399291992	40.087364196777344	
297.11590576171875	46.117286682128906	15.226104736328125	40.511016845703125	
294.653076171875	42.737693786621094	15.246389389038086	38.70014953613281	
292.48394775390625	36.5281982421875	16.788818359375	41.260948181152344	
291.76812744140625	34.372154235839844	16.886432647705078	40.81779098510742	
291.08489990234375	33.179527282714844	16.652658462524414	40.79594802856445	
291.015380859375	33.1587028503418	17.32473373413086	40.78582000732422	
291.35089111328125	35.36640930175781	17.346323013305664	39.02220153808594	
291.3064880371094	36.402252197265625	16.815715789794922	38.09017562866211	
291.16485595703125	37.99284744262695	16.875450134277344	38.50800323486328	
290.0269470214844	40.195831298828125	16.099287033081055	38.88915252685547	
286.5746765136719	43.326271057128906	15.821340560913086	40.03078079223633	
282.24810791015625	48.310211181640625	15.309808731079102	40.7711067199707	
276.95758056640625	53.78520965576172	14.572210311889648	40.75109100341797	
273.16143798828125	57.882667541503906	13.814786911010742	38.8311882019043	
268.47625732421875	58.60466384887695	13.892587661743164	40.06898498535156	
264.1437683105469	62.28083419799805	13.914701461791992	40.06498336791992	
261.034912109375	65.83721160888672	14.155158996582031	40.0135612487793	
258.37445068359375	68.76533508300781	14.526153564453125	38.811012268066406	
255.6533966064453	71.17668914794922	14.63488483428955	37.55426788330078	
253.6428985595703	71.48078155517578	14.206167221069336	36.809730529785156	
249.65310668945312	71.08257293701172	14.068643569946289	36.9277458190918	
245.6212158203125	71.55552673339844	14.147427558898926	35.7444953918457	
241.7043914794922	70.68278503417969	14.448530197143555	36.15596008300781	
238.7495880126953	69.7795639038086	16.447467803955078	44.95648193359375	
237.5396270751953	70.53577423095703	14.619392395019531	34.54332733154297	
237.16159057617188	71.85707092285156	13.783041000366211	34.14607620239258	
236.25802612304688	72.96372985839844	14.067087173461914	34.55438995361328	
235.981201171875	73.27289581298828	14.277966499328613	35.02854919433594	
236.7506866455078	73.13082122802734	13.916379928588867	36.71319580078125	
237.40042114257812	74.7165298461914	13.787264823913574	36.37109375	
238.221923828125	76.20704650878906	13.934954643249512	38.134376525878906	
242.16348266601562	78.7654800415039	13.508891105651855	38.359214782714844	
243.98379516601562	83.52191162109375	14.386075019836426	38.384765625	
248.3956298828125	87.42127990722656	14.691192626953125	40.664241790771484	
252.83084106445312	91.9663314819336	14.027185440063477	40.40900421142578	
256.7480163574219	95.061279296875	13.918856620788574	41.0599479675293	
259.82708740234375	98.18426513671875	13.430171012878418	39.33079147338867	
261.56536865234375	99.86273193359375	13.623733520507812	39.98672103881836	
262.28662109375	101.1996078491211	13.70946216583252	38.58625793457031	
260.3437194824219	100.05784606933594	13.883520126342773	39.472442626953125	
257.8396301269531	96.66441345214844	14.203532218933105	41.471107482910156	
254.35952758789062	94.33686065673828	13.894018173217773	39.83633804321289	
249.17880249023438	89.73577880859375	14.140246391296387	38.736785888671875	
242.3997802734375	82.64055633544922	14.767473220825195	40.720638275146484	
236.51181030273438	76.44175720214844	14.314312934875488	41.69715118408203	
231.34091186523438	74.10923767089844	14.218603134155273	39.029293060302734	
230.13790893554688	66.59782409667969	14.787588119506836	39.273338317871094	
227.3459930419922	65.90643310546875	15.66260051727295	38.344146728515625	
226.71688842773438	64.59989929199219	15.277976989746094	38.274112701416016	
227.0407257080078	63.04018020629883	15.359461784362793	40.008514404296875	
228.3206024169922	65.03472137451172	14.745248794555664	37.418800354003906	
229.1949462890625	66.42565155029297	14.9821195602417	40.236427307128906	
231.8604736328125	68.13636779785156	14.544927597045898	42.45200729370117	
235.8029327392578	72.68146514892578	13.97235107421875	41.85344696044922	
239.1797637939453	76.11278533935547	14.565256118774414	41.31877517700195	
243.26406860351562	80.8775405883789	14.555317878723145	39.1007080078125	
246.3832244873047	82.86354064941406	14.467779159545898	40.745811462402344	
249.56076049804688	84.69937896728516	14.05548095703125	39.922569274902344	
249.69906616210938	83.1023941040039	14.398523330688477	40.37537384033203	
248.3272247314453	84.48808288574219	14.107342720031738	39.1776123046875	
246.5009002685547	82.9271011352539	14.511090278625488	40.726417541503906	
245.11941528320312	81.02777099609375	14.535181999206543	39.94852828979492	
242.6842803955078	78.73924255371094	14.676595687866211	39.76227569580078	
239.559326171875	73.80131530761719	14.132328987121582	41.621131896972656	
234.32540893554688	68.03777313232422	14.528802871704102	44.91592788696289	
229.9152374267578	64.55714416503906	15.367582321166992	43.144859313964844	
224.94625854492188	58.493621826171875	18.791593551635742	51.3637580871582	
218.45462036132812	56.61948776245117	16.20059585571289	44.46392059326172	
215.91586303710938	53.3682746887207	15.214044570922852	45.18476486206055	
213.1125030517578	53.623191833496094	15.533439636230469	47.5281867980957	
213.94778442382812	60.483673095703125	14.811859130859375	49.19163131713867	
214.2979278564453	70.55008697509766	13.387918472290039	49.72364044189453	
214.06668090820312	69.25038146972656	13.551496505737305	51.86301803588867	
214.3636932373047	70.17437744140625	13.202651977539062	49.975833892822266	
215.056884765625	61.43267059326172	13.876279830932617	49.97483825683594	
216.7868194580078	42.019065856933594	15.868249893188477	47.240150451660156	
216.98214721679688	36.44324493408203	17.2025089263916	46.11504364013672	
220.2538604736328	38.2177848815918	16.161853790283203	41.14830780029297	
219.7866668701172	38.83845520019531	15.744989395141602	39.58439254760742	
219.0272674560547	39.600311279296875	15.939061164855957	39.12895965576172	
218.40731811523438	42.463287353515625	15.621200561523438	39.379825592041016	
222.31942749023438	43.983497619628906	14.503132820129395	38.711971282958984	
224.3004608154297	45.417762756347656	14.142193794250488	38.59397506713867	
226.73898315429688	47.45405197143555	14.059819221496582	42.86178970336914	
230.64697265625	53.907196044921875	13.560063362121582	42.67631912231445	
236.00515747070312	60.402915954589844	13.229799270629883	42.36361312866211	
242.7645263671875	72.28192901611328	13.071708679199219	37.2812614440918	
248.023193359375	74.61882019042969	13.370707511901855	44.778472900390625	
254.86318969726562	85.03070831298828	12.098200798034668	37.16277313232422	
259.7616882324219	86.02418518066406	12.717248916625977	38.447967529296875	
260.21502685546875	89.31332397460938	16.50938606262207	45.125709533691406	
263.6201171875	88.98503112792969	13.278434753417969	37.220821380615234	
262.4870910644531	85.71926879882812	13.394783020019531	38.56947708129883	
261.50897216796875	82.02238464355469	12.930087089538574	38.8636360168457	
258.5791015625	76.5621337890625	12.122186660766602	38.078269958496094	
254.5011749267578	70.73451232910156	12.608320236206055	39.21384048461914	
249.85922241210938	63.748878479003906	12.257555961608887	43.620079040527344	
245.9630889892578	53.888511657714844	13.366920471191406	44.76932144165039	
241.7965087890625	49.222206115722656	13.142648696899414	43.4830436706543	
235.99185180664062	42.72349166870117	14.070330619812012	45.11595916748047	
231.13134765625	40.23847579956055	14.264625549316406	42.761619567871094	
225.8612823486328	36.45203399658203	14.858871459960938	42.134891510009766	
221.81295776367188	36.610923767089844	15.551809310913086	39.767616271972656	
219.01220703125	35.52079391479492	16.752269744873047	38.62431716918945	
217.71719360351562	35.27071762084961	16.619739532470703	38.5264778137207	
219.1358184814453	37.05695724487305	15.652839660644531	39.0726203918457	
223.15139770507812	39.29157257080078	14.374052047729492	39.739402770996094	
225.51156616210938	43.76373291015625	13.971084594726562	40.35429382324219	
228.9438018798828	47.70938491821289	13.734746932983398	40.47322463989258	
233.76821899414062	52.595542907714844	13.688100814819336	39.49274826049805	
239.3583221435547	54.3259162902832	13.415191650390625	42.04622268676758	
245.8641815185547	61.20277786254883	12.462647438049316	41.82866287231445	
251.8474884033203	65.34522247314453	13.04905891418457	39.589942932128906	
259.734375	73.11192321777344	12.882232666015625	34.02744674682617	
262.70782470703125	71.07978820800781	12.626668930053711	34.67024612426758	
264.28607177734375	71.6224136352539	13.277801513671875	37.3653564453125	
264.6888122558594	74.95915985107422	16.433908462524414	44.91941452026367	
264.56134033203125	72.71105194091797	14.062451362609863	39.6219596862793	
262.4322204589844	72.21842193603516	13.477506637573242	39.00011444091797	
259.5860290527344	71.15201568603516	13.517614364624023	40.05946731567383	
256.00592041015625	70.3259048461914	13.241406440734863	38.94172668457031	
252.998291015625	69.04896545410156	13.094902038574219	40.068790435791016	
250.080322265625	63.2132453918457	13.258941650390625	44.82554244995117	
246.5447235107422	58.66951370239258	13.428445816040039	43.35296630859375	
244.1392364501953	53.924957275390625	13.124682426452637	43.692317962646484	
241.44369506835938	52.855247497558594	12.70590877532959	40.29888153076172	
236.09274291992188	49.13617706298828	13.37781047821045	39.72834014892578	
231.0775604248047	48.79389190673828	13.637669563293457	35.69145584106445	
226.48660278320312	42.700965881347656	14.14543342590332	36.63527297973633	
222.54824829101562	36.86830520629883	14.857786178588867	37.87581253051758	
219.9629364013672	37.35857009887695	15.679351806640625	33.635860443115234	
218.45291137695312	34.77288055419922	15.980550765991211	34.415855407714844	
216.5200653076172	36.06366729736328	16.34356689453125	36.09186553955078	
217.63021850585938	38.452816009521484	16.045581817626953	35.01218795776367	
219.94931030273438	38.586273193359375	15.130163192749023	36.19397735595703	
224.9005126953125	40.4564208984375	14.469627380371094	38.50808334350586	
229.7690887451172	43.10923767089844	14.275930404663086	41.6458740234375	
235.68276977539062	46.52880096435547	14.091654777526855	42.93296813964844	
243.089599609375	51.050750732421875	13.603388786315918	43.34101486206055	
250.146240234375	56.64704513549805	13.111381530761719	42.593788146972656	
256.2981262207031	63.917205810546875	13.633676528930664	39.8463020324707	
260.5579528808594	67.1993408203125	14.289138793945312	42.17169189453125	
262.91363525390625	70.52982330322266	13.428510665893555	39.666542053222656	
263.8370056152344	70.94482421875	13.183549880981445	39.3939208984375	
265.5603942871094	74.23231506347656	13.592458724975586	38.729042053222656	
265.3227844238281	74.88455963134766	13.456730842590332	39.29785919189453	
264.94561767578125	73.28187561035156	14.303823471069336	42.46360778808594	
263.883544921875	72.18736267089844	14.878889083862305	43.57196044921875	
262.47845458984375	72.236083984375	13.754072189331055	41.99856948852539	
260.3908386230469	71.00675201416016	13.355237007141113	42.305049896240234	
258.6590881347656	70.98884582519531	13.721096992492676	40.53166580200195	
255.80410766601562	65.78915405273438	13.411580085754395	43.027618408203125	
252.82003784179688	62.054176330566406	12.866978645324707	42.56371307373047	
248.1991729736328	57.18437576293945	12.608198165893555	41.62738800048828	
242.22293090820312	53.84739303588867	13.052223205566406	40.30866241455078	
236.4454345703125	50.672454833984375	12.955734252929688	38.701141357421875	
232.0397491455078	45.806854248046875	13.582049369812012	41.290409088134766	
228.978515625	41.016483306884766	14.214845657348633	41.404075622558594	
227.41653442382812	40.949424743652344	13.91172981262207	37.69169998168945	
225.2128448486328	37.37708282470703	14.524136543273926	39.37165451049805	
223.55294799804688	38.48744583129883	14.654029846191406	37.97254943847656	
224.1352081298828	39.69859313964844	14.576208114624023	38.196510314941406	
225.4152374267578	41.58159255981445	14.056864738464355	39.630950927734375	
227.6836395263672	46.512733459472656	14.004549026489258	40.359615325927734	
231.81777954101562	53.815391540527344	13.610516548156738	37.3249626159668	
236.8631591796875	59.077003479003906	13.448652267456055	39.4715576171875	
243.0337677001953	64.55320739746094	13.908998489379883	41.83050537109375	
248.5229949951172	71.96489715576172	13.756657600402832	42.294715881347656	
253.51953125	75.06873321533203	14.022013664245605	42.73618698120117	
259.82806396484375	78.55024719238281	13.829147338867188	42.73299026489258	
266.15570068359375	84.34187316894531	13.927316665649414	43.06646728515625	
269.868408203125	88.22126770019531	13.260343551635742	40.69646453857422	
275.26763916015625	92.98857116699219	13.283467292785645	40.217586517333984	
276.88824462890625	94.40992736816406	14.122039794921875	41.83435821533203	
279.1554870605469	99.98152160644531	13.320796012878418	39.761558532714844	
279.7976379394531	100.60237121582031	14.05700397491455	42.43488693237305	
279.471435546875	103.10343170166016	14.624722480773926	42.918800354003906	
277.23529052734375	103.62520599365234	13.980596542358398	42.00388717651367	
274.078857421875	102.6687240600586	14.054738998413086	43.350894927978516	
269.4202880859375	100.43570709228516	14.510297775268555	44.6854248046875	
265.2300720214844	99.07584381103516	14.826482772827148	46.77600860595703	
258.9536437988281	96.81085205078125	14.819880485534668	45.757728576660156	
252.192626953125	94.30582427978516	15.007940292358398	43.67676544189453	
245.7985076904297	92.19331359863281	14.99287223815918	42.27696990966797	
239.93478393554688	89.98607635498047	14.46705150604248	39.878875732421875	
232.8855438232422	81.96714782714844	16.296428680419922	46.10114288330078	
227.84140014648438	75.891357421875	14.833112716674805	49.34254837036133	
223.2512664794922	73.2586898803711	15.400087356567383	51.44453811645508	
220.16635131835938	70.93119812011719	16.234615325927734	49.7121696472168	
216.0064239501953	68.6297836303711	18.066314697265625	48.141212463378906	
214.0389404296875	66.91773986816406	18.502788543701172	48.47431182861328	
214.72482299804688	67.08241271972656	18.36848258972168	47.82154083251953	
215.3446044921875	69.0245590209961	17.8877010345459	46.33058547973633	
219.16543579101562	66.81973266601562	17.01589012145996	51.698768615722656	
221.9457550048828	69.03409576416016	16.079267501831055	55.24536895751953	
227.14501953125	74.10957336425781	14.516934394836426	47.402854919433594	
232.3701934814453	77.16470336914062	15.33073616027832	47.133544921875	
238.52969360351562	82.83323669433594	15.931452751159668	46.62969970703125	
244.94430541992188	87.03068542480469	15.702539443969727	45.74342727661133	
251.68112182617188	88.8293685913086	14.868904113769531	49.44594955444336	
258.5966491699219	91.85945892333984	15.33116340637207	48.32273483276367	
265.43829345703125	93.36499786376953	15.758204460144043	48.4349365234375	
270.4883728027344	95.30122375488281	15.014839172363281	45.743438720703125	
274.4925537109375	95.01551818847656	15.02979564666748	45.29032897949219	
276.9203186035156	93.23274230957031	15.118820190429688	44.41765594482422	
278.80828857421875	94.4122314453125	14.981216430664062	43.025840759277344	
279.0568542480469	93.8196029663086	14.363393783569336	42.64535903930664	
276.1134033203125	90.72334289550781	14.867780685424805	43.240928649902344	
273.80731201171875	89.54729461669922	14.136293411254883	42.406166076660156	
270.17620849609375	87.57734680175781	13.194250106811523	42.347835540771484	
266.5181884765625	84.65830993652344	13.055806159973145	40.709625244140625	
262.9421691894531	80.98487854003906	13.2484130859375	39.35102462768555	
259.1329650878906	74.24698638916016	13.501045227050781	41.90886688232422	
255.1051483154297	72.29227447509766	12.784490585327148	37.94196319580078	
249.35916137695312	66.7713623046875	12.315622329711914	38.389060974121094	
242.8596649169922	63.02423095703125	13.529073715209961	37.785064697265625	
236.5322265625	58.805992126464844	12.998830795288086	35.44165802001953	
228.4961395263672	53.2650032043457	14.199313163757324	34.58438491821289	
221.57504272460938	45.28246307373047	14.73529052734375	34.358890533447266	
214.6691131591797	38.25934600830078	16.226165771484375	34.64002227783203	
207.9825897216797	32.6306266784668	16.250408172607422	44.41783905029297	
201.9882049560547	29.176982879638672	16.282779693603516	44.506324768066406	
203.02859497070312	27.718753814697266	15.48730754852295	42.332035064697266	
210.2292022705078	23.41438865661621	15.363268852233887	41.99300003051758	
208.51254272460938	20.214460372924805	14.958715438842773	40.8872184753418	
208.9604034423828	19.992870330810547	15.1595458984375	41.4361572265625	
208.31002807617188	18.902067184448242	15.103413581848145	41.28273010253906	
188.1358184814453	27.233173370361328	14.54655933380127	39.760658264160156	
204.5517120361328	22.606979370117188	14.012011528015137	38.299560546875	
208.3858642578125	27.00042152404785	13.521883010864258	36.95987319946289	
196.48696899414062	36.05255126953125	13.988931655883789	38.236473083496094	
196.2234649658203	45.836387634277344	13.759124755859375	37.60832977294922	
204.06463623046875	45.23146438598633	13.880195617675781	37.93925857543945	
209.1022186279297	49.71278762817383	13.152692794799805	35.950748443603516	
210.493408203125	57.83628463745117	13.561355590820312	37.124473571777344	
215.6333465576172	55.8439826965332	13.6055269241333	35.52962875366211	
218.87966918945312	58.384971618652344	13.779284477233887	39.26372528076172	
223.4419708251953	65.85933685302734	14.958172798156738	38.249019622802734	
225.1265869140625	75.13203430175781	14.999194145202637	46.20020294189453	
230.6033935546875	84.18794250488281	13.0645170211792	42.75791549682617	
234.208740234375	86.92437744140625	14.848892211914062	44.139835357666016	
237.9114990234375	92.73441314697266	16.018339157104492	44.98991012573242	
241.8280029296875	97.24021911621094	15.433232307434082	45.6626091003418	
245.05160522460938	101.82605743408203	14.802584648132324	42.05290985107422	
247.0901641845703	101.42658996582031	15.75611400604248	47.33228302001953	
249.52975463867188	103.9315414428711	15.5565824508667	47.004573822021484	
252.24038696289062	102.8680648803711	15.885676383972168	48.70478057861328	
255.0364990234375	103.84649658203125	15.796804428100586	46.941200256347656	
256.9031677246094	102.19781494140625	15.094598770141602	46.06060028076172	
260.84881591796875	104.03825378417969	14.595019340515137	42.494510650634766	
262.2377014160156	101.1590805053711	15.555376052856445	41.626182556152344	
265.536865234375	100.80982971191406	15.094047546386719	40.65465545654297	
269.7258605957031	99.14252471923828	15.587066650390625	41.46834182739258	
270.9330139160156	94.7428207397461	15.596696853637695	40.971946716308594	
274.796142578125	94.41099548339844	15.491162300109863	40.31752014160156	
276.9881896972656	91.98236083984375	14.837316513061523	38.79506301879883	
277.9268493652344	88.9576416015625	15.539915084838867	38.15633773803711	
276.3822937011719	82.84940338134766	15.506640434265137	37.74393844604492	
275.02728271484375	82.27513122558594	15.475448608398438	35.99098205566406	
274.45574951171875	82.16471862792969	14.636651992797852	36.144874572753906	
273.56390380859375	83.45516967773438	15.407495498657227	38.00271224975586	
269.402099609375	78.2247543334961	14.349372863769531	41.36193084716797	
264.96136474609375	77.3883285522461	13.491975784301758	40.54117965698242	
256.6779479980469	73.54895782470703	12.7056245803833	40.125465393066406	
247.92184448242188	68.21923828125	13.704913139343262	41.93548583984375	
242.5636749267578	61.01306915283203	13.49317741394043	42.75699996948242	
237.99923706054688	53.74505615234375	13.214803695678711	42.44688415527344	
234.7493438720703	53.0814094543457	13.949396133422852	40.091800689697266	
237.4463348388672	54.1425895690918	13.330914497375488	37.89892578125	
239.4647979736328	55.77054977416992	13.686546325683594	38.88796615600586	
243.92758178710938	55.54752731323242	14.304113388061523	44.42333984375	
249.88870239257812	65.4149398803711	13.991070747375488	40.427513122558594	
255.31082153320312	71.09440612792969	14.41150188446045	41.195396423339844	
263.1731872558594	75.79719543457031	13.89765453338623	43.278289794921875	
269.31951904296875	82.17189025878906	14.673583984375	45.16281509399414	
274.82965087890625	90.57442474365234	15.062179565429688	47.8430290222168	
277.45587158203125	97.7941665649414	14.71973705291748	43.96004104614258	
279.076171875	101.91326904296875	15.923162460327148	45.20785903930664	
280.89154052734375	108.20112609863281	14.821764945983887	42.993526458740234	
281.531494140625	111.87202453613281	14.50689697265625	43.95528793334961	
281.1142578125	113.04588317871094	15.670621871948242	49.83938980102539	
281.87530517578125	120.05400085449219	15.218571662902832	47.951961517333984	
281.60430908203125	119.439208984375	15.586629867553711	51.2359619140625	
282.0703125	123.3376235961914	14.794843673706055	47.737728118896484	
282.71905517578125	121.08039855957031	14.96118450164795	49.64028549194336	
282.333984375	123.67124938964844	15.2716646194458	48.32372283935547	
281.4586181640625	121.0623779296875	15.561836242675781	51.39643096923828	
281.7853088378906	120.3235855102539	15.45977783203125	51.05738067626953	
282.6485595703125	122.1434097290039	14.11534309387207	45.62134552001953	
281.72528076171875	119.01847839355469	15.802660942077637	52.34383010864258	
281.14569091796875	121.78173828125	15.581095695495605	48.76533889770508	
282.67510986328125	127.99284362792969	14.553056716918945	40.64497756958008	
281.99725341796875	127.7930679321289	15.595785140991211	41.33336639404297	
280.6258850097656	127.31401062011719	18.00030517578125	49.20085906982422	
283.4991455078125	128.5146026611328	14.7988862991333	39.1339225769043	
282.5534362792969	128.8906707763672	15.255331039428711	39.80027389526367	
282.8697509765625	128.09439086914062	15.108604431152344	40.58449935913086	
282.5709228515625	128.54588317871094	14.68565845489502	39.90684127807617	
281.9629211425781	129.21151733398438	15.135188102722168	39.15291213989258	
281.6773681640625	130.7684326171875	15.074075698852539	37.778053283691406	
