149.0	117.0	22.0	13.0	
148.9578094482422	116.7651596069336	21.25824546813965	12.411174774169922	
148.7168426513672	117.31404113769531	22.292587280273438	12.259861946105957	
148.66317749023438	117.46407318115234	21.98748207092285	12.470734596252441	
145.85043334960938	117.36271667480469	22.073375701904297	13.043359756469727	
146.6548614501953	116.2114486694336	22.503658294677734	13.35502815246582	
147.20974731445312	117.1746826171875	22.399959564208984	13.831515312194824	
147.6819610595703	117.54054260253906	22.266672134399414	13.232576370239258	
145.76895141601562	116.2782974243164	23.79199981689453	14.390647888183594	
144.6203155517578	116.71248626708984	25.0378475189209	14.912942886352539	
145.9174041748047	116.20428466796875	23.690196990966797	15.077178955078125	
145.1284942626953	117.30149841308594	24.965848922729492	15.271751403808594	
142.02615356445312	116.64915466308594	28.263208389282227	16.70098876953125	
145.58584594726562	117.17427825927734	25.725189208984375	15.952542304992676	
145.81161499023438	117.32159423828125	24.554271697998047	14.990402221679688	
146.21096801757812	117.45770263671875	24.5430850982666	15.476580619812012	
145.79946899414062	117.3674545288086	25.284317016601562	15.52171802520752	
144.93980407714844	117.70866394042969	25.371017456054688	15.31763744354248	
145.86460876464844	118.15731048583984	24.699216842651367	15.315683364868164	
146.28598022460938	118.09100341796875	23.943836212158203	15.589398384094238	
146.134521484375	118.17916107177734	24.254779815673828	15.670626640319824	
145.681396484375	118.15168762207031	24.469951629638672	15.45960521697998	
146.55130004882812	118.09059143066406	23.340845108032227	15.110143661499023	
145.1103057861328	118.04734802246094	25.30194854736328	15.336267471313477	
145.32717895507812	118.15364074707031	25.34397315979004	15.191587448120117	
144.81912231445312	117.82591247558594	25.86197853088379	15.963445663452148	
144.52662658691406	118.0662841796875	26.69894027709961	15.878870964050293	
144.11068725585938	117.6617660522461	26.070003509521484	16.476076126098633	
144.89109802246094	117.90666198730469	25.367431640625	16.54702377319336	
144.5452117919922	117.92669677734375	25.480806350708008	15.744918823242188	
145.42047119140625	117.94828796386719	24.47590446472168	15.11999797821045	
146.04037475585938	117.8803482055664	23.77365493774414	15.697039604187012	
144.79959106445312	117.5361328125	25.149471282958984	15.479131698608398	
145.29217529296875	117.5317153930664	24.624544143676758	16.07294273376465	
144.18814086914062	117.0653076171875	25.77554702758789	16.161714553833008	
144.57339477539062	117.0254898071289	25.686391830444336	16.283985137939453	
143.87734985351562	116.9722900390625	26.172473907470703	16.75141716003418	
144.14744567871094	117.1960678100586	26.19635009765625	16.531513214111328	
144.10861206054688	117.62601470947266	26.256183624267578	16.258203506469727	
143.85354614257812	117.21051025390625	26.579111099243164	16.723224639892578	
143.47047424316406	116.9457015991211	26.360881805419922	16.82940101623535	
144.37564086914062	117.12646484375	25.485017776489258	16.903921127319336	
143.2314910888672	117.06778717041016	26.850921630859375	16.496774673461914	
143.6103973388672	116.6327133178711	26.338571548461914	16.98927879333496	
144.43002319335938	116.38533782958984	24.786876678466797	16.526668548583984	
143.7971649169922	116.30281066894531	25.78512954711914	16.469491958618164	
143.22055053710938	116.78263854980469	28.42702865600586	17.517606735229492	
143.14016723632812	116.45516204833984	27.769134521484375	17.271434783935547	
142.16995239257812	116.4782943725586	28.375417709350586	17.065086364746094	
142.48155212402344	116.65690612792969	28.819271087646484	17.940597534179688	
143.5431365966797	116.86524963378906	26.816905975341797	16.710824966430664	
143.36058044433594	116.58416748046875	25.9450740814209	16.39849853515625	
143.49024963378906	116.36175537109375	26.602529525756836	16.270662307739258	
142.96530151367188	116.0638427734375	26.558425903320312	16.768024444580078	
142.6630401611328	116.18965911865234	27.368942260742188	17.716020584106445	
142.89358520507812	116.0008773803711	27.373281478881836	17.851219177246094	
142.86239624023438	116.21720886230469	27.541370391845703	17.83933448791504	
142.3114471435547	116.48200988769531	28.188976287841797	16.993179321289062	
143.27859497070312	116.85578918457031	27.189966201782227	16.046428680419922	
142.63522338867188	116.9909896850586	27.812435150146484	16.787120819091797	
143.1766357421875	116.82640075683594	27.32049560546875	17.436716079711914	
142.96469116210938	116.99737548828125	27.034008026123047	16.734655380249023	
141.95834350585938	116.9130859375	28.156940460205078	17.019908905029297	
142.20101928710938	117.18511962890625	27.018230438232422	17.530574798583984	
141.7720947265625	117.5287094116211	28.267810821533203	17.081981658935547	
142.2878875732422	117.34870910644531	27.836233139038086	17.221691131591797	
141.658203125	117.4041519165039	28.656042098999023	17.39849090576172	
142.5087127685547	116.1807632446289	26.860530853271484	17.912492752075195	
142.61569213867188	115.98050689697266	28.092784881591797	17.241840362548828	
142.27755737304688	115.8700942993164	27.936309814453125	17.92909049987793	
142.12210083007812	116.2859115600586	26.928348541259766	17.499156951904297	
141.9209442138672	116.21153259277344	27.592859268188477	17.319272994995117	
141.4762420654297	115.84205627441406	26.69244956970215	16.776668548583984	
140.7737274169922	116.30909729003906	28.953256607055664	17.37453842163086	
140.84182739257812	115.86277770996094	28.42877197265625	16.644168853759766	
141.3905487060547	115.84956359863281	28.651830673217773	17.12321662902832	
141.25790405273438	115.9251937866211	28.94021987915039	16.775375366210938	
141.9718780517578	116.24238586425781	28.094982147216797	17.135663986206055	
141.12515258789062	116.0785903930664	27.24599838256836	17.008838653564453	
141.9769287109375	115.94071960449219	26.6574764251709	17.056894302368164	
142.5309295654297	116.66184997558594	27.4383544921875	17.283432006835938	
142.15414428710938	116.84474182128906	27.4986629486084	17.6124324798584	
141.9404296875	116.3648452758789	27.7476749420166	17.183908462524414	
142.8065185546875	116.2813491821289	26.696460723876953	17.117557525634766	
141.5587158203125	116.44669342041016	28.216411590576172	17.1270751953125	
139.71994018554688	115.4983139038086	33.91210174560547	20.03896713256836	
143.1085205078125	116.33232116699219	25.96941566467285	17.257532119750977	
142.97703552246094	116.02872467041016	26.18068504333496	16.950847625732422	
142.8199920654297	116.0075454711914	27.0705623626709	16.08626937866211	
143.1697540283203	116.07243347167969	26.600322723388672	15.958993911743164	
142.65267944335938	116.1631088256836	27.26690101623535	17.608205795288086	
143.14639282226562	116.27449035644531	26.5126953125	16.57490348815918	
142.02401733398438	116.30009460449219	27.40220069885254	16.932575225830078	
142.57870483398438	116.30067443847656	26.930328369140625	16.860769271850586	
143.48619079589844	116.46199798583984	26.247798919677734	16.614490509033203	
143.10232543945312	116.10682678222656	26.82097816467285	16.772979736328125	
143.0440673828125	116.22743225097656	27.24875831604004	16.665935516357422	
144.12904357910156	116.2330551147461	26.629898071289062	16.49374771118164	
144.9638214111328	116.25833892822266	27.238201141357422	16.73891830444336	
144.5186767578125	115.66539001464844	27.1401309967041	16.8029842376709	
146.21131896972656	116.1466064453125	26.101736068725586	16.7271785736084	
146.1620635986328	116.11766052246094	27.380517959594727	16.522762298583984	
147.2740478515625	116.13203430175781	26.657480239868164	15.867158889770508	
148.06851196289062	116.73677062988281	25.929607391357422	16.05414390563965	
148.66302490234375	116.4399642944336	26.404077529907227	16.30276870727539	
149.43447875976562	116.09529113769531	25.42095375061035	15.5648193359375	
150.37319946289062	116.86671447753906	25.78383445739746	17.135961532592773	
150.92596435546875	116.3503189086914	25.695648193359375	16.46902084350586	
149.52284240722656	116.7364501953125	27.723758697509766	16.321590423583984	
151.84585571289062	117.38844299316406	25.892528533935547	15.574045181274414	
151.096923828125	117.37669372558594	27.195068359375	17.30169677734375	
152.24327087402344	117.1663589477539	26.327350616455078	16.327594757080078	
153.3301544189453	118.16119384765625	27.103424072265625	16.82976722717285	
154.32815551757812	118.6154556274414	27.530521392822266	17.885953903198242	
156.19854736328125	119.0561294555664	26.520822525024414	16.152769088745117	
158.8574981689453	119.555419921875	27.4942684173584	17.131683349609375	
164.39659118652344	119.78810119628906	26.882633209228516	16.280641555786133	
172.6298370361328	119.57600402832031	26.858755111694336	17.083097457885742	
184.97103881835938	119.31597900390625	27.26165199279785	16.568655014038086	
198.9036407470703	118.4543228149414	28.097848892211914	17.24699592590332	
211.2042999267578	118.8403091430664	33.46698760986328	19.77594757080078	
229.2216033935547	117.76153564453125	30.824413299560547	18.281269073486328	
243.2248077392578	117.3178939819336	29.572216033935547	17.427888870239258	
256.0289001464844	117.1644515991211	27.810033798217773	17.355445861816406	
266.1341552734375	117.61491394042969	29.38568687438965	17.973190307617188	
279.84588623046875	118.06795501708984	27.579273223876953	17.10940933227539	
291.936767578125	118.2894515991211	23.935632705688477	14.977653503417969	
297.1770935058594	117.98233795166016	25.914159774780273	14.844537734985352	
299.6593322753906	118.19316101074219	25.00817108154297	15.545931816101074	
297.61932373046875	117.53863525390625	23.640209197998047	14.937405586242676	
296.0831604003906	116.25834655761719	23.10795021057129	14.692049026489258	
294.27606201171875	115.76951599121094	23.678125381469727	14.925664901733398	
293.189208984375	114.56535339355469	23.64312171936035	14.948379516601562	
292.7520751953125	114.68912506103516	23.490604400634766	14.418691635131836	
291.7669982910156	114.72003173828125	24.370418548583984	14.884284973144531	
291.345703125	113.37104797363281	23.67940330505371	14.95576286315918	
290.2914123535156	113.4942855834961	25.071578979492188	14.882960319519043	
289.7428283691406	113.65830993652344	24.92047882080078	14.815035820007324	
290.86187744140625	113.81199645996094	23.653364181518555	14.424967765808105	
290.49169921875	113.45524597167969	24.4615421295166	15.3035888671875	
290.8614501953125	113.62284851074219	24.08086585998535	14.962864875793457	
291.7327575683594	113.40216064453125	23.87382698059082	14.918327331542969	
291.9418029785156	113.41883850097656	23.70272445678711	14.829195022583008	
291.6595764160156	113.6048583984375	23.98874855041504	14.686920166015625	
292.5978698730469	113.514404296875	22.50800323486328	13.902359008789062	
291.9251403808594	113.9351806640625	23.023508071899414	14.069555282592773	
290.2366638183594	113.2018814086914	24.900184631347656	15.614909172058105	
290.0148620605469	113.18450927734375	25.63014793395996	15.879361152648926	
290.27520751953125	113.613525390625	25.173810958862305	15.998079299926758	
290.15264892578125	113.45501708984375	25.196619033813477	15.237007141113281	
290.4754943847656	113.0542221069336	24.865320205688477	14.99852180480957	
291.37152099609375	113.50068664550781	24.95721435546875	15.352743148803711	
292.390380859375	113.63465881347656	23.799917221069336	14.834159851074219	
292.5823974609375	113.45137786865234	23.507343292236328	14.80866527557373	
294.0318298339844	114.2388916015625	24.77696990966797	15.714960098266602	
296.9767761230469	113.80699157714844	23.350528717041016	14.753320693969727	
299.9644775390625	115.06138610839844	24.149381637573242	15.455548286437988	
303.0758361816406	115.28334045410156	24.147472381591797	14.881315231323242	
308.3768615722656	116.26871490478516	22.433387756347656	14.38020133972168	
320.54736328125	117.3208236694336	22.850162506103516	14.631072998046875	
331.2726135253906	115.50540924072266	34.147464752197266	20.178058624267578	
335.73162841796875	118.5363540649414	34.37371063232422	20.311750411987305	
335.38525390625	104.94996643066406	33.47440719604492	19.780345916748047	
346.55950927734375	106.87962341308594	32.094093322753906	18.964706420898438	
348.31573486328125	109.8082275390625	31.586917877197266	18.66501235961914	
359.8233337402344	113.014892578125	30.003387451171875	17.729290008544922	
365.69232177734375	111.6164321899414	30.1153621673584	17.795455932617188	
367.4512023925781	109.54078674316406	30.746166229248047	18.168203353881836	
382.5623474121094	103.21978759765625	31.2963809967041	18.493330001831055	
371.8080139160156	116.8161392211914	32.221168518066406	19.039794921875	
364.16851806640625	108.78517150878906	32.0943489074707	18.964855194091797	
348.7530822753906	112.4771499633789	31.991069793701172	18.903827667236328	
353.89398193359375	107.0669174194336	30.901195526123047	18.259811401367188	
347.4805603027344	107.78584289550781	30.98971176147461	18.312118530273438	
344.6225891113281	107.45124816894531	31.173908233642578	18.420963287353516	
347.7873840332031	106.25162506103516	32.10321807861328	18.97010040283203	
346.49847412109375	107.232421875	31.569339752197266	18.654626846313477	
354.8587341308594	110.48541259765625	31.60201644897461	18.67393684387207	
360.71197509765625	103.5820541381836	31.606090545654297	18.676342010498047	
357.40802001953125	109.5871353149414	33.43351745605469	19.75618553161621	
355.34368896484375	103.18525695800781	32.971588134765625	19.48322868347168	
364.79730224609375	110.81623840332031	33.217796325683594	19.62871551513672	
369.89459228515625	98.51417541503906	33.53616714477539	19.816843032836914	
373.189208984375	100.16739654541016	33.979248046875	20.078662872314453	
372.6424865722656	108.482177734375	34.11871337890625	20.161075592041016	
362.39288330078125	115.09806823730469	33.419986724853516	19.748191833496094	
372.66131591796875	104.8536148071289	32.67770004272461	19.309566497802734	
370.1663513183594	104.81900787353516	33.40941619873047	19.741945266723633	
365.98541259765625	112.70072174072266	34.20211410522461	20.210357666015625	
370.82659912109375	104.59529876708984	34.70928955078125	20.510051727294922	
372.3575744628906	99.90403747558594	34.694984436035156	20.501596450805664	
373.8319396972656	100.4433364868164	33.866024017333984	20.011754989624023	
372.40228271484375	100.935791015625	33.79103469848633	19.96744155883789	
367.89385986328125	109.56988525390625	35.468482971191406	20.958663940429688	
368.663330078125	99.21446228027344	34.75658416748047	20.53799819946289	
364.5355529785156	109.57817077636719	35.64150619506836	21.060909271240234	
371.99176025390625	99.35136413574219	35.677764892578125	21.08233642578125	
363.64385986328125	113.74400329589844	36.407493591308594	21.513538360595703	
358.5879821777344	116.04216003417969	35.170509338378906	20.782594680786133	
359.3531799316406	109.33192443847656	35.48862075805664	20.970569610595703	
362.5582580566406	123.75276184082031	36.93391036987305	21.824604034423828	
363.98187255859375	123.98221588134766	36.763328552246094	21.723804473876953	
355.4263610839844	117.17327880859375	37.361698150634766	22.0773868560791	
366.75885009765625	108.857421875	37.059959411621094	21.89908790588379	
367.2320556640625	114.1199951171875	38.212913513183594	22.58037757873535	
374.4778137207031	102.7059555053711	38.73765563964844	22.890453338623047	
368.30682373046875	103.5450210571289	39.60798263549805	23.404735565185547	
374.22479248046875	107.85700988769531	39.83417510986328	23.538393020629883	
366.6885986328125	104.208251953125	39.90668869018555	23.58124542236328	
364.38189697265625	111.29522705078125	41.9163818359375	24.76879119873047	
372.91632080078125	114.13578796386719	42.2675895690918	24.9763240814209	
365.29864501953125	110.22343444824219	44.219398498535156	26.12966537475586	
356.72088623046875	98.47895050048828	44.00019073486328	26.000133514404297	
333.8072814941406	105.9615707397461	42.533843994140625	25.133655548095703	
322.55267333984375	107.86656188964844	42.75486373901367	25.264259338378906	
294.6649169921875	125.35030364990234	42.67098617553711	25.21469497680664	
294.37872314453125	126.830322265625	41.30297088623047	24.406322479248047	
289.0054626464844	135.27328491210938	42.063941955566406	24.855989456176758	
291.6429748535156	130.8396759033203	41.12151336669922	24.299100875854492	
287.70257568359375	133.08119201660156	41.84668731689453	24.727611541748047	
293.52471923828125	132.23324584960938	41.34904479980469	24.433549880981445	
290.2127685546875	128.75192260742188	41.3494758605957	24.43380355834961	
287.4986267089844	130.53408813476562	41.562156677246094	24.559478759765625	
292.2974548339844	136.8085174560547	41.79780960083008	24.698726654052734	
288.6915283203125	131.21768188476562	41.82593536376953	24.715343475341797	
292.27117919921875	133.6356658935547	43.264488220214844	25.56539535522461	
303.93603515625	122.38249206542969	42.249019622802734	24.96534538269043	
307.57977294921875	119.93704986572266	40.862144470214844	24.145828247070312	
296.64129638671875	131.2490692138672	41.03343963623047	24.247045516967773	
293.2506408691406	130.00439453125	40.898193359375	24.167129516601562	
297.83758544921875	127.71968841552734	41.23152160644531	24.36409568786621	
288.7506103515625	131.155517578125	41.68497848510742	24.632047653198242	
288.6317138671875	132.52415466308594	43.093360900878906	25.464277267456055	
288.07232666015625	131.18362426757812	44.26626205444336	26.1573543548584	
294.32781982421875	125.40421295166016	45.07721710205078	26.636554718017578	
289.0990295410156	126.05891418457031	47.144439697265625	27.858097076416016	
283.9817199707031	132.29067993164062	49.078670501708984	29.001052856445312	
276.0311584472656	133.17385864257812	51.428260803222656	30.389446258544922	
276.9211120605469	122.93125915527344	51.72495651245117	30.564767837524414	
275.76080322265625	133.1470489501953	53.113037109375	31.384998321533203	
283.8438415527344	126.25469970703125	51.86989212036133	30.65041160583496	
289.95074462890625	124.7986831665039	50.8270149230957	30.034164428710938	
288.16131591796875	121.52043151855469	51.2891845703125	30.307270050048828	
285.7027587890625	130.61865234375	50.3388671875	29.745718002319336	
282.7745056152344	125.44331359863281	49.193016052246094	29.06862449645996	
286.2853088378906	133.26376342773438	48.06993103027344	28.404979705810547	
287.11395263671875	134.6344757080078	48.859134674072266	28.871328353881836	
284.4751892089844	127.11483001708984	48.40481185913086	28.602863311767578	
285.5726623535156	132.67713928222656	48.39141845703125	28.59494972229004	
284.8868713378906	125.95938873291016	48.46837615966797	28.640426635742188	
286.14007568359375	126.2668685913086	46.994651794433594	27.769588470458984	
287.91259765625	131.88754272460938	46.54960632324219	27.506603240966797	
287.2047424316406	129.83944702148438	48.57774353027344	28.705047607421875	
287.1695861816406	130.7361297607422	48.31139373779297	28.547658920288086	
283.55523681640625	122.46510314941406	50.5373649597168	29.86301040649414	
287.1206970214844	127.26594543457031	49.1054573059082	29.016881942749023	
280.1278991699219	127.90238952636719	49.959625244140625	29.521617889404297	
286.7181091308594	129.17010498046875	51.09685134887695	30.193614959716797	
275.42816162109375	119.94950103759766	52.496559143066406	31.020715713500977	
277.6045837402344	124.2799072265625	53.028839111328125	31.33524513244629	
280.433837890625	119.54142761230469	52.66510009765625	31.12030601501465	
279.4031982421875	120.67569732666016	52.37601852416992	30.94948387145996	
283.56341552734375	127.62396240234375	52.76604080200195	31.179950714111328	
280.1742858886719	125.38200378417969	51.11737060546875	30.205734252929688	
286.39886474609375	130.8607177734375	50.27762985229492	29.709524154663086	
284.3282165527344	120.4950942993164	50.58451461791992	29.890865325927734	
280.4321594238281	119.0945816040039	52.11033248901367	30.7924861907959	
298.58172607421875	117.2719955444336	52.39232635498047	30.959117889404297	
281.7289123535156	125.06327819824219	51.48322296142578	30.421916961669922	
281.16217041015625	120.70314025878906	51.21826171875	30.26534652709961	
277.280029296875	114.5156021118164	52.83799362182617	31.222461700439453	
280.56781005859375	126.5558853149414	51.237342834472656	30.276620864868164	
279.475341796875	122.7344741821289	50.80022430419922	30.018321990966797	
274.8730163574219	114.67640686035156	52.35599899291992	30.937641143798828	
280.1512145996094	133.65060424804688	50.98638153076172	30.12832260131836	
284.87420654296875	124.5160140991211	51.41017532348633	30.37874412536621	
278.92376708984375	116.66157531738281	51.235572814941406	30.27556800842285	
279.38409423828125	116.6509780883789	52.313201904296875	30.912349700927734	
271.87921142578125	125.0406723022461	53.48619842529297	31.605487823486328	
282.2439880371094	124.08319091796875	52.806068420410156	31.203588485717773	
285.1022644042969	123.31636810302734	53.75370407104492	31.7635555267334	
279.4588928222656	118.61598205566406	54.54996871948242	32.234073638916016	
279.0638732910156	130.72406005859375	54.878936767578125	32.428462982177734	
276.440185546875	115.38658142089844	53.06923294067383	31.35909080505371	
278.9806213378906	114.22041320800781	53.961463928222656	31.886316299438477	
266.26470947265625	111.24609375	55.76984786987305	32.95490646362305	
276.9954833984375	115.6496353149414	56.015098571777344	33.09982681274414	
266.5211181640625	112.51908111572266	54.626564025878906	32.27932357788086	
272.11566162109375	110.38726806640625	55.691566467285156	32.90864181518555	
267.20245361328125	113.47628021240234	57.2684326171875	33.84042739868164	
262.26385498046875	112.9555892944336	59.49202346801758	35.15436553955078	
268.60614013671875	107.07844543457031	61.07635498046875	36.09055709838867	
269.2722473144531	111.75617980957031	59.04115676879883	34.887939453125	
268.2127380371094	113.55330657958984	58.17403030395508	34.375545501708984	
271.67523193359375	121.27880859375	58.96673583984375	34.843963623046875	
260.4591979980469	116.292724609375	59.09733963012695	34.92113494873047	
262.72113037109375	111.7739028930664	58.2627067565918	34.427940368652344	
259.59832763671875	111.13365173339844	58.32667922973633	34.46574020385742	
269.3834533691406	122.1458511352539	58.9431266784668	34.83000946044922	
272.7860107421875	122.90599060058594	61.78898239135742	36.51165008544922	
265.43023681640625	109.7923812866211	63.0803337097168	37.274723052978516	
253.4772186279297	109.85096740722656	63.261260986328125	37.38163757324219	
255.5372314453125	110.78059387207031	63.4521598815918	37.494441986083984	
248.0098419189453	118.65484619140625	63.59686279296875	37.57994842529297	
266.4397888183594	120.6326904296875	62.968727111816406	37.208778381347656	
263.16143798828125	115.76814270019531	64.20319366455078	37.938236236572266	
256.06329345703125	110.72613525390625	64.05230712890625	37.84907913208008	
260.1058654785156	115.7744140625	66.98108673095703	39.5797233581543	
268.3460998535156	113.71031188964844	70.0862045288086	41.41456985473633	
244.12857055664062	112.47906494140625	71.25846862792969	42.107276916503906	
223.9251251220703	116.031982421875	75.4293212890625	44.571876525878906	
239.82870483398438	119.16209411621094	78.10780334472656	46.15462112426758	
249.2428741455078	116.47509765625	81.6611328125	48.254310607910156	
239.61734008789062	118.5440444946289	80.19615173339844	47.388648986816406	
256.79119873046875	127.42924499511719	78.33343505859375	46.2879524230957	
239.3211212158203	113.00141906738281	76.0726089477539	44.95200729370117	
242.698974609375	114.79661560058594	73.60869598388672	43.49605941772461	
229.0006866455078	114.656005859375	72.84577941894531	43.04524612426758	
233.78286743164062	114.89533996582031	71.9971923828125	42.54380416870117	
233.3297119140625	116.54997253417969	71.93888854980469	42.50934982299805	
242.23715209960938	120.4640884399414	75.85778045654297	44.8250617980957	
233.899658203125	115.230712890625	78.44048309326172	46.3512077331543	
224.2681121826172	114.10990142822266	80.4836196899414	47.55851745605469	
221.2288055419922	113.1021499633789	83.24646759033203	49.19110870361328	
206.7528839111328	113.94660949707031	86.61473846435547	51.181453704833984	
209.63583374023438	113.9036636352539	84.51278686523438	49.93938446044922	
207.202880859375	118.2951889038086	84.91090393066406	50.17463302612305	
202.99200439453125	117.28462219238281	85.15181732177734	50.316993713378906	
198.30197143554688	116.29010009765625	82.73468780517578	48.88868713378906	
171.68951416015625	116.58403015136719	83.5921630859375	49.39537811279297	
199.75674438476562	117.16908264160156	87.79442596435547	51.8785400390625	
214.9090576171875	119.21351623535156	87.35200500488281	51.61710739135742	
199.7413787841797	120.15804290771484	87.77806854248047	51.868873596191406	
195.3018798828125	118.1631088256836	88.4686279296875	52.27692794799805	
212.8289337158203	117.68995666503906	87.8208999633789	51.8941764831543	
198.5280303955078	117.4927978515625	88.49150085449219	52.290435791015625	
186.5431365966797	118.49629211425781	92.3817367553711	54.58921432495117	
197.63223266601562	120.8768081665039	94.0162124633789	55.5550422668457	
177.25534057617188	121.87394714355469	96.76649475097656	57.180213928222656	
184.46697998046875	119.27510070800781	98.60615539550781	58.26728439331055	
182.79647827148438	116.46333312988281	98.78836822509766	58.37495803833008	
184.2823486328125	116.7868881225586	101.64627838134766	60.063720703125	
228.00119018554688	127.27742004394531	102.58796691894531	60.62017822265625	
174.46087646484375	116.2661361694336	105.13450622558594	62.12495803833008	
177.2274169921875	116.6640396118164	104.76871490478516	61.90880584716797	
183.85693359375	116.8847885131836	106.04252624511719	62.6615104675293	
195.95632934570312	116.1258773803711	107.47613525390625	63.50864791870117	
203.5941619873047	118.65962219238281	106.8696060180664	63.150245666503906	
193.33444213867188	118.92506408691406	104.48286437988281	61.73988723754883	
190.87548828125	118.53385925292969	103.62843322753906	61.23499298095703	
198.59437561035156	121.7615737915039	98.599609375	58.2634162902832	
194.90554809570312	119.53044128417969	97.76072692871094	57.7677116394043	
193.025146484375	120.29588317871094	103.96919250488281	61.43634796142578	
203.81521606445312	124.86546325683594	102.6264877319336	60.6429328918457	
221.9453582763672	120.53456115722656	102.6742172241211	60.67113494873047	
228.64004516601562	120.6620101928711	103.74290466308594	61.30263137817383	
191.2073516845703	117.25665283203125	105.76692962646484	62.4986457824707	
188.71458435058594	119.3685531616211	107.09468078613281	63.28322219848633	
176.66329956054688	121.4453353881836	108.88970947265625	64.34391784667969	
170.56552124023438	121.29071044921875	109.02880859375	64.42611694335938	
173.0875244140625	120.83625793457031	107.8652114868164	63.7385368347168	
155.6792449951172	120.7529067993164	108.1513900756836	63.90763473510742	
155.5608367919922	119.30252838134766	110.25489807128906	65.1506118774414	
157.54531860351562	116.4324722290039	110.1556396484375	65.09196472167969	
188.5013427734375	123.6259536743164	109.69853210449219	64.82185363769531	
177.14285278320312	121.80416107177734	108.55712890625	64.14738464355469	
169.179443359375	121.00883483886719	110.3511962890625	65.20751953125	
195.44308471679688	121.13383483886719	113.64427185058594	67.15342712402344	
182.63235473632812	121.269775390625	114.8885269165039	67.88866424560547	
185.0009307861328	124.45417785644531	111.05987548828125	65.62627410888672	
180.0375213623047	124.61247253417969	111.28187561035156	65.75745391845703	
187.69747924804688	126.34706115722656	111.88401794433594	66.11326599121094	
162.3166046142578	121.7299575805664	114.5271224975586	67.67509460449219	
161.48623657226562	122.7747802734375	116.0395278930664	68.56878662109375	
146.3625030517578	117.889404296875	116.7905502319336	69.0125732421875	
