243.0	231.0	36.0	18.0	
245.8482208251953	230.0385284423828	35.57683563232422	17.049074172973633	
246.79946899414062	228.0950164794922	37.422035217285156	17.2249698638916	
249.71322631835938	226.3396759033203	37.70283508300781	17.236528396606445	
254.2445526123047	224.1331787109375	36.11806106567383	17.392908096313477	
258.07391357421875	221.6713409423828	36.51612091064453	17.404878616333008	
260.96942138671875	218.893798828125	37.21904754638672	17.81963539123535	
263.94976806640625	215.62118530273438	37.50853729248047	18.08042335510254	
267.4711608886719	211.80795288085938	38.53435134887695	19.267175674438477	
266.45416259765625	207.8172607421875	41.136756896972656	19.74558448791504	
271.76568603515625	204.27108764648438	38.84722137451172	20.046817779541016	
274.85491943359375	198.81568908691406	38.11625671386719	20.951770782470703	
277.85186767578125	194.67747497558594	38.702850341796875	20.633251190185547	
279.2775573730469	190.63426208496094	40.44084930419922	19.830570220947266	
283.00592041015625	186.01327514648438	36.85974884033203	19.175251007080078	
283.0195007324219	181.17115783691406	37.29800033569336	19.078044891357422	
284.48089599609375	175.86264038085938	39.10230255126953	20.526052474975586	
285.6346130371094	171.52334594726562	38.93451690673828	19.95663833618164	
286.4552307128906	166.3448486328125	40.24134826660156	20.849895477294922	
288.54632568359375	162.11325073242188	38.180274963378906	20.180233001708984	
289.17218017578125	158.2611541748047	38.1767578125	19.761180877685547	
289.6568908691406	155.91444396972656	37.31724166870117	19.13334846496582	
291.1538391113281	154.34280395507812	35.75847625732422	18.4622802734375	
292.3893737792969	152.64378356933594	33.86886215209961	18.086414337158203	
292.06689453125	150.50914001464844	34.81686019897461	18.472259521484375	
291.35150146484375	147.8936004638672	35.955299377441406	19.063692092895508	
291.2799377441406	146.12942504882812	36.118019104003906	19.484235763549805	
289.251220703125	144.70761108398438	37.8731689453125	18.642898559570312	
289.65167236328125	143.2054443359375	38.48622512817383	18.098346710205078	
287.4754333496094	141.00942993164062	39.862998962402344	17.967418670654297	
287.1001892089844	138.0339813232422	39.836326599121094	18.84934425354004	
286.716796875	135.12498474121094	37.94408416748047	18.954639434814453	
285.8500671386719	132.95053100585938	38.848751068115234	18.380483627319336	
285.17169189453125	130.08010864257812	38.70024871826172	17.871028900146484	
285.23248291015625	126.6513442993164	36.932228088378906	18.68484115600586	
285.43389892578125	124.16136169433594	37.35996627807617	18.592647552490234	
285.35748291015625	122.99775695800781	37.93916702270508	17.555912017822266	
284.902587890625	121.5029067993164	39.039886474609375	17.504274368286133	
285.47235107421875	119.45753479003906	37.901275634765625	18.29709243774414	
285.8088073730469	118.73111724853516	37.461151123046875	17.78241539001465	
286.13330078125	116.8524169921875	36.734375	18.083660125732422	
286.5125427246094	114.91593170166016	37.031761169433594	19.329833984375	
285.9273681640625	113.66099548339844	37.882118225097656	18.162099838256836	
284.36663818359375	111.58186340332031	40.246009826660156	17.72818946838379	
285.4683532714844	109.20890045166016	37.8736572265625	18.074748992919922	
287.07110595703125	105.80268859863281	36.409549713134766	18.755693435668945	
287.0609130859375	102.65577697753906	36.56101989746094	18.82162857055664	
286.58038330078125	99.97190856933594	37.58207321166992	18.613174438476562	
286.8972473144531	96.34209442138672	37.596622467041016	19.167367935180664	
288.20196533203125	91.50043487548828	35.55350112915039	19.461681365966797	
286.8534240722656	87.87582397460938	36.924095153808594	19.861406326293945	
285.8464050292969	84.56270599365234	36.59531021118164	18.7578125	
284.6210632324219	81.7904052734375	37.94422149658203	18.157428741455078	
286.4967346191406	77.61027526855469	34.909019470214844	18.711910247802734	
285.681640625	73.93499755859375	34.469913482666016	18.905963897705078	
285.0524597167969	69.96146392822266	32.74541473388672	18.815204620361328	
281.77532958984375	67.53273010253906	36.29819107055664	17.285293579101562	
280.1664123535156	63.438270568847656	37.077735900878906	17.68621253967285	
277.7533264160156	58.0037841796875	38.30479049682617	20.808788299560547	
277.61920166015625	57.783973693847656	36.94475555419922	18.47237777709961	
272.76507568359375	53.653343200683594	40.582305908203125	19.914962768554688	
276.1231384277344	54.949188232421875	34.37870407104492	17.18935203552246	
268.8890075683594	51.55353546142578	39.71125030517578	18.829946517944336	
266.6337890625	49.898380279541016	39.28509521484375	18.624622344970703	
267.27545166015625	50.03195571899414	37.49038314819336	17.487430572509766	
264.79400634765625	47.02418518066406	36.82659149169922	18.306989669799805	
263.29388427734375	46.62355041503906	38.22898483276367	17.288759231567383	
259.44439697265625	44.217533111572266	39.14334487915039	18.40139389038086	
256.7198486328125	44.17560577392578	39.916847229003906	17.631298065185547	
252.62289428710938	41.31427764892578	40.51990509033203	18.47231674194336	
248.5689697265625	38.713993072509766	41.22637939453125	19.144969940185547	
246.3480987548828	37.052425384521484	39.1503791809082	19.004785537719727	
243.8103485107422	35.023231506347656	38.15473175048828	19.157991409301758	
242.13339233398438	33.80327606201172	38.54523468017578	18.128093719482422	
240.05435180664062	31.384506225585938	37.302818298339844	18.197736740112305	
238.33853149414062	29.301136016845703	35.873077392578125	17.680383682250977	
234.7761993408203	27.275829315185547	35.568603515625	17.555034637451172	
232.3433837890625	25.113826751708984	35.14326095581055	16.70284652709961	
228.25048828125	23.816865921020508	36.189247131347656	15.788734436035156	
225.74569702148438	20.768972396850586	35.25638198852539	15.7243013381958	
222.3467254638672	17.881977081298828	35.799983978271484	15.451339721679688	
221.3111114501953	15.392130851745605	34.496978759765625	16.023359298706055	
216.7085723876953	13.260151863098145	34.47673416137695	14.504358291625977	
214.27999877929688	11.376128196716309	33.70988845825195	13.47325325012207	
212.33718872070312	8.966203689575195	33.745574951171875	14.598913192749023	
210.29153442382812	7.267719268798828	31.9031925201416	15.18432903289795	
207.95068359375	6.018381595611572	32.13433837890625	15.606425285339355	
205.3047332763672	5.283868312835693	32.47669982910156	15.342248916625977	
202.6199188232422	5.00600004196167	33.051307678222656	15.656750679016113	
200.34817504882812	4.958552360534668	32.96638488769531	15.71576976776123	
197.8233184814453	5.02699613571167	33.27637481689453	15.841229438781738	
195.5968780517578	5.951153755187988	33.438682556152344	15.296923637390137	
193.55226135253906	6.61074161529541	33.35574722290039	15.23944091796875	
191.13784790039062	6.332278728485107	33.09812927246094	15.966958999633789	
188.67507934570312	7.048780918121338	33.14789581298828	15.72950553894043	
186.53024291992188	7.870938301086426	33.24690246582031	16.026973724365234	
184.55831909179688	9.779520034790039	32.81476593017578	15.159274101257324	
182.05276489257812	12.060235977172852	33.12296676635742	13.713310241699219	
178.50059509277344	13.134613037109375	34.38609313964844	13.896276473999023	
177.04177856445312	15.210733413696289	32.45733642578125	14.1222562789917	
176.3839569091797	17.42624855041504	32.42389678955078	14.985499382019043	
174.91761779785156	19.433252334594727	32.67344665527344	15.4417142868042	
173.9746856689453	22.715442657470703	30.674402236938477	14.613993644714355	
172.9841766357422	25.822866439819336	29.923450469970703	14.876577377319336	
171.1337890625	28.418466567993164	30.692737579345703	15.052530288696289	
169.01333618164062	31.10788917541504	32.21485900878906	16.08726692199707	
167.60032653808594	34.10249328613281	31.979248046875	16.71210289001465	
167.74417114257812	38.010658264160156	32.538299560546875	16.096454620361328	
168.11196899414062	41.492225646972656	31.469884872436523	16.050384521484375	
169.34481811523438	45.03269958496094	30.347183227539062	15.84704875946045	
168.4529266357422	48.364601135253906	30.851215362548828	15.537732124328613	
168.29696655273438	51.592018127441406	31.659164428710938	15.660154342651367	
169.548583984375	54.85004806518555	32.15688705444336	15.458791732788086	
170.10134887695312	57.34949493408203	32.36149978637695	16.123624801635742	
171.68869018554688	60.280548095703125	31.76143455505371	16.609819412231445	
172.09320068359375	63.39872360229492	32.5395622253418	15.521641731262207	
174.10983276367188	65.04878234863281	32.168724060058594	15.760276794433594	
176.78890991210938	69.60745239257812	30.635860443115234	13.886159896850586	
176.5244598388672	72.43587493896484	32.44472122192383	13.123373031616211	
179.38446044921875	75.53620147705078	31.433795928955078	13.150134086608887	
182.45449829101562	77.32621002197266	29.462276458740234	14.03437328338623	
183.25967407226562	79.2442626953125	30.61655616760254	14.801321029663086	
184.33482360839844	80.5333480834961	31.656692504882812	15.76605224609375	
186.30752563476562	82.07006072998047	30.59014892578125	16.967981338500977	
191.949462890625	87.42749786376953	28.183130264282227	14.091565132141113	
191.96282958984375	86.70991516113281	30.260095596313477	16.80999183654785	
193.2109375	88.39049530029297	31.614730834960938	16.763648986816406	
193.5989990234375	90.39642333984375	32.360557556152344	16.41657066345215	
194.9944305419922	92.63725280761719	33.511775970458984	16.206146240234375	
196.62326049804688	94.50556182861328	33.6648063659668	16.097820281982422	
198.85353088378906	96.36839294433594	33.07302474975586	16.003498077392578	
200.61911010742188	97.33063507080078	32.55657196044922	16.59124183654785	
204.2904052734375	99.2659912109375	31.519128799438477	16.646278381347656	
205.1924285888672	101.45042419433594	31.264728546142578	15.92298698425293	
208.1201629638672	102.82723236083984	29.454397201538086	16.36203384399414	
213.93045043945312	107.20796966552734	26.60769271850586	13.30384635925293	
211.93167114257812	106.56617736816406	27.341381072998047	15.398841857910156	
214.8422393798828	108.48429107666016	26.698013305664062	14.74425983428955	
219.2274932861328	109.48741149902344	25.254154205322266	15.33862590789795	
218.0018310546875	114.6688461303711	25.330549240112305	12.665274620056152	
221.631591796875	114.64835357666016	25.250160217285156	12.625080108642578	
215.59036254882812	117.61151123046875	24.967540740966797	12.483770370483398	
209.282470703125	121.8969497680664	24.889047622680664	12.444523811340332	
208.0439910888672	124.4231185913086	24.061189651489258	12.030594825744629	
204.65623474121094	123.79695129394531	23.728912353515625	11.864456176757812	
202.29458618164062	131.95907592773438	22.940052032470703	11.470026016235352	
200.8101806640625	132.60296630859375	22.20858383178711	11.104291915893555	
204.0951385498047	137.89463806152344	22.221542358398438	11.110771179199219	
208.4363250732422	140.5646514892578	22.07909393310547	11.039546966552734	
203.8762664794922	146.93112182617188	22.314666748046875	11.157333374023438	
206.2181854248047	141.6880645751953	22.257503509521484	11.128751754760742	
207.9521484375	141.9881134033203	22.839801788330078	11.419900894165039	
214.75057983398438	152.36630249023438	22.527587890625	11.2637939453125	
212.67617797851562	149.5416717529297	22.450862884521484	11.225431442260742	
218.50955200195312	152.25563049316406	22.7746524810791	11.38732624053955	
215.6412811279297	157.0702667236328	22.823326110839844	11.411663055419922	
217.4708709716797	156.01390075683594	23.084392547607422	11.542196273803711	
211.67691040039062	175.57568359375	22.476978302001953	11.238489151000977	
204.47628784179688	178.53775024414062	22.62204933166504	11.31102466583252	
200.46270751953125	180.78329467773438	22.945390701293945	11.472695350646973	
200.21536254882812	176.8975830078125	26.159664154052734	12.7039794921875	
196.97775268554688	179.95655822753906	26.242748260498047	13.207305908203125	
197.24974060058594	180.22706604003906	25.7602481842041	12.889793395996094	
197.33096313476562	180.20864868164062	25.693262100219727	12.794514656066895	
197.2230224609375	180.06314086914062	24.81644630432129	12.693400382995605	
197.21804809570312	180.22708129882812	24.785764694213867	12.670076370239258	
197.5754852294922	180.15597534179688	24.82236671447754	12.337156295776367	
197.79666137695312	180.3458709716797	23.43271255493164	12.27944278717041	
198.22360229492188	180.61544799804688	23.616504669189453	12.25967788696289	
198.34275817871094	180.57814025878906	22.77362823486328	12.067813873291016	
198.2174530029297	180.7354278564453	23.304006576538086	12.118212699890137	
198.68692016601562	180.87646484375	22.40525245666504	11.550122261047363	
198.40829467773438	180.72463989257812	23.12600326538086	11.580899238586426	
198.4040985107422	180.80419921875	23.46628189086914	11.717989921569824	
198.60348510742188	180.69546508789062	22.709186553955078	11.596750259399414	
198.45654296875	180.6784210205078	22.848663330078125	11.802007675170898	
198.2730712890625	180.55929565429688	23.440956115722656	11.8006591796875	
198.024658203125	180.42526245117188	23.47340202331543	11.942510604858398	
197.9987030029297	180.18612670898438	23.95144271850586	11.902321815490723	
197.75552368164062	180.2541961669922	23.1226806640625	12.314306259155273	
197.57894897460938	180.4964141845703	23.987567901611328	12.508079528808594	
197.6971893310547	180.0998992919922	24.07710838317871	12.38298511505127	
197.642822265625	179.93902587890625	24.26016616821289	12.326553344726562	
197.7279052734375	180.17147827148438	24.909942626953125	12.57896614074707	
197.7772979736328	180.12074279785156	24.87624740600586	12.373766899108887	
198.99356079101562	180.9248504638672	22.819049835205078	11.409524917602539	
197.49087524414062	179.9584197998047	25.624643325805664	13.0814847946167	
197.74815368652344	180.0688934326172	25.915943145751953	12.918909072875977	
197.6407470703125	179.61383056640625	26.595317840576172	13.199317932128906	
197.55381774902344	179.36184692382812	27.5441837310791	13.466375350952148	
196.92587280273438	179.60562133789062	27.2476863861084	13.57966423034668	
197.0963134765625	179.71731567382812	27.47909927368164	13.433464050292969	
196.58447265625	179.74501037597656	27.059789657592773	13.558839797973633	
196.930908203125	179.4923858642578	27.664478302001953	13.484492301940918	
196.70278930664062	179.38681030273438	27.33222007751465	13.367634773254395	
197.2323455810547	180.02224731445312	26.902843475341797	13.338724136352539	
196.93203735351562	179.47119140625	26.706226348876953	13.495086669921875	
196.8634033203125	179.54541015625	26.600238800048828	13.29857349395752	
197.26177978515625	179.76937866210938	25.490217208862305	12.90520191192627	
197.28909301757812	179.8920135498047	25.860763549804688	12.856738090515137	
197.2535400390625	179.72378540039062	25.942657470703125	12.946154594421387	
197.40335083007812	179.97128295898438	25.6199951171875	12.994084358215332	
197.83404541015625	179.9137725830078	25.227672576904297	12.9099760055542	
197.60479736328125	179.80496215820312	25.488483428955078	12.992568969726562	
197.69747924804688	179.73634338378906	25.792150497436523	13.04511833190918	
197.68576049804688	180.03207397460938	26.15911865234375	12.888891220092773	
197.6140594482422	179.66818237304688	25.9634952545166	13.05390453338623	
197.18771362304688	179.76585388183594	26.61190414428711	13.371603012084961	
197.01284790039062	179.6595916748047	26.73782730102539	13.516706466674805	
196.9835968017578	179.59408569335938	27.3477840423584	13.345703125	
197.07273864746094	179.50228881835938	27.406352996826172	13.275494575500488	
196.96481323242188	179.46456909179688	27.095203399658203	13.255038261413574	
197.0923614501953	179.7171173095703	26.361770629882812	13.177572250366211	
197.09732055664062	179.73086547851562	26.033493041992188	13.055500984191895	
197.1784210205078	179.66738891601562	25.95038414001465	13.143308639526367	
197.57455444335938	179.937255859375	25.143728256225586	12.850950241088867	
197.4249267578125	179.83543395996094	25.25442886352539	12.70527172088623	
197.52699279785156	179.7880401611328	25.62076187133789	12.821531295776367	
197.68630981445312	179.7699737548828	25.31880760192871	12.673135757446289	
197.35696411132812	180.222412109375	25.961090087890625	12.961542129516602	
197.1521453857422	179.80758666992188	26.37984275817871	13.349065780639648	
197.4342041015625	179.7751922607422	26.457927703857422	13.153409957885742	
197.4763946533203	179.68954467773438	26.958728790283203	12.945098876953125	
197.35366821289062	179.64254760742188	27.168991088867188	13.239773750305176	
197.13702392578125	179.19752502441406	27.31705093383789	13.783757209777832	
196.9431915283203	179.65185546875	27.43056869506836	13.467267036437988	
197.00820922851562	179.53451538085938	27.47818946838379	13.670209884643555	
196.80892944335938	179.42208862304688	27.237518310546875	13.663209915161133	
196.62303161621094	179.53231811523438	26.550273895263672	13.699864387512207	
196.9089813232422	179.1172637939453	26.766616821289062	13.577624320983887	
196.99966430664062	179.55575561523438	26.776885986328125	13.638710021972656	
196.6728973388672	179.28207397460938	27.02899169921875	13.836010932922363	
196.89793395996094	179.4508514404297	26.856388092041016	13.596765518188477	
197.0352325439453	179.28395080566406	27.299579620361328	13.724452018737793	
196.93820190429688	179.3621063232422	27.449634552001953	13.578994750976562	
197.3174285888672	179.2829132080078	26.81216812133789	13.396916389465332	
197.49020385742188	179.66159057617188	26.084421157836914	13.251681327819824	
197.5309600830078	180.04559326171875	25.35628318786621	12.959673881530762	
197.92196655273438	179.8578643798828	24.80525779724121	12.813545227050781	
197.98178100585938	179.8862762451172	24.543167114257812	12.520269393920898	
197.98715209960938	180.11721801757812	24.251190185546875	12.700437545776367	
197.86929321289062	180.06503295898438	25.117252349853516	12.84532356262207	
197.802734375	179.94876098632812	24.972332000732422	12.827753067016602	
197.3560791015625	179.53163146972656	26.431995391845703	13.233892440795898	
197.24087524414062	179.52017211914062	25.921960830688477	13.085519790649414	
197.06625366210938	179.66195678710938	25.905981063842773	13.206527709960938	
197.42373657226562	179.83392333984375	25.262853622436523	12.875332832336426	
197.70681762695312	179.8567352294922	25.498523712158203	12.605027198791504	
197.7522735595703	180.10858154296875	24.813146591186523	12.347134590148926	
197.48361206054688	179.9990997314453	25.263063430786133	12.850645065307617	
197.45260620117188	179.81893920898438	25.489221572875977	12.744091987609863	
197.64767456054688	180.17037963867188	25.131765365600586	12.457965850830078	
197.61769104003906	180.22201538085938	25.014331817626953	12.58879280090332	
197.7869415283203	180.02468872070312	23.960948944091797	12.491546630859375	
197.78652954101562	180.40122985839844	25.497501373291016	12.447361946105957	
198.0825958251953	180.095703125	25.110910415649414	12.583932876586914	
197.81675720214844	179.7900390625	25.827672958374023	12.944320678710938	
197.6376190185547	179.78753662109375	25.554977416992188	13.04588508605957	
197.5618133544922	179.76316833496094	25.308469772338867	12.888837814331055	
197.28138732910156	179.70652770996094	26.406789779663086	13.307634353637695	
197.26626586914062	179.81939697265625	26.094884872436523	13.100759506225586	
197.28550720214844	179.75892639160156	25.609851837158203	12.926424980163574	
197.60789489746094	180.0282440185547	25.255523681640625	12.535398483276367	
197.98654174804688	180.4032440185547	24.322769165039062	12.134672164916992	
197.86122131347656	180.3280487060547	24.187511444091797	12.429937362670898	
197.95306396484375	180.22378540039062	23.933603286743164	12.265453338623047	
197.82139587402344	180.0660858154297	24.22180938720703	12.181571960449219	
197.69723510742188	180.1279754638672	24.228410720825195	12.500234603881836	
197.68948364257812	179.96942138671875	25.104717254638672	12.683445930480957	
197.8033447265625	179.8973388671875	24.159503936767578	12.734890937805176	
197.54116821289062	179.94503784179688	24.531869888305664	12.883337020874023	
198.01637268066406	180.11062622070312	24.758516311645508	12.306618690490723	
197.57034301757812	179.57077026367188	25.352052688598633	13.122598648071289	
197.343017578125	179.54754638671875	25.556289672851562	13.038785934448242	
197.55068969726562	179.9149932861328	24.62563705444336	12.993756294250488	
197.86117553710938	179.9234161376953	24.375598907470703	12.714948654174805	
198.12265014648438	180.04397583007812	24.056238174438477	12.377914428710938	
197.72422790527344	179.95074462890625	23.83098030090332	12.405942916870117	
197.54287719726562	179.72360229492188	24.874608993530273	12.57304573059082	
197.4371337890625	180.04678344726562	24.49161720275879	12.526457786560059	
197.3692626953125	179.99093627929688	25.185354232788086	12.794160842895508	
197.28866577148438	180.16348266601562	24.598310470581055	12.519098281860352	
197.62161254882812	179.8008270263672	24.883563995361328	12.295595169067383	
197.4728240966797	180.14425659179688	25.26633071899414	12.626298904418945	
197.37362670898438	180.1414337158203	25.016441345214844	12.758070945739746	
197.27783203125	179.7086181640625	25.7994327545166	12.993026733398438	
197.42825317382812	179.61306762695312	25.21356773376465	12.961003303527832	
197.14088439941406	179.8007049560547	25.067129135131836	13.022119522094727	
197.36375427246094	179.9668426513672	25.830997467041016	12.963640213012695	
197.5421905517578	179.7016143798828	25.563587188720703	12.791234970092773	
197.3807373046875	179.57554626464844	25.638843536376953	12.96845531463623	
197.26182556152344	179.10865783691406	25.64767837524414	13.290933609008789	
197.44973754882812	179.7876434326172	26.41547203063965	13.096334457397461	
197.42709350585938	179.58119201660156	26.187702178955078	13.303296089172363	
197.3162841796875	179.6881866455078	25.686687469482422	12.979516983032227	
197.34133911132812	179.91481018066406	25.903112411499023	12.878619194030762	
197.43795776367188	179.62850952148438	24.88814926147461	12.673822402954102	
197.58291625976562	179.87924194335938	25.630573272705078	13.071243286132812	
197.1980438232422	179.71507263183594	25.435001373291016	13.102712631225586	
197.29600524902344	179.52435302734375	25.907073974609375	13.213409423828125	
197.36923217773438	179.77102661132812	25.0089111328125	13.077211380004883	
197.35519409179688	179.7833709716797	25.158998489379883	12.864267349243164	
197.6199493408203	179.7073974609375	24.39837646484375	12.586514472961426	
197.39938354492188	179.72117614746094	25.09966468811035	12.572230339050293	
197.34890747070312	179.6558074951172	25.919483184814453	12.912681579589844	
197.1270294189453	179.48638916015625	26.239154815673828	13.18218994140625	
197.05929565429688	179.92254638671875	27.243953704833984	13.26805305480957	
197.21852111816406	179.416015625	26.653167724609375	13.336710929870605	
197.23959350585938	179.48617553710938	26.293079376220703	13.09404468536377	
197.43661499023438	179.599609375	25.884990692138672	13.017346382141113	
196.77243041992188	179.29571533203125	26.587478637695312	13.420648574829102	
197.2814178466797	179.56689453125	26.400033950805664	13.097723007202148	
197.36398315429688	179.71780395507812	25.634632110595703	13.23542308807373	
197.1295166015625	179.58413696289062	25.601736068725586	13.25108814239502	
197.4899444580078	179.94459533691406	25.914897918701172	12.940669059753418	
197.46022033691406	179.7486114501953	25.452457427978516	13.00537395477295	
197.53250122070312	179.71507263183594	25.39629554748535	12.982583999633789	
197.5335693359375	179.7320098876953	25.631921768188477	12.830606460571289	
197.53375244140625	179.5720977783203	25.205400466918945	12.78864860534668	
197.33486938476562	179.5484619140625	25.62213134765625	12.971025466918945	
197.63088989257812	179.8375701904297	25.37398910522461	12.772539138793945	
197.87527465820312	180.10134887695312	24.841171264648438	12.627774238586426	
197.72047424316406	179.9348602294922	24.011140823364258	12.424456596374512	
198.09317016601562	180.07127380371094	24.129444122314453	12.237109184265137	
197.62608337402344	179.93968200683594	24.2281551361084	12.575366020202637	
