122.0	70.0	92.0	64.0	
120.4207534790039	70.72029876708984	93.64698791503906	64.33560943603516	
120.83634948730469	70.69961547851562	92.9902114868164	64.81690216064453	
123.22087097167969	70.53465270996094	90.89759826660156	64.00639343261719	
123.6678695678711	69.35978698730469	93.29106140136719	65.14920806884766	
124.1285629272461	69.92646789550781	93.11431884765625	64.47377014160156	
123.93017578125	70.24397277832031	92.81019592285156	65.29425048828125	
123.58744812011719	71.41461944580078	92.17811584472656	64.64610290527344	
123.54087829589844	72.73359680175781	91.87193298339844	64.39427947998047	
122.29414367675781	73.50370025634766	93.10264587402344	64.56240844726562	
122.68148040771484	73.83565521240234	93.74131774902344	64.59255981445312	
123.42720794677734	74.7164535522461	92.92622375488281	64.00152587890625	
122.93868255615234	74.18109130859375	96.25001525878906	65.80860137939453	
122.82322692871094	75.9534912109375	95.18781280517578	65.1169662475586	
123.13847351074219	77.61175537109375	94.47007751464844	65.79650115966797	
121.74422454833984	79.84810638427734	95.84446716308594	66.57958984375	
120.25341796875	81.29463195800781	97.31542205810547	67.44718933105469	
122.3592529296875	84.48560333251953	94.33887481689453	65.49896240234375	
121.94000244140625	85.10909271240234	98.10151672363281	66.33802032470703	
124.4940185546875	86.53004455566406	96.80625915527344	66.00534057617188	
125.33387756347656	86.13639068603516	97.62706756591797	66.87541198730469	
129.77769470214844	86.18293762207031	94.29821014404297	66.20330047607422	
131.3211212158203	83.65724182128906	97.10771179199219	66.5340347290039	
135.0261688232422	79.2538833618164	95.9127426147461	68.16563415527344	
139.57846069335938	74.43534851074219	91.68931579589844	68.07894897460938	
144.66517639160156	70.18534851074219	89.74645233154297	66.71957397460938	
147.7808380126953	63.862159729003906	89.23435974121094	66.66804504394531	
155.1509552001953	58.165138244628906	80.56880187988281	63.30266189575195	
161.35519409179688	52.96512985229492	77.34742736816406	60.429771423339844	
163.5364990234375	45.48692321777344	77.75254821777344	60.27840042114258	
170.7092742919922	36.181419372558594	76.60113525390625	59.30550003051758	
173.59092712402344	29.103052139282227	80.90386962890625	58.41120147705078	
175.5651397705078	19.66349220275879	85.5322265625	62.258544921875	
171.0419921875	9.724648475646973	93.14693450927734	66.85057067871094	
170.7357177734375	7.821814060211182	93.16292572021484	62.16035842895508	
171.7731170654297	3.474581241607666	91.42430877685547	58.70246505737305	
174.24942016601562	0.2779064178466797	87.41852569580078	55.895606994628906	
175.5425567626953	0.0	88.21623992919922	55.69514083862305	
168.68270874023438	0.0	93.75326538085938	54.349098205566406	
173.5855255126953	0.0	86.23072814941406	50.947662353515625	
174.31124877929688	0.0	88.22700500488281	54.351043701171875	
180.22036743164062	-9.975293159484863	78.90803527832031	54.89250564575195	
174.9680633544922	0.0	83.52053833007812	51.35675811767578	
172.64035034179688	0.0	86.16146087646484	50.222816467285156	
172.65249633789062	0.0	86.0938491821289	52.43762969970703	
175.54031372070312	0.7404838800430298	86.00476837158203	56.68780517578125	
174.599609375	11.442519187927246	84.39386749267578	61.81877517700195	
177.95458984375	22.46894645690918	75.5757827758789	59.197776794433594	
174.23658752441406	32.79553985595703	72.48986053466797	57.964599609375	
166.1234130859375	44.78641891479492	71.9969482421875	55.60845184326172	
158.4114227294922	54.92763137817383	76.05355072021484	58.71623611450195	
152.8644561767578	62.040855407714844	78.55394744873047	61.34238815307617	
151.46951293945312	68.10099029541016	78.59364318847656	61.6026611328125	
148.72955322265625	71.44438934326172	84.91352844238281	63.152809143066406	
148.41673278808594	72.82135772705078	87.78778839111328	64.26759338378906	
150.27676391601562	73.30359649658203	87.98445129394531	64.3399658203125	
155.04739379882812	74.61866760253906	87.78471374511719	63.85193634033203	
159.7699432373047	74.97708892822266	82.23686218261719	63.22808837890625	
164.89517211914062	76.0499267578125	78.7265396118164	61.47563934326172	
167.64129638671875	74.21327209472656	81.25270080566406	61.5856819152832	
173.84078979492188	73.85891723632812	80.505859375	61.104209899902344	
179.0251007080078	72.41893005371094	81.2514877319336	62.45255661010742	
183.822021484375	72.8186264038086	82.2728271484375	62.71709442138672	
184.85366821289062	72.82698822021484	86.48359680175781	64.99549865722656	
186.43275451660156	72.64765930175781	87.1460952758789	67.8603286743164	
186.2108612060547	72.23494720458984	88.4396743774414	70.00382995605469	
189.1807098388672	73.24348449707031	86.21177673339844	69.07807922363281	
190.3291015625	73.39289855957031	86.3381576538086	70.91619110107422	
190.4550018310547	72.68180084228516	87.64714050292969	72.68910217285156	
190.28707885742188	71.70861053466797	87.71964263916016	72.50338745117188	
188.47164916992188	69.47135162353516	89.0391616821289	73.80706024169922	
185.0586395263672	67.16271209716797	91.81893157958984	76.19145202636719	
179.01638793945312	65.48831939697266	95.2612075805664	77.26448059082031	
175.15228271484375	65.83729553222656	96.40864562988281	80.71705627441406	
170.6641082763672	68.1331787109375	97.84567260742188	81.36957550048828	
167.5686492919922	70.67799377441406	97.97376251220703	81.42402648925781	
164.35845947265625	69.44452667236328	100.72257232666016	82.3915023803711	
166.98593139648438	68.02836608886719	100.05706787109375	83.32615661621094	
169.8878936767578	62.654563903808594	98.03923034667969	82.27943420410156	
169.49710083007812	54.37432861328125	105.8710708618164	82.23054504394531	
173.14993286132812	37.609413146972656	114.17143249511719	85.78597259521484	
176.51724243164062	25.899072647094727	126.25738525390625	84.73744201660156	
184.89210510253906	11.436997413635254	129.7840576171875	80.08753967285156	
197.92752075195312	0.5172836184501648	128.07864379882812	73.31181335449219	
195.88888549804688	0.0	140.46920776367188	79.63285827636719	
216.2029266357422	-12.727980613708496	116.19229888916016	80.82936096191406	
212.6295928955078	-29.866802215576172	119.72682189941406	83.28816223144531	
217.50405883789062	-17.70470428466797	121.074462890625	84.22564697265625	
213.17465209960938	-17.302499771118164	123.7662353515625	86.09819030761719	
214.8015899658203	-10.503982543945312	123.52412414550781	85.92976379394531	
198.87818908691406	-19.19147300720215	124.02830505371094	86.28050231933594	
231.3861846923828	-8.40662956237793	125.52909088134766	87.32452392578125	
235.13790893554688	-5.553694725036621	122.1008529663086	84.93966674804688	
266.7748107910156	-4.750347137451172	122.6050796508789	85.29043579101562	
202.4844970703125	-22.93077278137207	122.5915756225586	85.28104400634766	
192.43887329101562	0.0	141.6963653564453	78.04106140136719	
196.6854248046875	0.0	136.2816162109375	75.64466857910156	
199.44808959960938	0.0	134.80148315429688	73.20704650878906	
199.67984008789062	0.0	135.57162475585938	72.6231460571289	
199.1385498046875	0.0	135.73318481445312	71.62434387207031	
202.0605010986328	0.0	130.9267120361328	71.51639556884766	
197.5926971435547	0.0	131.78463745117188	71.31077575683594	
197.97247314453125	0.0	131.08572387695312	70.19173431396484	
194.0538330078125	0.0	131.88076782226562	69.89649200439453	
198.882568359375	0.0	127.37242126464844	67.48939514160156	
199.97586059570312	0.0	124.5948257446289	66.83110809326172	
202.19204711914062	0.0	123.92536926269531	65.61500549316406	
203.31478881835938	0.0	119.2094497680664	65.03279113769531	
203.42398071289062	0.0	121.75606536865234	64.96127319335938	
206.1925811767578	0.0	120.57545471191406	65.46783447265625	
207.4122314453125	0.0	120.2428207397461	63.90473556518555	
210.8076171875	0.1922866851091385	118.20347595214844	62.295997619628906	
209.3095703125	3.603595733642578	118.6121826171875	63.18312454223633	
209.17575073242188	10.085947036743164	114.3482894897461	61.29520797729492	
204.66793823242188	13.458993911743164	111.0267562866211	64.1897964477539	
200.15335083007812	19.407522201538086	109.46345520019531	68.6567153930664	
198.1810302734375	28.741008758544922	103.24198150634766	68.19386291503906	
197.6713409423828	39.725738525390625	94.95986938476562	67.44361114501953	
195.4302215576172	53.796058654785156	88.3131332397461	65.08683776855469	
192.38157653808594	67.2880859375	84.54499816894531	65.85292053222656	
183.9497833251953	77.19239807128906	84.7581558227539	66.52751159667969	
178.80532836914062	85.11456298828125	85.40682983398438	64.52110290527344	
169.9047393798828	87.60318756103516	95.03608703613281	68.03335571289062	
168.01278686523438	91.34046936035156	93.8340072631836	67.00420379638672	
165.96542358398438	90.9783706665039	93.39303588867188	67.2917709350586	
165.94461059570312	87.67732238769531	94.02530670166016	69.24248504638672	
173.23196411132812	86.61903381347656	83.59095764160156	64.4833755493164	
174.8143768310547	82.30802917480469	83.16218566894531	64.96653747558594	
175.6937713623047	77.69300842285156	84.65202331542969	65.57652282714844	
175.78134155273438	73.81224060058594	87.47630310058594	68.1876220703125	
180.33474731445312	72.96482849121094	86.0538101196289	68.0122299194336	
180.25656127929688	72.57715606689453	89.0649642944336	70.41504669189453	
178.67129516601562	71.78048706054688	91.81596374511719	71.13504028320312	
177.01968383789062	71.28733825683594	91.7464828491211	70.6744384765625	
173.3574676513672	70.78529357910156	92.19501495361328	73.41334533691406	
170.45486450195312	71.88525390625	93.43071746826172	73.45988464355469	
167.13504028320312	71.04542541503906	95.3538818359375	76.15093231201172	
168.27194213867188	71.18126678466797	95.35641479492188	75.58511352539062	
169.70326232910156	69.1384048461914	94.53147888183594	75.8760986328125	
168.89535522460938	61.083473205566406	99.67753601074219	78.33455657958984	
174.0712127685547	48.169349670410156	101.63912200927734	77.41575622558594	
178.732177734375	35.80049133300781	105.06925201416016	79.50672149658203	
174.38023376464844	21.33872413635254	123.58343505859375	78.18778228759766	
186.2235565185547	11.373140335083008	122.3665542602539	75.26309967041016	
195.17599487304688	0.5308510065078735	126.19913482666016	71.1933364868164	
191.74447631835938	0.0	139.97933959960938	75.90654754638672	
193.06600952148438	0.0	139.36550903320312	78.08522033691406	
201.88931274414062	-22.854074478149414	124.1498794555664	86.36509704589844	
189.4675750732422	0.0	143.4154052734375	78.8600082397461	
191.3375244140625	0.0	142.12295532226562	79.28097534179688	
193.95004272460938	0.0	139.154541015625	77.8516845703125	
196.6674041748047	1.227807641029358	129.98336791992188	70.47005462646484	
190.8177032470703	10.1412353515625	130.4382781982422	72.35061645507812	
186.85971069335938	16.854990005493164	129.8416290283203	76.15351867675781	
190.00856018066406	23.57375144958496	121.54533386230469	75.36915588378906	
183.84317016601562	28.312026977539062	120.1412353515625	75.30350494384766	
183.52362060546875	33.353519439697266	117.3612060546875	74.20467376708984	
179.2224884033203	35.71239471435547	118.98921203613281	75.09989166259766	
179.02871704101562	36.759098052978516	115.6305160522461	73.1239242553711	
179.40248107910156	36.563255310058594	116.3136978149414	73.49049377441406	
186.59072875976562	36.910213470458984	112.0346450805664	70.40123748779297	
181.27127075195312	32.84381103515625	117.3705062866211	72.45542907714844	
187.73922729492188	33.94172668457031	112.8272705078125	70.59366607666016	
193.6739959716797	36.73018264770508	106.3733901977539	67.23890686035156	
194.6837158203125	38.58264923095703	104.79515075683594	66.80626678466797	
201.19094848632812	42.064781188964844	99.05292510986328	64.30555725097656	
208.7753143310547	46.02472686767578	91.74409484863281	62.210655212402344	
214.4342803955078	48.21974182128906	88.60079193115234	63.122093200683594	
215.0646209716797	49.857460021972656	90.09320831298828	63.66242599487305	
218.9613037109375	53.46449661254883	90.08854675292969	64.5145034790039	
220.3638916015625	56.396881103515625	89.5534439086914	65.73502349853516	
220.69174194335938	60.96590042114258	90.1672134399414	67.78233337402344	
220.33291625976562	63.2390251159668	88.87040710449219	68.421142578125	
214.9505615234375	64.60618591308594	91.26715087890625	70.44488525390625	
209.9210968017578	65.74302673339844	94.93733215332031	71.95795440673828	
209.4466552734375	66.74654388427734	94.94371032714844	75.92205047607422	
206.3920440673828	67.3901138305664	94.19126892089844	77.09659576416016	
202.970947265625	66.92560577392578	94.79256439208984	76.6338882446289	
195.5135955810547	66.99983215332031	97.30254364013672	79.89059448242188	
191.0382080078125	67.33566284179688	98.01012420654297	79.580322265625	
185.1021728515625	67.85675048828125	98.97168731689453	83.5809555053711	
179.8059539794922	66.10015869140625	104.0423355102539	85.02017974853516	
176.3475799560547	65.66603088378906	105.2302017211914	85.76822662353516	
173.74253845214844	66.46810913085938	104.947509765625	88.988037109375	
169.37002563476562	67.59761047363281	108.76719665527344	88.45048522949219	
169.76937866210938	71.3529052734375	106.9830551147461	89.49944305419922	
171.98538208007812	72.4920654296875	104.9566650390625	86.06075286865234	
172.2273406982422	75.48640441894531	108.04844665527344	86.99468994140625	
177.94937133789062	75.51106262207031	105.70147705078125	82.57012939453125	
184.28189086914062	74.22370910644531	102.07987213134766	84.22724914550781	
191.0372314453125	71.18034362792969	101.57807922363281	82.37882995605469	
195.42398071289062	65.56407928466797	103.22782897949219	78.54557037353516	
202.05235290527344	58.05207061767578	105.16959381103516	77.30538177490234	
207.1230926513672	52.034141540527344	107.67784118652344	77.08282470703125	
207.7841339111328	47.96723937988281	112.5932846069336	77.12718200683594	
211.2004852294922	46.522640228271484	111.5035400390625	76.28931427001953	
216.1988983154297	47.442073822021484	108.50639343261719	74.26914978027344	
217.2066192626953	47.82319259643555	106.28703308105469	72.73239135742188	
218.7047882080078	48.83293914794922	103.95817565917969	71.36155700683594	
221.58578491210938	50.8565673828125	101.42195129394531	70.15970611572266	
220.1396026611328	53.58756637573242	100.49401092529297	69.37823486328125	
226.94790649414062	59.3863410949707	92.07986450195312	64.70413208007812	
226.52587890625	64.1708984375	91.11380767822266	65.42078399658203	
227.09341430664062	69.7671127319336	89.20255279541016	62.64741134643555	
228.79965209960938	71.68498229980469	88.21732330322266	61.898521423339844	
232.30899047851562	70.4039306640625	86.16926574707031	61.78989791870117	
233.7627410888672	66.12679290771484	88.01380920410156	62.07611083984375	
238.44857788085938	56.7427978515625	87.61268615722656	64.46368408203125	
232.9921112060547	46.259376525878906	98.2675552368164	64.18927001953125	
236.5901336669922	34.371360778808594	103.89042663574219	66.47633361816406	
236.9278106689453	24.837879180908203	108.03746032714844	64.61798095703125	
237.17678833007812	16.86471939086914	117.76286315917969	61.45283126831055	
240.5116729736328	6.9033355712890625	116.86334228515625	62.59272384643555	
239.17410278320312	2.3962903022766113	119.36122131347656	61.2513542175293	
242.2476806640625	1.912937879562378	114.23109436035156	61.70588302612305	
240.2193145751953	7.800195217132568	114.4372329711914	61.17875289916992	
237.1433563232422	16.3929500579834	113.4810791015625	62.6904411315918	
232.86587524414062	24.371028900146484	105.2422103881836	66.32154083251953	
229.9274139404297	37.054752349853516	102.68949890136719	64.08021545410156	
232.8479461669922	49.34693145751953	88.1549072265625	61.22475051879883	
228.87063598632812	54.74153518676758	90.83809661865234	62.7039909362793	
225.56396484375	57.7022819519043	91.27545166015625	63.36003494262695	
223.48922729492188	58.66973876953125	92.7328109741211	63.535728454589844	
222.8474578857422	58.99540328979492	93.3682632446289	65.13399505615234	
217.9949493408203	58.61863327026367	95.27915954589844	63.33119583129883	
214.99209594726562	56.9010124206543	101.43603515625	67.74539947509766	
214.46823120117188	58.227874755859375	97.69357299804688	63.58739471435547	
213.20108032226562	59.59873580932617	95.34535217285156	62.725242614746094	
209.77383422851562	59.57471466064453	96.67337799072266	63.2916145324707	
211.64340209960938	60.58320236206055	96.08931732177734	61.83380126953125	
210.9242706298828	58.83875274658203	98.42826843261719	62.35634231567383	
208.0409698486328	58.0926628112793	98.05853271484375	61.8964958190918	
205.93771362304688	57.872642517089844	100.7304458618164	62.52094268798828	
203.25863647460938	60.30121994018555	97.98493194580078	61.40727615356445	
202.19732666015625	58.15773391723633	103.34599304199219	71.89289855957031	
195.05445861816406	62.690818786621094	89.51410675048828	61.748939514160156	
195.1953125	65.62102508544922	90.64369201660156	61.984397888183594	
194.5960235595703	66.51309967041016	86.96842956542969	61.52063751220703	
194.37387084960938	68.48768615722656	86.10169219970703	63.15045928955078	
197.74693298339844	77.72443389892578	86.53335571289062	62.7189826965332	
195.7965545654297	86.13383483886719	85.37389373779297	63.218994140625	
194.59475708007812	92.4703140258789	82.81204223632812	63.28447341918945	
192.99151611328125	96.0557632446289	83.95638275146484	65.2647933959961	
193.99270629882812	95.86116790771484	85.52369689941406	66.10520935058594	
189.88546752929688	101.44081115722656	87.99714660644531	64.79373168945312	
181.74356079101562	106.07354736328125	100.35728454589844	69.81379699707031	
186.32125854492188	101.6718521118164	89.15888977050781	62.81145095825195	
186.52871704101562	105.09431457519531	89.50395965576172	61.86559295654297	
186.6265411376953	103.11372375488281	88.75608825683594	60.7277946472168	
188.1206817626953	99.80369567871094	88.48265838623047	63.75934600830078	
191.1968994140625	93.6128158569336	88.85596466064453	68.4792709350586	
194.60189819335938	89.4500732421875	88.3509521484375	66.09437561035156	
197.1707763671875	88.92262268066406	88.5196762084961	62.75654983520508	
200.25234985351562	93.39928436279297	86.43910217285156	62.3680419921875	
202.1818084716797	96.23536682128906	86.88850402832031	64.533935546875	
207.41259765625	100.45625305175781	84.63948059082031	60.435829162597656	
209.9670867919922	102.9236068725586	86.06037902832031	59.98188018798828	
217.8197784423828	102.41630554199219	85.20733642578125	59.8633918762207	
222.4021759033203	100.81730651855469	89.1366958618164	62.6217155456543	
231.48287963867188	100.89056396484375	85.35835266113281	61.8217658996582	
239.410400390625	101.83180236816406	87.40996551513672	60.716461181640625	
246.67025756835938	102.19245910644531	84.84696960449219	59.17692947387695	
250.5199737548828	101.65251159667969	87.48158264160156	60.037193298339844	
254.19180297851562	103.74754333496094	87.0826416015625	60.672996520996094	
254.1619873046875	108.2567138671875	89.91857147216797	61.42528533935547	
258.44769287109375	112.33796691894531	87.65763092041016	64.35877990722656	
263.54248046875	115.6012191772461	84.5053939819336	63.7611198425293	
266.470703125	116.85246276855469	82.91683197021484	64.17044830322266	
269.4545593261719	117.27294921875	84.65782928466797	64.3868408203125	
269.4423828125	116.84822845458984	85.38932800292969	65.62852478027344	
269.88482666015625	117.7745361328125	87.44222259521484	65.99270629882812	
271.46002197265625	118.78166198730469	86.7520980834961	65.32892608642578	
272.57366943359375	119.39393615722656	84.87084197998047	64.14100646972656	
275.6258544921875	120.73123931884766	82.3369369506836	62.38078689575195	
274.96722412109375	119.96092224121094	83.43355560302734	62.69026565551758	
275.5331726074219	118.9419937133789	87.85568237304688	62.92112350463867	
274.63446044921875	117.21356201171875	90.2705078125	61.4244270324707	
276.04376220703125	114.69502258300781	88.79496002197266	61.2662353515625	
278.85699462890625	110.78462219238281	86.79576110839844	61.59112548828125	
279.4866638183594	107.9249496459961	87.85746765136719	60.052589416503906	
280.25286865234375	102.87823486328125	88.89756774902344	60.24695587158203	
281.43255615234375	100.1722412109375	87.69430541992188	59.6868896484375	
281.203369140625	92.602294921875	90.65858459472656	64.56207275390625	
284.19464111328125	85.9789810180664	89.1919174194336	62.7301139831543	
285.4671936035156	76.82493591308594	89.37077331542969	64.79841613769531	
287.43365478515625	68.75492095947266	94.156005859375	65.74320983886719	
286.3001403808594	61.90594482421875	98.24939727783203	66.63426971435547	
286.6246643066406	58.26849365234375	98.26286315917969	62.793800354003906	
287.97406005859375	51.244483947753906	99.1651611328125	61.677955627441406	
285.7791442871094	43.590171813964844	104.76336669921875	62.511741638183594	
287.403564453125	36.839534759521484	105.85772705078125	61.567298889160156	
286.87347412109375	32.18557357788086	108.51069641113281	62.63306427001953	
288.24639892578125	31.78426742553711	106.88697814941406	62.60547637939453	
285.1324768066406	34.902130126953125	106.7890853881836	61.30461502075195	
289.7425842285156	41.69172668457031	100.57039642333984	59.272926330566406	
289.68536376953125	48.08329391479492	95.03755187988281	58.17955780029297	
284.397705078125	56.615386962890625	97.26742553710938	61.25342559814453	
286.87530517578125	65.55741882324219	90.22010040283203	64.15460968017578	
282.2841796875	75.22114562988281	85.96168518066406	61.26380157470703	
277.18048095703125	82.3111572265625	85.33052062988281	62.71600341796875	
281.38409423828125	92.822021484375	72.89935302734375	55.07255172729492	
276.8975524902344	96.91676330566406	75.73433685302734	56.39418411254883	
273.3839111328125	101.74859619140625	75.68445587158203	56.05656051635742	
272.65753173828125	105.8961410522461	74.8291015625	56.00739288330078	
270.9190368652344	107.40580749511719	75.33531188964844	55.325164794921875	
269.18353271484375	107.56563568115234	79.28630065917969	56.76270294189453	
272.3794860839844	106.6435317993164	78.59097290039062	57.464073181152344	
275.2532043457031	106.57768249511719	78.80641174316406	56.866973876953125	
278.3526611328125	107.5059814453125	80.81483459472656	58.49260330200195	
283.5360412597656	109.95060729980469	80.68543243408203	59.145301818847656	
283.2886962890625	112.5354232788086	84.08427429199219	58.674461364746094	
285.02691650390625	115.48802185058594	84.40571594238281	59.034088134765625	
293.475830078125	118.80147552490234	80.41197967529297	58.813133239746094	
295.5894470214844	119.31855773925781	81.93052673339844	58.52589797973633	
301.65289306640625	119.80574798583984	79.39178466796875	57.70410919189453	
305.786376953125	119.4347152709961	80.26506042480469	58.591148376464844	
308.8372497558594	119.28739166259766	79.11872100830078	58.0396728515625	
304.6387939453125	117.34407043457031	86.89842224121094	62.11914825439453	
306.550537109375	118.93220520019531	84.89796447753906	61.919654846191406	
309.15423583984375	121.1558837890625	82.61890411376953	60.37726593017578	
307.0421142578125	119.83111572265625	84.90890502929688	60.6744270324707	
309.1809387207031	117.59315490722656	81.46326446533203	61.17610549926758	
308.353759765625	114.81336975097656	80.35102844238281	61.19954299926758	
308.000244140625	114.43990325927734	79.15428924560547	60.6193733215332	
305.2114562988281	114.26849365234375	78.69927978515625	60.70592498779297	
301.51806640625	113.0475082397461	79.43526458740234	61.6550178527832	
295.4056701660156	109.88523864746094	82.679931640625	60.869102478027344	
287.1128845214844	105.50874328613281	88.1988754272461	61.68674850463867	
283.2875061035156	103.76493835449219	87.7320327758789	60.48101806640625	
278.6794128417969	101.75914001464844	85.86527252197266	61.37126541137695	
276.17828369140625	100.87434387207031	81.9104995727539	60.36589813232422	
270.9250183105469	98.21973419189453	79.9496841430664	59.78265380859375	
265.2322998046875	97.6772232055664	77.2375717163086	57.59535598754883	
257.03411865234375	96.42366027832031	78.31376647949219	58.38349533081055	
248.9871368408203	95.99853515625	77.05517578125	60.86299514770508	
236.9176788330078	94.32894134521484	82.53288269042969	62.986839294433594	
229.12844848632812	95.68977355957031	80.77350616455078	59.887123107910156	
220.9719696044922	98.006103515625	80.43751525878906	59.98442459106445	
213.85916137695312	97.34976196289062	82.8970947265625	61.2320442199707	
214.130859375	97.67501068115234	80.02415466308594	60.62250518798828	
213.65771484375	96.72605895996094	80.4383316040039	60.23357391357422	
214.1401824951172	96.19380187988281	81.4477310180664	61.829185485839844	
217.77835083007812	94.35646057128906	80.35491180419922	61.50304412841797	
217.6868133544922	90.51319885253906	88.28569030761719	65.68708801269531	
226.32827758789062	86.35920715332031	86.25282287597656	64.26512908935547	
238.12289428710938	83.18898010253906	78.60506439208984	58.9810791015625	
240.88973999023438	74.90632629394531	87.80532836914062	59.928001403808594	
251.47305297851562	66.70118713378906	86.08431243896484	61.0461540222168	
251.33120727539062	60.5142822265625	91.0750503540039	62.5162353515625	
261.35504150390625	57.038780212402344	89.21275329589844	62.92539596557617	
264.20684814453125	55.32763671875	89.8367691040039	58.77846145629883	
265.8834533691406	52.158226013183594	92.11431121826172	58.70551300048828	
265.8034973144531	49.671226501464844	96.2540054321289	60.2828369140625	
267.30474853515625	49.25119400024414	96.68247985839844	59.50178909301758	
270.44488525390625	51.475372314453125	92.12660217285156	58.70677947998047	
269.02923583984375	52.75236129760742	90.77909851074219	58.178375244140625	
266.3033142089844	52.36179733276367	91.30043029785156	57.87274932861328	
266.8882751464844	54.33893585205078	89.289794921875	58.416969299316406	
270.27294921875	53.410194396972656	86.81684112548828	57.4620246887207	
271.4151306152344	55.6732177734375	86.23854064941406	58.8114013671875	
270.76226806640625	56.559715270996094	87.4718017578125	59.77179718017578	
272.1548156738281	56.9696159362793	87.7054443359375	59.82391357421875	
274.17236328125	57.1993522644043	86.22564697265625	57.59716033935547	
271.206787109375	55.3670539855957	88.52420806884766	58.2078971862793	
274.26483154296875	53.54756546020508	88.89382934570312	57.35124588012695	
272.55010986328125	49.100181579589844	95.4186019897461	58.77406692504883	
273.7698059082031	46.20452880859375	98.79859924316406	59.863311767578125	
279.442626953125	49.625892639160156	95.61778259277344	60.44488525390625	
280.9932556152344	54.671119689941406	93.0080795288086	60.58964920043945	
281.3529357910156	59.23383331298828	97.54008483886719	64.96464538574219	
280.7366027832031	67.33795166015625	96.78467559814453	67.88648986816406	
276.4259338378906	77.75850677490234	92.94123840332031	67.8502426147461	
272.1478271484375	89.38045501708984	91.38955688476562	67.52204132080078	
267.7965393066406	97.90017700195312	91.42445373535156	66.68852233886719	
266.9428405761719	109.4618148803711	86.44815063476562	63.973419189453125	
264.3849182128906	114.777099609375	88.37327575683594	65.2732925415039	
264.15960693359375	116.67131042480469	89.95340728759766	64.53376007080078	
261.21759033203125	116.4952621459961	92.98155212402344	64.43785095214844	
263.0250549316406	111.87345886230469	91.4349594116211	66.62319946289062	
272.7899169921875	105.16035461425781	90.19189453125	69.21730041503906	
272.18359375	91.89836120605469	90.81596374511719	68.28953552246094	
275.29278564453125	79.73261260986328	95.55046081542969	71.805419921875	
276.36224365234375	68.87896728515625	99.14379119873047	70.23219299316406	
279.66357421875	60.0684814453125	98.2018051147461	66.31681823730469	
274.3353576660156	54.20697021484375	98.9970703125	64.08625793457031	
274.538330078125	50.60301971435547	98.08966827392578	62.4309196472168	
271.15924072265625	47.81131362915039	96.25979614257812	60.94648361206055	
266.8662109375	47.760406494140625	97.25872802734375	60.73136520385742	
263.40576171875	50.41263961791992	95.64848327636719	61.055458068847656	
253.65133666992188	53.69488525390625	98.46626281738281	64.86279296875	
253.07894897460938	61.2952995300293	91.2846908569336	63.382720947265625	
248.49569702148438	70.24543762207031	88.25084686279297	60.97087860107422	
246.1738739013672	76.97813415527344	77.90611267089844	57.59791946411133	
235.83071899414062	83.18270111083984	78.4396743774414	58.87150955200195	
226.8804931640625	89.13322448730469	80.24593353271484	62.23743438720703	
219.85055541992188	95.31136322021484	79.74507904052734	62.58845901489258	
213.47152709960938	98.20362854003906	79.0444564819336	60.891693115234375	
209.22384643554688	94.27367401123047	80.84879302978516	63.36281204223633	
211.692626953125	86.6515884399414	80.39613342285156	62.68748092651367	
218.86962890625	77.87110137939453	77.56874084472656	59.134864807128906	
221.4961395263672	66.87049865722656	77.7351303100586	57.35700225830078	
219.27243041992188	56.11034393310547	82.92295837402344	58.56047821044922	
215.82290649414062	46.53486633300781	86.77117919921875	59.96406173706055	
213.48568725585938	41.225425720214844	87.2965087890625	58.407196044921875	
209.42495727539062	38.59487533569336	85.54641723632812	57.29558563232422	
202.716064453125	37.054412841796875	86.23968505859375	56.692283630371094	
196.82302856445312	38.43505859375	84.64248657226562	56.060646057128906	
191.4786834716797	39.09355545043945	85.34968566894531	55.077728271484375	
185.7543182373047	39.64569854736328	84.37097930908203	54.779266357421875	
184.04940795898438	40.88136672973633	82.15972900390625	54.91109085083008	
183.88943481445312	42.85938262939453	77.33384704589844	54.372894287109375	
183.2939910888672	42.97307205200195	75.58839416503906	54.473167419433594	
182.96669006347656	42.17252731323242	76.90791320800781	53.60723114013672	
182.12387084960938	40.07123565673828	80.31206512451172	53.856048583984375	
184.8045654296875	39.75010681152344	80.46641540527344	54.179420471191406	
185.87661743164062	37.90938186645508	82.25465393066406	54.844764709472656	
187.51622009277344	37.08094024658203	82.17243957519531	53.99573516845703	
190.2344512939453	35.59650421142578	83.23462677001953	55.22284698486328	
192.78842163085938	37.07261276245117	82.2609634399414	55.77836990356445	
192.76992797851562	37.84561538696289	83.92286682128906	57.44501876831055	
190.53305053710938	40.41593551635742	85.54916381835938	58.3514518737793	
193.25833129882812	44.60652160644531	79.8863754272461	59.682044982910156	
191.9982452392578	52.0239143371582	79.79692077636719	60.26292037963867	
190.73370361328125	60.61290740966797	76.72924041748047	59.06879806518555	
186.92459106445312	68.68513488769531	76.2491455078125	60.791893005371094	
181.72659301757812	75.04808044433594	78.8179931640625	60.958152770996094	
179.70901489257812	80.23751068115234	78.56571960449219	61.03752517700195	
176.93930053710938	84.01893615722656	79.30274200439453	59.4735107421875	
176.0266571044922	86.2292709350586	78.69552612304688	59.803260803222656	
174.43276977539062	86.51325988769531	79.31864929199219	58.82600784301758	
175.21664428710938	83.49571228027344	79.67127990722656	60.204864501953125	
176.70510864257812	76.24217987060547	80.8940658569336	63.978538513183594	
178.4573211669922	69.44309997558594	81.05201721191406	62.78428268432617	
178.22337341308594	61.987403869628906	80.92573547363281	60.79990768432617	
178.6556854248047	54.95766067504883	79.33766174316406	59.07622528076172	
175.01773071289062	47.65771484375	82.9691390991211	61.5179443359375	
172.2266082763672	42.618690490722656	84.63109588623047	60.42313766479492	
172.11575317382812	38.122398376464844	83.93089294433594	59.20165252685547	
170.797607421875	36.569297790527344	80.91304016113281	57.01500701904297	
169.30355834960938	36.599403381347656	79.62689971923828	54.3088264465332	
167.66346740722656	36.139854431152344	79.21231842041016	54.115020751953125	
166.4266815185547	37.60402297973633	77.35356140136719	54.37321090698242	
166.1942138671875	38.30772018432617	76.39561462402344	54.66017532348633	
166.37945556640625	39.055362701416016	74.85930633544922	54.209251403808594	
166.7206573486328	39.852439880371094	74.49352264404297	55.300086975097656	
167.31985473632812	41.53180694580078	73.8170394897461	54.78120040893555	
167.67189025878906	42.045082092285156	73.30535888671875	53.258384704589844	
168.1763458251953	41.67871856689453	74.54756927490234	53.0301399230957	
172.86129760742188	39.14289093017578	73.9381103515625	53.8931770324707	
173.90585327148438	41.301666259765625	75.36570739746094	53.998565673828125	
174.63528442382812	40.0272102355957	77.86473083496094	55.97370147705078	
175.55435180664062	42.70335006713867	77.88997650146484	56.117698669433594	
174.56216430664062	44.90723419189453	77.86327362060547	57.50535202026367	
169.26612854003906	53.16179275512695	82.06062316894531	58.64726638793945	
162.9238739013672	59.52561569213867	85.9520263671875	63.202781677246094	
158.0755157470703	68.90775299072266	87.2947998046875	64.39262390136719	
146.0609893798828	76.4637222290039	95.9178466796875	68.10790252685547	
139.5790252685547	84.57521057128906	100.73828887939453	71.33882904052734	
138.7653350830078	95.85633850097656	100.1098403930664	66.65511322021484	
137.85897827148438	99.93528747558594	98.7431869506836	65.43104553222656	
136.39114379882812	100.25984191894531	99.9684066772461	65.16999053955078	
137.86227416992188	95.93180084228516	102.24128723144531	69.14563751220703	
140.63168334960938	91.05487060546875	103.2933349609375	71.74883270263672	
143.9503631591797	84.79692077636719	101.32551574707031	72.05777740478516	
148.5940704345703	80.21347045898438	99.6276626586914	70.20890808105469	
150.57681274414062	73.70990753173828	100.39315795898438	72.2998046875	
156.57647705078125	69.1455078125	98.05229187011719	71.29833984375	
161.37863159179688	63.413536071777344	94.14111328125	70.23887634277344	
160.53445434570312	55.6962776184082	100.18235778808594	70.74058532714844	
159.78121948242188	49.7292366027832	104.57177734375	72.04176330566406	
160.3748321533203	45.78483581542969	108.20770263671875	72.58342742919922	
157.8904266357422	44.156410217285156	114.41667175292969	73.8450927734375	
156.31484985351562	39.96001434326172	121.21961975097656	76.61360931396484	
156.835205078125	35.484031677246094	122.4678726196289	77.97138977050781	
155.24508666992188	26.669525146484375	132.23837280273438	80.21704864501953	
158.47164916992188	26.115774154663086	125.9786605834961	78.11253356933594	
153.2334442138672	26.969371795654297	123.15541076660156	78.2702865600586	
155.4713897705078	36.176124572753906	111.72047424316406	77.71861267089844	
155.78189086914062	39.85745620727539	114.308837890625	79.51921081542969	
109.62516784667969	43.12700653076172	114.56103515625	79.69465637207031	
67.38557434082031	30.618539810180664	116.05499267578125	80.73393249511719	
71.8353271484375	33.37726974487305	115.31468200683594	80.21893310546875	
124.5470962524414	40.95140838623047	112.86578369140625	78.5153579711914	
146.31504821777344	58.35353469848633	104.9079360961914	75.87358856201172	
149.2947235107422	59.04651641845703	96.48616027832031	72.1048583984375	
150.03387451171875	60.38066482543945	97.253173828125	73.04463195800781	
152.76365661621094	60.792213439941406	95.02848052978516	71.60338592529297	
156.5421600341797	60.79718780517578	94.23844146728516	71.06825256347656	
154.9461669921875	58.7613410949707	92.6080093383789	70.15287017822266	
160.18252563476562	56.51300811767578	92.19440460205078	68.91484832763672	
159.24769592285156	47.581626892089844	92.47132110595703	67.30691528320312	
160.3883514404297	39.827919006347656	102.97711181640625	68.69640350341797	
157.02828979492188	29.87420654296875	116.97813415527344	72.62689971923828	
163.1002960205078	23.821651458740234	116.43620300292969	76.53790283203125	
161.85122680664062	22.426464080810547	118.3172607421875	78.87464904785156	
155.60879516601562	16.18710708618164	122.63441467285156	82.9446029663086	
155.9052276611328	21.13890838623047	119.81941986083984	82.98851776123047	
156.4375457763672	26.685876846313477	118.27708435058594	83.10054779052734	
161.31826782226562	40.6848030090332	117.93255615234375	76.55448150634766	
156.41226196289062	54.63605499267578	115.90445709228516	77.05322265625	
152.33953857421875	67.3800277709961	116.2572021484375	79.18324279785156	
154.76101684570312	76.51666259765625	113.36515045166016	79.711669921875	
151.96502685546875	85.73943328857422	113.58256530761719	77.48662567138672	
149.61978149414062	85.6485824584961	115.90058898925781	78.38377380371094	
150.2509765625	81.81925201416016	116.76350402832031	79.350341796875	
156.30868530273438	75.91561126708984	111.4885482788086	79.1577377319336	
159.7945098876953	71.4341812133789	108.653564453125	77.76492309570312	
167.1240692138672	64.59912872314453	107.72562408447266	75.46277618408203	
172.8680419921875	60.496192932128906	99.95594787597656	72.06208801269531	
170.67611694335938	57.928993225097656	101.65773010253906	69.94648742675781	
173.2390594482422	57.636993408203125	103.447021484375	74.11192321777344	
167.64157104492188	57.08307647705078	103.6130599975586	74.90318298339844	
166.72048950195312	58.777130126953125	104.19632720947266	76.9566650390625	
165.15618896484375	61.93347930908203	105.78511047363281	79.56636810302734	
161.9718780517578	57.268043518066406	109.2552261352539	79.93959045410156	
156.74908447265625	50.09995651245117	114.57853698730469	81.50856018066406	
155.9342803955078	46.29753875732422	117.70518493652344	82.15514373779297	
156.63421630859375	44.7716178894043	119.1968002319336	82.1080322265625	
153.13009643554688	39.669193267822266	124.98545837402344	84.71516418457031	
150.6162567138672	35.90958786010742	133.58407592773438	91.91178131103516	
145.86703491210938	28.5179500579834	139.50531005859375	95.0779800415039	
145.29522705078125	23.318645477294922	139.11080932617188	97.93254089355469	
143.9095001220703	22.142681121826172	139.6845245361328	99.29216003417969	
141.5764923095703	20.505939483642578	140.5448455810547	102.9466781616211	
142.45001220703125	20.438146591186523	142.84945678710938	104.07442474365234	
143.6249542236328	19.858928680419922	140.18905639648438	102.7437744140625	
143.80795288085938	19.292688369750977	141.18138122558594	103.96351623535156	
145.1543426513672	19.005218505859375	142.6020050048828	103.36106872558594	
144.62657165527344	18.318531036376953	143.4296112060547	102.0738754272461	
142.38397216796875	15.658784866333008	146.34829711914062	103.9361572265625	
138.98834228515625	13.715868949890137	148.2608184814453	106.81166076660156	
139.214599609375	12.162019729614258	150.1492462158203	108.84281158447266	
140.9705810546875	12.391557693481445	151.7761993408203	110.6401596069336	
141.381103515625	13.057583808898926	150.53536987304688	106.74407958984375	
139.75909423828125	12.922994613647461	149.5693817138672	108.5318374633789	
138.5024871826172	14.726898193359375	150.2700653076172	106.7291030883789	
136.22457885742188	13.706644058227539	151.8229522705078	111.36995697021484	
137.83595275878906	14.323336601257324	149.09683227539062	108.12409973144531	
140.8456573486328	15.575653076171875	144.34896850585938	104.66031646728516	
142.90426635742188	16.515628814697266	143.76858520507812	104.40470123291016	
142.89308166503906	16.340164184570312	146.2776641845703	105.03147888183594	
144.40426635742188	16.900554656982422	148.12136840820312	107.9591064453125	
141.83583068847656	15.9013671875	147.04176330566406	106.19215393066406	
143.74661254882812	19.165904998779297	148.0091552734375	105.55082702636719	
146.50331115722656	21.214553833007812	143.5171661376953	102.71220397949219	
144.84402465820312	20.674434661865234	144.16896057128906	102.9926986694336	
149.46774291992188	23.710742950439453	142.6653289794922	101.95308685302734	
148.2038116455078	23.590023040771484	142.43019104003906	102.14006042480469	
150.32632446289062	26.850330352783203	138.14102172851562	99.4358901977539	
151.59317016601562	27.79205322265625	136.67083740234375	97.35047912597656	
152.1759490966797	30.42852783203125	133.90029907226562	95.237060546875	
153.06130981445312	35.88624954223633	131.4884796142578	92.0580062866211	
148.9591064453125	35.73111343383789	130.58026123046875	91.16632080078125	
159.01390075683594	40.99885177612305	121.63725280761719	84.64508819580078	
157.39151000976562	40.89387893676758	120.05001068115234	82.67443084716797	
157.56777954101562	43.36613082885742	118.24003601074219	80.89741516113281	
160.84909057617188	44.56549835205078	115.07845306396484	79.822021484375	
159.47537231445312	43.962677001953125	112.8010025024414	80.09469604492188	
164.6331329345703	46.36396026611328	108.72908782958984	77.36763000488281	
163.35519409179688	44.49187469482422	108.5887680053711	76.78248596191406	
158.84329223632812	40.75896072387695	111.59980773925781	80.53862762451172	
165.24069213867188	42.52537155151367	109.58536529541016	77.0750961303711	
166.65206909179688	43.050621032714844	105.5462417602539	76.07118225097656	
165.0451202392578	42.87166976928711	105.56513977050781	76.42154693603516	
164.1138916015625	41.280906677246094	107.38031005859375	77.51199340820312	
168.61788940429688	44.94685363769531	104.2889175415039	74.49600219726562	
167.47900390625	46.363548278808594	103.9606704711914	73.55747985839844	
166.85214233398438	46.70631408691406	100.76054382324219	71.74991607666016	
163.1114501953125	46.73004150390625	102.09147644042969	72.09000396728516	
163.53591918945312	44.429779052734375	99.54421997070312	71.8593521118164	
166.42958068847656	44.41374206542969	95.96421813964844	70.10591888427734	
167.2753448486328	44.43712615966797	93.73356628417969	67.54752349853516	
169.1565399169922	43.3748893737793	91.7220687866211	66.5112075805664	
167.7078857421875	42.99125671386719	92.94710540771484	66.75596618652344	
168.79824829101562	44.97705078125	90.1995620727539	63.815635681152344	
171.02821350097656	46.033103942871094	87.88907623291016	62.6945686340332	
174.99444580078125	51.07991409301758	85.83036804199219	60.5327262878418	
174.18797302246094	52.916526794433594	88.1395034790039	61.290061950683594	
175.03822326660156	57.894142150878906	91.25630950927734	62.67402267456055	
177.85006713867188	62.42889404296875	91.95247650146484	62.841217041015625	
180.33358764648438	66.70413970947266	93.6395492553711	64.46427917480469	
183.6761016845703	71.05218505859375	93.70536041259766	64.3534164428711	
191.4785614013672	77.59246063232422	91.89030456542969	62.783470153808594	
192.0478057861328	79.5489501953125	98.77271270751953	66.77604675292969	
196.0048828125	84.10154724121094	100.81534576416016	67.5193862915039	
197.95913696289062	87.99075317382812	102.84944915771484	69.5335922241211	
200.17774963378906	90.53916931152344	101.82511138916016	72.1594467163086	
202.5595703125	94.11753845214844	106.306640625	71.97366333007812	
199.9500274658203	93.50785827636719	108.8729248046875	76.49263000488281	
199.7600860595703	94.5023193359375	116.57637023925781	77.44452667236328	
199.26986694335938	94.10177612304688	119.03303527832031	81.81959533691406	
196.75108337402344	93.67830657958984	120.93061828613281	84.8347396850586	
196.19749450683594	93.38526916503906	127.314453125	86.75272369384766	
194.35464477539062	91.4908218383789	131.6925048828125	90.1280746459961	
189.9946746826172	90.85297393798828	138.01803588867188	92.43428039550781	
190.73324584960938	89.75672912597656	140.5152587890625	92.9688720703125	
187.1819305419922	87.1702651977539	144.16175842285156	96.2098388671875	
185.2700958251953	85.05924987792969	145.90145874023438	97.40092468261719	
182.7853546142578	83.12985229492188	144.98965454101562	98.43136596679688	
181.58139038085938	82.90711975097656	143.6441192626953	98.38501739501953	
181.02020263671875	82.79255676269531	148.08218383789062	99.33588409423828	
180.85293579101562	83.01614379882812	145.97854614257812	98.6924057006836	
182.48995971679688	81.8629379272461	143.69760131835938	98.07850646972656	
190.48631286621094	83.58888244628906	132.17230224609375	93.38516235351562	
192.06173706054688	82.30918884277344	128.42205810546875	92.2566146850586	
188.65655517578125	79.16858673095703	125.1378402709961	89.77510833740234	
192.1749267578125	74.8486099243164	120.79840087890625	88.48299407958984	
196.5154266357422	67.84190368652344	119.38432312011719	87.67713165283203	
197.62213134765625	61.109588623046875	121.751708984375	87.76557922363281	
200.51025390625	53.53706741333008	124.86631774902344	89.0188217163086	
194.5667724609375	51.35206985473633	125.3760757446289	87.7637710571289	
199.4805908203125	54.56682205200195	118.69232177734375	82.14945220947266	
197.2251434326172	51.01035690307617	120.21370697021484	83.52418518066406	
196.13095092773438	50.23834228515625	118.53321838378906	80.69139099121094	
200.6650390625	50.040626525878906	113.78157043457031	79.04528045654297	
198.06533813476562	48.94092559814453	112.1739273071289	76.69513702392578	
191.66455078125	47.35157012939453	113.93597412109375	77.23400115966797	
195.9705047607422	50.89902877807617	109.25053405761719	74.56871032714844	
191.4624481201172	53.259254455566406	105.92122650146484	73.64112091064453	
190.16787719726562	57.2689094543457	103.25323486328125	72.30738067626953	
190.40106201171875	62.501922607421875	99.32997131347656	69.24505615234375	
189.33824157714844	65.57156372070312	95.9671630859375	68.2171859741211	
187.3146209716797	67.24507141113281	96.34904479980469	67.80021667480469	
191.29937744140625	71.4489974975586	89.58248138427734	65.99153137207031	
190.14544677734375	73.05830383300781	88.87467956542969	64.93719482421875	
188.97891235351562	71.94378662109375	89.22135162353516	65.6733169555664	
191.25363159179688	66.28193664550781	87.67597198486328	65.55021667480469	
192.91220092773438	55.24867630004883	90.44294738769531	64.45746612548828	
180.4710235595703	35.1027717590332	107.514892578125	72.48828125	
175.22988891601562	24.094989776611328	118.3836441040039	74.27257537841797	
173.54055786132812	14.684008598327637	122.07170104980469	75.51837921142578	
184.29010009765625	2.456413984298706	119.56221008300781	83.17375183105469	
179.75718688964844	0.7735313177108765	125.5794677734375	77.71403503417969	
180.304443359375	1.6428909301757812	123.74028015136719	73.719970703125	
184.43321228027344	0.16515883803367615	125.09934997558594	70.42845153808594	
182.3328094482422	0.0	123.40079498291016	70.10042572021484	
182.98561096191406	0.5166648626327515	124.25822448730469	72.29180908203125	
179.99319458007812	5.822293758392334	120.1956787109375	72.5740966796875	
174.21238708496094	17.775718688964844	115.04731750488281	70.83436584472656	
173.76869201660156	27.239337921142578	105.21746826171875	72.14189147949219	
176.0824737548828	43.2447395324707	93.85499572753906	67.8491439819336	
168.7057647705078	58.43269729614258	95.35956573486328	69.04176330566406	
160.441650390625	69.9498062133789	97.81880187988281	72.31312561035156	
152.50071716308594	79.63006591796875	101.34232330322266	71.64550018310547	
148.5077667236328	87.6379165649414	104.62593078613281	71.7052001953125	
152.08731079101562	91.06248474121094	99.57135009765625	71.61100769042969	
154.41354370117188	91.8328857421875	99.81800842285156	71.07606506347656	
155.9582977294922	90.61283874511719	102.32669830322266	71.01756286621094	
160.12269592285156	90.1365966796875	103.1774673461914	69.99336242675781	
163.4187469482422	87.03182220458984	104.0765609741211	72.6839828491211	
165.1934051513672	86.04659271240234	106.67108154296875	74.10395812988281	
168.7198028564453	84.38494873046875	104.13934326171875	74.63837432861328	
172.77572631835938	82.01063537597656	102.9307861328125	74.96244812011719	
175.19122314453125	78.1357421875	106.016357421875	76.0035400390625	
178.90585327148438	76.73480224609375	103.4979019165039	74.69337463378906	
177.1879425048828	72.4166030883789	103.1027603149414	75.70469665527344	
184.2031707763672	68.61552429199219	98.48399353027344	76.3492202758789	
187.56210327148438	65.81910705566406	94.71876525878906	71.97671508789062	
188.9552459716797	60.80287551879883	95.36061096191406	72.69497680664062	
188.74020385742188	55.8130989074707	98.27745819091797	71.49266052246094	
189.09005737304688	50.05264663696289	99.57508850097656	73.34060668945312	
188.8038330078125	43.75618362426758	97.68589782714844	70.22322082519531	
182.46542358398438	38.85332107543945	102.31732177734375	73.5313491821289	
180.5807647705078	35.008113861083984	98.25852966308594	73.85090637207031	
183.90011596679688	36.901756286621094	91.2381820678711	73.67362976074219	
182.73757934570312	34.79969024658203	88.7406997680664	73.40837097167969	
183.9712677001953	34.66196823120117	88.68437194824219	74.90198516845703	
183.72499084472656	31.615283966064453	91.67361450195312	77.97161102294922	
181.13497924804688	27.822011947631836	93.7828598022461	78.56462860107422	
179.7151641845703	25.589935302734375	92.77140808105469	78.86283874511719	
180.66331481933594	24.611858367919922	94.60382080078125	79.41078186035156	
176.34962463378906	24.7248592376709	96.11045837402344	78.76509094238281	
176.70126342773438	24.351232528686523	102.57258605957031	80.50251770019531	
175.5963592529297	25.480655670166016	102.03990173339844	78.87550354003906	
176.62948608398438	25.764896392822266	104.27886962890625	79.30143737792969	
177.1041717529297	27.269550323486328	109.83784484863281	80.24690246582031	
178.07351684570312	29.939733505249023	110.75321960449219	78.48030090332031	
178.81716918945312	33.77173614501953	109.59788513183594	75.32784271240234	
180.79861450195312	35.157081604003906	108.3562240600586	73.03910827636719	
179.0478515625	38.02365493774414	100.79441833496094	71.01152038574219	
176.61300659179688	40.8769645690918	98.11186218261719	70.22615814208984	
174.371337890625	42.12604904174805	97.45634460449219	70.4625015258789	
173.63072204589844	42.395164489746094	98.30653381347656	69.9685287475586	
174.57559204101562	42.83992385864258	94.6799545288086	68.31146240234375	
175.2059326171875	41.65199661254883	95.58834075927734	69.09149169921875	
174.35122680664062	41.74718475341797	96.32518005371094	68.7732925415039	
175.7078857421875	41.14441680908203	97.23233795166016	68.5360107421875	
172.62307739257812	31.0391902923584	105.1651382446289	70.90271759033203	
165.50192260742188	13.894241333007812	119.00770568847656	79.1749038696289	
171.970947265625	0.795269787311554	118.7095718383789	79.12751007080078	
171.01515197753906	0.0	117.09599304199219	76.92864990234375	
186.7630157470703	-23.087438583374023	112.75538635253906	78.43853759765625	
170.01025390625	0.0	123.7294692993164	71.79729461669922	
167.4256134033203	0.0	121.2682876586914	75.37809753417969	
164.99612426757812	0.0	120.74283599853516	73.41341400146484	
169.1823272705078	3.0975425243377686	113.44209289550781	75.44606018066406	
166.7001495361328	18.957210540771484	113.2508773803711	76.82193756103516	
163.3128204345703	30.359699249267578	113.1641845703125	73.58984375	
162.86216735839844	46.31804656982422	112.3025894165039	74.78739929199219	
166.01611328125	62.736244201660156	105.49610900878906	72.70623779296875	
161.74562072753906	72.7110824584961	109.82421875	74.428466796875	
158.562744140625	81.76908111572266	111.39060974121094	76.79231262207031	
159.52752685546875	91.39222717285156	113.9951400756836	75.6994400024414	
165.48660278320312	98.70230102539062	106.4124984741211	72.99877166748047	
162.2556610107422	101.64178466796875	109.82659912109375	74.46435546875	
162.5476837158203	104.24427795410156	109.42765808105469	74.26545715332031	
163.26292419433594	106.6921157836914	110.70611572265625	73.81040954589844	
163.755859375	108.310546875	112.46531677246094	71.5556869506836	
166.41696166992188	106.229248046875	107.77467346191406	74.47992706298828	
166.93861389160156	105.78755187988281	108.35367584228516	74.12299346923828	
170.8633270263672	104.81046295166016	100.85997009277344	70.49198913574219	
169.83737182617188	101.67744445800781	102.79571533203125	70.27701568603516	
173.92648315429688	99.97834777832031	99.16468811035156	67.75286102294922	
175.96018981933594	95.4615478515625	100.9769287109375	68.7932357788086	
178.84652709960938	91.53244018554688	102.06285858154297	67.82452392578125	
185.4949951171875	88.88777160644531	93.3548355102539	66.99676513671875	
187.89747619628906	88.0411605834961	88.14127349853516	63.1241340637207	
187.16104125976562	86.27936553955078	87.26727294921875	62.42948532104492	
184.05859375	85.42992401123047	86.22972106933594	60.67151641845703	
182.3297576904297	83.85795593261719	82.81930541992188	59.96857452392578	
183.21865844726562	81.54881286621094	78.83538818359375	58.45277786254883	
184.92312622070312	74.8231430053711	77.41197204589844	59.3319091796875	
184.61447143554688	66.43077087402344	79.77290344238281	59.986793518066406	
186.53663635253906	59.58838653564453	80.26519012451172	57.80327224731445	
190.3408203125	51.808319091796875	77.62500762939453	56.973655700683594	
188.626708984375	45.89067840576172	81.78386688232422	58.08452224731445	
188.76690673828125	37.69117736816406	84.65174102783203	60.14246368408203	
187.82949829101562	33.09382247924805	87.92619323730469	60.0195426940918	
188.9973907470703	32.0769157409668	87.5201416015625	58.6780891418457	
189.50534057617188	34.03501510620117	85.00102996826172	59.43720245361328	
189.65939331054688	39.58517837524414	82.13450622558594	60.60231399536133	
189.4732208251953	49.22974395751953	77.11201477050781	58.51372146606445	
181.98516845703125	60.24285125732422	81.6753158569336	61.18138885498047	
176.86557006835938	70.99412536621094	79.36674499511719	61.92926788330078	
167.29953002929688	79.76448822021484	84.80384826660156	64.96509552001953	
158.48670959472656	88.00977325439453	91.70030212402344	67.78438568115234	
153.09860229492188	93.55613708496094	93.62435150146484	68.40306854248047	
152.7274169921875	101.17536926269531	96.58295440673828	66.67729187011719	
152.19189453125	103.77531433105469	96.64602661132812	66.24202728271484	
159.4068603515625	105.46624755859375	93.0395736694336	65.79020690917969	
160.24462890625	101.73344421386719	97.85485076904297	67.73197174072266	
163.67172241210938	100.86044311523438	100.62339782714844	68.50199127197266	
171.98733520507812	99.80680084228516	96.87651062011719	68.90465545654297	
179.18014526367188	100.81990814208984	99.63124084472656	65.61888122558594	
186.1036376953125	100.53160095214844	96.68963623046875	66.90328216552734	
191.73348999023438	104.38758850097656	94.18928527832031	64.3758316040039	
195.56314086914062	106.81978607177734	93.05484771728516	62.4229621887207	
197.4844970703125	108.29801940917969	90.80313110351562	62.18842315673828	
201.66329956054688	110.00630187988281	86.64710235595703	59.53657913208008	
208.5648651123047	106.99609375	79.02789306640625	59.921165466308594	
208.6804656982422	95.0660629272461	85.30036163330078	66.02813720703125	
215.9303741455078	84.51297760009766	88.97335052490234	67.97460174560547	
226.2828826904297	73.3060302734375	82.78746032714844	64.68989562988281	
232.7030792236328	56.79338836669922	80.86043548583984	63.749725341796875	
235.31613159179688	32.74763488769531	86.59632873535156	61.74798583984375	
232.8447265625	19.53812026977539	95.39026641845703	62.63794708251953	
225.40890502929688	8.055005073547363	107.79605865478516	65.11771392822266	
223.38314819335938	6.19000244140625	110.85577392578125	63.696372985839844	
218.88284301757812	7.755434989929199	110.26445007324219	63.99631881713867	
220.22323608398438	15.162388801574707	100.96034240722656	62.498680114746094	
218.43569946289062	20.90260124206543	96.00776672363281	61.65362548828125	
212.5380401611328	28.96511459350586	92.13189697265625	61.33525848388672	
213.6678466796875	40.58104705810547	80.6640853881836	60.813262939453125	
203.7042236328125	52.51173782348633	80.11595153808594	62.38972091674805	
195.28970336914062	64.80436706542969	77.58232116699219	62.682212829589844	
180.2716064453125	75.7449951171875	80.67127990722656	62.5230598449707	
167.4666748046875	83.56612396240234	88.40126037597656	65.40503692626953	
157.13491821289062	88.34837341308594	95.9901123046875	70.71211242675781	
154.49044799804688	91.8542709350586	93.19454193115234	70.56343078613281	
152.70907592773438	97.81489562988281	92.34553527832031	66.05975341796875	
146.9585418701172	98.77033996582031	95.4608383178711	66.84545135498047	
142.6085968017578	97.22281646728516	94.26119232177734	66.85759735107422	
136.88229370117188	95.38212585449219	96.38520050048828	65.90787506103516	
132.05215454101562	94.09208679199219	96.03718566894531	64.84644317626953	
121.49169921875	97.86628723144531	99.22758483886719	62.630897521972656	
113.76478576660156	101.08680725097656	97.42124938964844	65.77723693847656	
109.91007232666016	106.30731201171875	96.82691192626953	63.3333854675293	
107.68989562988281	103.44792175292969	98.26171875	66.0341796875	
110.0811767578125	101.8163833618164	96.87857818603516	63.910438537597656	
111.88761901855469	94.11854553222656	98.07807159423828	65.1759262084961	
117.18986511230469	86.40898132324219	95.15509033203125	64.59141540527344	
121.25288391113281	74.28286743164062	96.9147720336914	68.73014068603516	
127.7427749633789	60.17803955078125	93.82537078857422	69.15415954589844	
137.61782836914062	46.83174133300781	90.52323913574219	67.50028991699219	
151.47952270507812	34.67082977294922	78.6878433227539	61.15039825439453	
159.08865356445312	22.399879455566406	81.75035095214844	60.260780334472656	
160.40859985351562	37.592018127441406	83.35192108154297	59.939308166503906	
148.10499572753906	50.33855438232422	91.00200653076172	63.60319137573242	
140.054443359375	66.93769836425781	95.7137222290039	66.89839935302734	
138.05062866210938	78.23551940917969	94.79740905761719	64.65631103515625	
139.05166625976562	78.33904266357422	97.75177001953125	66.07132720947266	
146.25851440429688	74.92291259765625	96.66949462890625	65.56895446777344	
155.16253662109375	66.02255249023438	93.04734802246094	67.64351654052734	
170.77757263183594	57.313270568847656	85.87187194824219	64.70173645019531	
181.72592163085938	45.4425048828125	86.40071868896484	62.4699821472168	
184.59072875976562	30.7283935546875	95.23677825927734	67.37064361572266	
213.29019165039062	39.55915451049805	95.81599426269531	67.28785705566406	
213.17568969726562	55.13362503051758	91.92552185058594	68.35983276367188	
207.75894165039062	70.66138458251953	90.64605712890625	70.55606079101562	
205.8433074951172	108.88558197021484	93.7928237915039	63.60767364501953	
216.1011505126953	110.61419677734375	91.02306365966797	62.32196807861328	
239.27914428710938	100.09495544433594	88.62128448486328	63.08709716796875	
247.741455078125	93.39176940917969	87.468017578125	64.9164810180664	
257.9512939453125	84.80506896972656	86.90361022949219	64.51533508300781	
272.66986083984375	48.6234016418457	105.2953109741211	71.60215759277344	
270.3338317871094	36.9622917175293	111.83412170410156	68.53556060791016	
275.5746154785156	29.27313232421875	114.5218276977539	67.4164047241211	
276.30206298828125	35.10819625854492	109.7296371459961	67.55517578125	
272.0851135253906	39.60293197631836	112.3907470703125	69.1200942993164	
267.4687194824219	59.534156799316406	96.98941802978516	70.73030090332031	
266.17401123046875	71.22811126708984	91.47624206542969	67.4369125366211	
249.7696990966797	95.20504760742188	93.21617126464844	66.41162109375	
251.8471221923828	102.16988372802734	88.60197448730469	65.33306121826172	
252.7849578857422	103.20252990722656	88.62037658691406	65.078857421875	
257.0587158203125	88.00431823730469	93.83763122558594	69.42376708984375	
259.7216796875	80.49476623535156	94.58474731445312	68.97830200195312	
265.04779052734375	57.167076110839844	99.3641586303711	72.52154541015625	
261.21600341796875	53.03888702392578	103.2509994506836	74.41410064697266	
258.180908203125	54.848670959472656	103.70430755615234	76.40412902832031	
240.06271362304688	77.91287994384766	97.57955169677734	74.77753448486328	
229.06527709960938	85.08741760253906	101.72950744628906	71.07305908203125	
198.9283905029297	93.70635986328125	111.93497467041016	77.45668029785156	
192.7119903564453	98.27698516845703	112.66741943359375	77.78060150146484	
184.97267150878906	103.7266616821289	122.06449890136719	83.1954574584961	
179.4695587158203	105.07304382324219	126.8773422241211	83.79466247558594	
177.26922607421875	102.8553695678711	126.10443115234375	86.77975463867188	
177.61819458007812	100.68968200683594	123.4078598022461	89.2116928100586	
173.5563201904297	104.93949127197266	126.0904312133789	86.8388671875	
168.44383239746094	107.77713775634766	126.13713073730469	87.77655029296875	
169.21041870117188	108.47171783447266	125.98631286621094	85.0476303100586	
168.90431213378906	106.31938171386719	125.26322174072266	84.50007629394531	
179.03713989257812	80.21349334716797	113.79461669921875	78.97969055175781	
