107.0	88.0	72.0	85.0	
102.66166687011719	86.07752990722656	72.3744888305664	84.39613342285156	
100.6432113647461	84.98197174072266	71.1378402709961	84.93045806884766	
98.54060363769531	84.52892303466797	68.68400573730469	86.08158874511719	
96.6360855102539	84.72724914550781	66.55833435058594	87.4065933227539	
95.5307388305664	85.71288299560547	67.44392395019531	89.61235046386719	
95.7908935546875	87.61848449707031	66.135986328125	90.59410095214844	
96.29301452636719	88.16178894042969	67.77388000488281	94.43492126464844	
97.16413879394531	90.373291015625	70.87736511230469	95.71961212158203	
99.93440246582031	91.37120056152344	75.88916015625	98.34687042236328	
103.12967681884766	91.12654876708984	79.43199157714844	99.91602325439453	
106.95304107666016	89.63162994384766	81.28717041015625	100.21965789794922	
114.71427154541016	90.49549865722656	82.39810180664062	100.57701110839844	
123.60078430175781	91.39952850341797	83.20547485351562	100.9296875	
133.40682983398438	94.00043487548828	84.14749145507812	98.49574279785156	
142.35877990722656	94.84364318847656	87.02626037597656	94.88541412353516	
150.68551635742188	89.5088119506836	88.35576629638672	94.28885650634766	
155.47647094726562	80.60465240478516	92.27690124511719	96.02479553222656	
157.28489685058594	72.30107116699219	98.22685241699219	96.14031982421875	
155.30801391601562	62.0757942199707	104.84272766113281	97.40250396728516	
155.6752471923828	54.307830810546875	106.1329345703125	92.04317474365234	
153.01544189453125	41.48828125	107.80448913574219	93.87809753417969	
150.54208374023438	32.87239456176758	110.7406997680664	88.92024230957031	
148.63168334960938	23.543310165405273	109.5086441040039	87.23712158203125	
144.72042846679688	19.359432220458984	107.61861419677734	79.9473876953125	
139.35064697265625	9.742324829101562	108.5025405883789	81.82962799072266	
128.6199493408203	3.6842360496520996	107.56358337402344	83.09584045410156	
122.1538314819336	2.2359657287597656	102.26607513427734	82.3543930053711	
116.81229400634766	0.03946838527917862	103.59056091308594	88.13140106201172	
109.01324462890625	0.02615203894674778	104.61741638183594	92.68367004394531	
102.33702087402344	0.0	104.2545166015625	96.48570251464844	
96.3243408203125	0.4876655638217926	109.89576721191406	103.02620697021484	
91.8456802368164	3.960707187652588	109.14064025878906	107.34574890136719	
89.4708251953125	17.618927001953125	115.6724624633789	107.61567687988281	
89.72264099121094	34.20768356323242	112.07464599609375	107.0135269165039	
88.78036499023438	47.43628692626953	111.61509704589844	108.2525863647461	
94.61724853515625	65.6054458618164	106.0279769897461	109.6706314086914	
98.07572937011719	85.84352111816406	98.93171691894531	108.28328704833984	
96.20155334472656	97.15605163574219	101.20311737060547	113.36407470703125	
97.10809326171875	105.04315185546875	106.478271484375	116.5783462524414	
97.8766098022461	107.24385833740234	104.12742614746094	115.12516784667969	
97.10904693603516	100.03277587890625	97.90187072753906	117.0467758178711	
97.21073913574219	90.52323913574219	94.26445007324219	118.03944396972656	
94.1549301147461	81.6653823852539	95.67716979980469	115.373779296875	
89.58514404296875	69.75447082519531	100.1137924194336	113.59849548339844	
85.37886047363281	54.344276428222656	105.29325103759766	113.5415267944336	
78.45752716064453	35.046661376953125	116.55485534667969	116.30934143066406	
76.7762680053711	16.40876007080078	114.2332534790039	115.27937316894531	
73.28089141845703	1.7207809686660767	112.69993591308594	115.0121078491211	
71.66984558105469	0.0	119.5300064086914	117.7887954711914	
74.8589859008789	0.0	111.45402526855469	108.25450134277344	
76.4949722290039	0.0	112.96101379394531	104.74263000488281	
77.59004974365234	0.0	113.8990249633789	106.46012115478516	
81.8749771118164	7.493475437164307	119.49452209472656	104.82144927978516	
86.80411529541016	22.016347885131836	115.8561019897461	100.85430908203125	
88.40396881103516	35.669334411621094	114.41685485839844	99.85520935058594	
90.3044204711914	47.70758056640625	117.27107238769531	98.88555908203125	
87.79928588867188	61.29503631591797	118.7778091430664	98.00089263916016	
91.1532211303711	71.75439453125	113.89012145996094	99.3805923461914	
90.3258285522461	81.29766845703125	114.62125396728516	103.64324951171875	
92.00123596191406	92.41828918457031	110.57966613769531	105.44111633300781	
92.8183364868164	106.2474136352539	101.21128845214844	104.3553237915039	
90.32710266113281	113.5528335571289	101.41145324707031	110.29295349121094	
87.38780212402344	120.99517822265625	103.393310546875	114.84352111816406	
79.88838195800781	126.41632080078125	116.1150131225586	120.03076171875	
74.11434173583984	133.32882690429688	120.62773132324219	116.0445556640625	
71.99735260009766	133.9252471923828	122.71199035644531	116.2293930053711	
67.9848403930664	135.6547393798828	120.37022399902344	114.18238830566406	
67.94309997558594	129.194091796875	119.23079681396484	118.60096740722656	
70.66925048828125	119.4531021118164	110.33121490478516	128.13717651367188	
74.32209777832031	108.88114166259766	103.309326171875	123.39276123046875	
76.6268539428711	98.9678726196289	101.99479675292969	116.7343978881836	
74.85453033447266	83.84842681884766	107.37955474853516	117.6917495727539	
74.14012145996094	74.73884582519531	115.84873962402344	114.26690673828125	
77.06716918945312	64.7987060546875	120.88291931152344	108.8979721069336	
80.7683334350586	57.90169143676758	124.27113342285156	103.48751068115234	
84.11054992675781	39.36497116088867	121.2054214477539	105.68827056884766	
85.89608764648438	32.35248565673828	117.12152099609375	100.30535125732422	
87.97793579101562	31.06903648376465	108.21258544921875	93.9907455444336	
86.55644226074219	29.89483642578125	113.80915832519531	93.10450744628906	
86.51426696777344	34.70619201660156	111.7381591796875	91.89161682128906	
89.95853424072266	44.90847396850586	115.37642669677734	91.23986053466797	
94.8703384399414	58.760711669921875	119.0486831665039	92.22257995605469	
106.72982025146484	78.01988220214844	112.28902435302734	93.55897521972656	
109.75889587402344	96.79489135742188	108.8969497680664	97.39816284179688	
111.44502258300781	118.47412109375	103.89310455322266	100.50907897949219	
108.69482421875	143.77999877929688	111.7989730834961	98.24373626708984	
100.73243713378906	162.52435302734375	117.11839294433594	94.49762725830078	
100.32066345214844	170.92941284179688	82.01515197753906	96.82341003417969	
96.6260757446289	179.4364013671875	79.80847930908203	94.21830749511719	
84.7947006225586	180.82655334472656	78.14313507080078	92.25227355957031	
80.7374038696289	174.42306518554688	78.6431655883789	92.84258270263672	
63.26025390625	165.1199188232422	110.45655822753906	90.65203857421875	
64.4036636352539	156.9771728515625	107.62255859375	92.43223571777344	
71.61682891845703	132.3119659423828	102.93016052246094	112.3391342163086	
80.16203308105469	111.7839584350586	94.38523864746094	114.20792388916016	
75.56035614013672	89.96259307861328	105.55692291259766	116.9406509399414	
78.13310241699219	71.84760284423828	114.89097595214844	112.3925552368164	
78.37217712402344	56.13005828857422	118.5892562866211	106.40946197509766	
81.91902923583984	39.7724723815918	118.63494873046875	105.30965423583984	
80.7560043334961	30.201183319091797	117.88565826416016	102.43165588378906	
81.9627456665039	28.271081924438477	117.13089752197266	100.22579193115234	
84.86865997314453	29.157745361328125	117.10472106933594	98.85970306396484	
89.44520568847656	34.15917205810547	117.9002685546875	98.42341613769531	
95.79580688476562	43.4820442199707	118.99128723144531	97.54610443115234	
97.48807525634766	55.935302734375	122.86061096191406	96.19139862060547	
105.02803039550781	71.28417205810547	121.83553314208984	97.6473159790039	
111.0193099975586	89.9493637084961	110.4719467163086	93.63981628417969	
113.79705810546875	102.80329895019531	108.20375061035156	100.05615234375	
118.5907211303711	121.99129486083984	100.61861419677734	101.43806457519531	
111.95753479003906	143.13815307617188	112.2421875	101.9291763305664	
105.47142028808594	159.87164306640625	110.6098861694336	95.66873931884766	
98.31363677978516	171.2376251220703	98.58843994140625	88.1451416015625	
90.34010314941406	175.5909881591797	95.86265563964844	84.9764175415039	
79.07315826416016	174.09486389160156	98.11126708984375	85.39013671875	
69.0921630859375	166.0088348388672	108.34907531738281	90.79194641113281	
65.41148376464844	156.39837646484375	111.55769348144531	94.0416259765625	
65.56909942626953	132.3495330810547	103.55584716796875	112.68391418457031	
74.19940185546875	110.16158294677734	93.38197326660156	118.53834533691406	
73.83853912353516	95.69566345214844	94.54293823242188	112.20047760009766	
73.06787109375	73.8645248413086	104.13731384277344	113.2129898071289	
74.01322937011719	54.81559371948242	109.68289947509766	113.95704650878906	
77.9671401977539	37.47956085205078	114.43560791015625	112.2660903930664	
78.36260223388672	26.557998657226562	118.47065734863281	106.61955261230469	
80.61954498291016	22.78296661376953	118.19647216796875	100.75375366210938	
85.04466247558594	24.59771728515625	114.47200012207031	98.21707916259766	
89.00773620605469	29.518177032470703	115.51912689208984	99.12541198730469	
95.4046859741211	41.7623291015625	114.0122299194336	100.97086334228516	
101.77215576171875	59.122642517089844	122.76536560058594	98.08854675292969	
116.20394134521484	77.81483459472656	115.86006164550781	99.2125244140625	
118.00968170166016	93.13929748535156	104.15547180175781	100.4141845703125	
128.0236053466797	115.74658203125	101.97517395019531	99.79624938964844	
129.80096435546875	132.7986602783203	111.35711669921875	100.91612243652344	
122.5318832397461	152.48333740234375	117.72401428222656	99.61701965332031	
113.5872802734375	164.160888671875	111.67508697509766	93.20787048339844	
107.2957534790039	176.49908447265625	100.70365905761719	81.346435546875	
98.41053771972656	179.14224243164062	102.66062927246094	80.99687194824219	
86.59187316894531	169.92308044433594	109.47450256347656	88.45219421386719	
79.49837493896484	160.7526092529297	110.26078796386719	90.78311920166016	
78.9062728881836	140.8684539794922	103.7908935546875	103.3540267944336	
81.7215805053711	116.76021575927734	93.41450500488281	119.0201416015625	
77.22498321533203	91.39158630371094	99.33738708496094	119.0323715209961	
73.35447692871094	70.98978424072266	108.55877685546875	119.7364273071289	
70.18167877197266	54.37360382080078	114.10909271240234	118.22438049316406	
69.54801940917969	36.715003967285156	117.31585693359375	117.64002990722656	
68.57369995117188	22.83072280883789	117.1844482421875	115.8650131225586	
72.56207275390625	13.342498779296875	123.84405517578125	113.0613021850586	
76.4166030883789	10.907559394836426	122.68522644042969	110.72523498535156	
82.46791076660156	17.800493240356445	119.7334213256836	108.61299133300781	
87.50886535644531	23.10729217529297	117.94095611572266	111.5853500366211	
94.87422943115234	39.31029510498047	122.63372802734375	108.95892333984375	
98.7538833618164	58.23027801513672	129.06536865234375	100.84745788574219	
107.96894836425781	78.09944915771484	124.2505111694336	94.12353515625	
112.62751770019531	96.38555145263672	110.28572845458984	85.46607971191406	
109.1139144897461	108.81141662597656	106.82826232910156	86.64656829833984	
99.05401611328125	119.0396957397461	102.10308837890625	89.98139953613281	
91.65757751464844	129.23727416992188	95.36356353759766	90.15275573730469	
76.91224670410156	132.432861328125	90.91604614257812	95.41028594970703	
59.564369201660156	132.3918914794922	89.49417877197266	101.22654724121094	
39.734432220458984	131.27957153320312	95.22079467773438	109.33671569824219	
21.355989456176758	133.1283721923828	102.3646469116211	113.380615234375	
4.363199710845947	135.96148681640625	108.58387756347656	108.55546569824219	
0.0	140.7077178955078	107.70853424072266	105.22282409667969	
0.0	142.54586791992188	100.51189422607422	105.51094055175781	
-6.757651329040527	154.25729370117188	90.51822662353516	106.86161804199219	
0.0	153.61534118652344	93.46564483642578	96.89170837402344	
-8.820035934448242	159.70138549804688	91.38059997558594	107.87969970703125	
0.0	154.91456604003906	90.14847564697266	94.77945709228516	
0.0	148.9181365966797	94.67153930664062	99.24678039550781	
0.0	141.429931640625	101.67137908935547	103.8709945678711	
0.0	132.75656127929688	104.96687316894531	110.8644027709961	
1.3288437128067017	133.7203826904297	116.55250549316406	112.8872299194336	
29.176803588867188	126.99378967285156	110.34039306640625	117.1958236694336	
60.86460494995117	118.75333404541016	99.51947021484375	118.20817565917969	
87.68366241455078	110.44581604003906	97.02355194091797	112.98502349853516	
110.30977630615234	94.47172546386719	100.08476257324219	111.60441589355469	
132.7071075439453	85.67254638671875	100.1711654663086	99.5810546875	
150.28854370117188	72.09822845458984	105.29940032958984	91.59446716308594	
158.1821746826172	58.29364013671875	115.0163803100586	87.66224670410156	
161.9293975830078	42.73927688598633	118.1710433959961	86.59659576416016	
163.0660400390625	36.356021881103516	119.92594146728516	83.56766510009766	
172.71925354003906	34.74696350097656	109.79166412353516	82.9507064819336	
190.62998962402344	30.766101837158203	80.00596618652344	94.45135498046875	
184.10687255859375	44.376251220703125	95.89570617675781	84.73722839355469	
180.8980712890625	54.21790313720703	92.69532775878906	80.12521362304688	
178.18115234375	56.9969596862793	81.20246887207031	95.86390686035156	
180.19601440429688	77.18106842041016	81.66602325439453	96.41114807128906	
152.92477416992188	102.64276123046875	103.31513977050781	91.5268325805664	
142.2399139404297	106.73594665527344	94.48980712890625	98.29663848876953	
128.73617553710938	116.6741714477539	92.82563018798828	102.16316223144531	
109.8244857788086	125.32808685302734	87.91905212402344	104.8636703491211	
89.5014419555664	133.42398071289062	93.59587097167969	110.5445327758789	
68.84317016601562	140.62989807128906	93.35670471191406	102.60078430175781	
51.27516555786133	139.48837280273438	94.51673889160156	106.0606460571289	
32.130043029785156	145.231201171875	105.29144287109375	101.64649963378906	
21.25669288635254	147.17649841308594	107.17110443115234	101.39263916015625	
9.848670959472656	155.1053924560547	110.99067687988281	96.38690185546875	
2.7412705421447754	149.59375	111.5011215209961	102.48004150390625	
0.4549522399902344	152.30496215820312	114.8122329711914	100.73388671875	
0.913652777671814	140.9676971435547	117.9509048461914	110.9885025024414	
3.2966201305389404	146.98121643066406	120.7032470703125	106.3471450805664	
12.485391616821289	145.16249084472656	122.33197021484375	106.79655456542969	
25.594940185546875	136.27159118652344	117.90374755859375	115.69755554199219	
46.5081787109375	133.24058532714844	112.20096588134766	120.19001770019531	
69.51236724853516	125.05308532714844	103.9275131225586	120.72157287597656	
95.48351287841797	117.91424560546875	94.53523254394531	109.2433853149414	
110.5301284790039	99.5330581665039	96.53748321533203	103.43016052246094	
119.05360412597656	88.03288269042969	97.76866912841797	90.75178527832031	
126.55289459228516	75.7612533569336	107.99723052978516	84.57783508300781	
133.10183715820312	64.17555236816406	112.50837707519531	83.56257629394531	
138.00892639160156	56.42708206176758	107.2347412109375	81.0262451171875	
142.52346801757812	57.4724006652832	107.5642318725586	75.92033386230469	
146.0863037109375	57.337554931640625	101.83952331542969	75.45333099365234	
146.83956909179688	57.660011291503906	99.68394470214844	77.6467514038086	
145.93675231933594	61.025489807128906	100.14888000488281	77.95186614990234	
148.61822509765625	71.40034484863281	102.93653869628906	78.3790054321289	
149.95875549316406	80.89510345458984	99.84928894042969	77.56501770019531	
143.01943969726562	84.4359130859375	93.67071533203125	81.24958801269531	
133.21548461914062	92.7413101196289	97.25151062011719	86.39689636230469	
122.59625244140625	94.83031463623047	96.61772155761719	94.41284942626953	
115.8251724243164	103.56050109863281	90.56207275390625	96.66912841796875	
104.6681137084961	109.27445983886719	87.88128662109375	100.33302307128906	
96.2107162475586	115.2035140991211	84.84123229980469	102.00141906738281	
84.27684020996094	116.52523040771484	86.3561019897461	105.5208740234375	
72.89470672607422	117.38310241699219	87.9806137084961	107.01737976074219	
63.22905349731445	120.489990234375	91.49615478515625	107.3306655883789	
55.48291015625	122.83951568603516	92.5881118774414	110.4533920288086	
48.790367126464844	123.99609375	93.97896575927734	112.20356750488281	
42.4847526550293	124.03880310058594	95.42479705810547	114.259033203125	
38.516334533691406	126.1861801147461	93.11557006835938	112.26361083984375	
34.555335998535156	126.18891906738281	94.05876159667969	114.53633880615234	
30.498516082763672	125.4251480102539	95.9782943725586	115.46617126464844	
27.591772079467773	123.5778579711914	95.90864562988281	115.41033935546875	
26.47794532775879	121.44688415527344	97.23326110839844	118.0411605834961	
27.855667114257812	121.4427719116211	98.141357421875	117.1402816772461	
31.986135482788086	118.15156555175781	97.99059295654297	118.50090026855469	
38.41260528564453	117.89013671875	95.48060607910156	116.8584213256836	
45.93547821044922	118.8099365234375	95.30818939208984	117.55682373046875	
56.573699951171875	120.19746398925781	92.66809844970703	114.25498962402344	
66.76895904541016	118.47779846191406	92.48167419433594	116.36491394042969	
79.19327545166016	119.27180480957031	89.04927825927734	111.21510314941406	
91.62623596191406	121.06214904785156	86.40708923339844	104.7341537475586	
100.68092346191406	118.03792572021484	86.21501922607422	103.86784362792969	
108.8598861694336	111.03361511230469	86.94795227050781	100.09526062011719	
113.89937591552734	109.7661361694336	89.51507568359375	98.60890197753906	
117.989013671875	103.56378173828125	90.6412582397461	93.59798431396484	
121.63951110839844	99.37208557128906	92.96513366699219	87.80854034423828	
124.80997467041016	97.35374450683594	95.15274047851562	85.28372192382812	
127.34391784667969	93.85121154785156	94.22477722167969	83.31294250488281	
126.76554107666016	88.94659423828125	87.8399887084961	81.31561279296875	
129.3488006591797	92.1445083618164	90.29540252685547	81.01148986816406	
126.84820556640625	90.87190246582031	88.83412170410156	83.46882629394531	
124.2878646850586	95.08679962158203	95.54405975341797	86.46956634521484	
119.862548828125	95.21418762207031	96.6126708984375	89.2465591430664	
116.23338317871094	94.20729064941406	96.13542175292969	94.19477081298828	
111.58045959472656	100.06419372558594	94.9794921875	94.1500244140625	
105.1846923828125	105.7983627319336	95.22509765625	96.93829345703125	
97.54566955566406	111.70109558105469	95.62525939941406	96.53687286376953	
80.6116943359375	109.77734375	96.5472183227539	99.1357421875	
69.0450439453125	107.0243148803711	95.59403228759766	102.09269714355469	
58.457916259765625	102.4609146118164	94.18214416503906	106.778076171875	
53.72306442260742	102.3383560180664	94.42778015136719	110.45903015136719	
44.90198516845703	103.39997863769531	97.67851257324219	114.4451675415039	
38.9448356628418	108.0523452758789	98.14830017089844	114.78443908691406	
31.39052391052246	111.30888366699219	103.55168151855469	120.39129638671875	
20.218120574951172	116.24349212646484	110.2204818725586	124.36336517333984	
16.848196029663086	118.21219635009766	115.4450454711914	126.99360656738281	
11.707987785339355	121.1380615234375	119.38017272949219	125.36677551269531	
9.268331527709961	128.44981384277344	121.64306640625	117.54457092285156	
6.075386047363281	129.37698364257812	127.51761627197266	118.39619445800781	
18.72637367248535	124.12507629394531	128.0885009765625	123.50467681884766	
24.580114364624023	123.3037109375	121.81446838378906	123.02970886230469	
30.99875831604004	120.45243835449219	123.46353912353516	127.87324523925781	
52.588523864746094	110.6534423828125	110.72061920166016	125.350830078125	
67.34371948242188	105.26264953613281	105.37275695800781	119.82181549072266	
82.46131896972656	94.17202758789062	105.89710998535156	114.00809478759766	
93.66388702392578	84.1992416381836	109.4159927368164	108.34147644042969	
110.43611907958984	72.79316711425781	110.25804138183594	105.14006042480469	
116.77445983886719	65.55500030517578	114.34637451171875	95.55418395996094	
117.9577407836914	54.86383056640625	127.9195785522461	90.59722137451172	
122.47884368896484	49.673980712890625	126.65702056884766	86.54835510253906	
128.43991088867188	49.77484893798828	123.09703063964844	85.64584350585938	
138.42727661132812	54.39106369018555	115.85872650146484	82.26152801513672	
145.45968627929688	41.41848373413086	85.50206756591797	100.93973541259766	
129.70578002929688	51.0509147644043	83.08821868896484	98.09007263183594	
140.53936767578125	73.7054672241211	84.52021789550781	99.78062438964844	
124.8978500366211	104.4778060913086	96.1134262084961	87.38227844238281	
115.32914733886719	110.7562026977539	95.6695556640625	92.60833740234375	
107.22184753417969	112.3084716796875	98.40633392333984	101.4803695678711	
99.2757339477539	117.25877380371094	93.99510192871094	103.12605285644531	
83.14909362792969	122.84367370605469	102.3273696899414	114.08599853515625	
62.0344123840332	132.7890167236328	113.6769790649414	111.2067642211914	
46.93146514892578	150.43978881835938	114.44234466552734	97.35555267333984	
35.13136291503906	153.93759155273438	116.266845703125	96.1912612915039	
29.80878257751465	149.6264190673828	115.314697265625	100.125	
28.476587295532227	141.46923828125	110.7027359008789	104.13482666015625	
28.32770347595215	116.37501525878906	102.39945983886719	126.68937683105469	
30.313390731811523	102.49930572509766	96.0641098022461	117.9233169555664	
23.630666732788086	78.1299057006836	104.25643157958984	117.32023620605469	
19.32952308654785	54.217140197753906	117.67835998535156	116.5509262084961	
15.39262580871582	35.85521697998047	123.6006088256836	111.6418685913086	
10.547750473022461	10.792896270751953	119.27689361572266	116.1986083984375	
6.2093610763549805	0.0	119.91017150878906	120.06388854980469	
4.545815944671631	0.0	121.55875396728516	116.04530334472656	
8.529825210571289	0.0	121.1649398803711	110.9606704711914	
14.154568672180176	0.0	117.72855377197266	111.0910415649414	
17.33352279663086	2.480971574783325	117.73179626464844	112.03562927246094	
26.188549041748047	20.23020362854004	116.381591796875	110.14788818359375	
34.47926330566406	46.372032165527344	120.67021179199219	109.46800231933594	
47.609405517578125	67.78158569335938	106.87369537353516	110.89149475097656	
60.36000442504883	94.2529296875	101.14308166503906	110.890869140625	
69.15643310546875	117.1227798461914	94.8134994506836	111.37687683105469	
69.75325775146484	136.89529418945312	108.65812683105469	114.60899353027344	
70.47396087646484	153.69879150390625	100.20411682128906	101.27374267578125	
68.69022369384766	155.5882568359375	95.21734619140625	99.2677230834961	
66.60890197753906	140.52487182617188	95.05380249023438	106.5510025024414	
60.94447708129883	124.09602355957031	98.79643249511719	119.9653549194336	
58.811866760253906	100.53895568847656	96.33025360107422	117.6263656616211	
48.91751480102539	71.05342102050781	109.66021728515625	122.27397155761719	
50.0273551940918	52.40094757080078	116.7060317993164	121.67010498046875	
47.95804977416992	34.59109115600586	117.1104507446289	121.95979309082031	
49.76094055175781	21.09309196472168	113.78910064697266	122.52738952636719	
50.09113311767578	10.317596435546875	119.90428161621094	122.4432601928711	
53.49358367919922	8.391688346862793	118.3829345703125	119.98930358886719	
54.80210494995117	14.5714693069458	117.18643951416016	118.288330078125	
59.427574157714844	30.30307960510254	120.7787857055664	116.17108154296875	
58.995880126953125	52.6722526550293	123.33740234375	113.34185791015625	
65.128662109375	76.92930603027344	122.260498046875	113.85490417480469	
79.20616149902344	108.1719741821289	104.77983093261719	114.20735168457031	
76.64306640625	136.51693725585938	121.14527893066406	116.0902328491211	
75.68152618408203	156.06106567382812	115.32889556884766	102.94200134277344	
73.66016387939453	168.52468872070312	100.62879943847656	95.51402282714844	
68.00578308105469	176.77320861816406	88.15672302246094	88.37162780761719	
57.88895797729492	179.3756866455078	90.72163391113281	83.50166320800781	
51.205360412597656	172.02731323242188	95.5283203125	88.7417984008789	
49.673377990722656	163.54513549804688	97.14629364013672	91.8956298828125	
49.78816223144531	140.45358276367188	96.18995666503906	102.8198013305664	
52.765045166015625	115.9737319946289	93.94096374511719	120.72193908691406	
50.44483184814453	93.021484375	101.64537048339844	118.24296569824219	
48.82468032836914	73.03919219970703	107.31245422363281	116.93019104003906	
47.33042526245117	50.9566535949707	113.2140121459961	120.9238052368164	
52.0372314453125	42.74991989135742	113.92512512207031	116.80055236816406	
54.20793914794922	31.38714599609375	116.65936279296875	118.45601654052734	
57.699195861816406	30.080387115478516	116.49192810058594	114.4594955444336	
60.47814178466797	35.07199478149414	119.10716247558594	114.35858154296875	
64.26657104492188	52.16596603393555	121.82743835449219	106.2297134399414	
71.19306945800781	68.87138366699219	118.25962829589844	105.6693115234375	
80.0497055053711	84.26585388183594	116.3875503540039	105.87115478515625	
92.0531005859375	103.47320556640625	100.35355377197266	106.95829010009766	
101.34244537353516	130.980224609375	94.51319885253906	103.58514404296875	
98.22447204589844	160.56558227539062	111.44962310791016	97.20864868164062	
94.21231842041016	177.96743774414062	100.39529418945312	87.69114685058594	
86.02114868164062	171.19387817382812	85.08607482910156	100.4487533569336	
80.68551635742188	175.6421356201172	85.2754135131836	100.67227935791016	
51.28112030029297	177.4549560546875	84.99189758300781	100.33757781982422	
56.662139892578125	184.17373657226562	94.41358947753906	82.3050765991211	
58.21222686767578	177.81369018554688	97.21363067626953	83.9464111328125	
52.223876953125	166.32583618164062	102.15879821777344	92.01429748535156	
52.59844970703125	139.30929565429688	104.7382583618164	104.576416015625	
58.42646408081055	110.2535400390625	97.85063171386719	123.3158950805664	
55.96112823486328	90.51399230957031	102.12142944335938	119.09233093261719	
52.36967849731445	66.20169067382812	107.51651763916016	121.44032287597656	
51.56599044799805	44.234169006347656	114.3461685180664	121.21895599365234	
50.795780181884766	31.12704849243164	118.05411529541016	117.52592468261719	
51.87154006958008	26.23309898376465	123.22352600097656	110.8714828491211	
56.42021942138672	28.463064193725586	123.4078140258789	107.4233627319336	
62.26103591918945	39.34528350830078	122.5257797241211	102.806396484375	
68.87066650390625	54.11381149291992	121.4786376953125	101.91609954833984	
74.70989990234375	76.20701599121094	119.250732421875	98.33247375488281	
86.33052062988281	100.83741760253906	118.67952728271484	97.49323272705078	
100.59007263183594	129.31564331054688	105.9259033203125	98.26647186279297	
93.48698425292969	159.66024780273438	124.12113952636719	93.50582885742188	
93.7374267578125	177.17308044433594	99.19699096679688	85.67813873291016	
83.2056655883789	183.72308349609375	92.76437377929688	81.65982818603516	
75.05743408203125	186.5954132080078	85.99400329589844	80.67967224121094	
69.4229736328125	186.57125854492188	86.04650115966797	81.18576049804688	
61.257057189941406	187.88182067871094	85.40007019042969	77.45762634277344	
45.36983108520508	181.5535125732422	93.3700180053711	79.11521911621094	
47.69145965576172	174.8991241455078	94.94764709472656	81.7337875366211	
48.08012771606445	156.47792053222656	100.25404357910156	91.22371673583984	
51.61517333984375	124.486572265625	92.15728759765625	116.50440979003906	
54.5271110534668	99.59722137451172	91.81244659423828	116.14959716796875	
50.28725051879883	73.77972412109375	102.3861312866211	119.21337890625	
49.64078903198242	57.41790771484375	108.1645278930664	115.76448822021484	
53.144386291503906	41.80268096923828	108.73640441894531	113.1617431640625	
56.58931350708008	33.93327713012695	108.73104095458984	109.45967102050781	
59.1860466003418	36.339263916015625	121.6926040649414	104.81817626953125	
63.161354064941406	44.462669372558594	123.95308685302734	99.1072006225586	
67.04219055175781	56.9925651550293	119.9046401977539	94.53178405761719	
85.10340118408203	81.92308044433594	109.13697814941406	88.06670379638672	
88.9081039428711	93.12665557861328	102.06263732910156	95.505615234375	
90.52191162109375	121.4177017211914	95.7939682006836	96.18353271484375	
85.69425964355469	147.6215057373047	104.00736236572266	98.25001525878906	
78.67223358154297	168.01095581054688	111.3224868774414	96.4188003540039	
73.61959075927734	176.15585327148438	102.50239562988281	89.41753387451172	
69.99452209472656	179.7511749267578	94.3025894165039	85.54988098144531	
60.376434326171875	178.3334503173828	89.8697509765625	85.4017333984375	
59.22907638549805	176.80355834960938	86.6003646850586	83.00910949707031	
48.932281494140625	170.15615844726562	94.64230346679688	85.66160583496094	
40.3280143737793	147.44813537597656	97.03839874267578	98.7730712890625	
33.89067840576172	116.1222915649414	92.49592590332031	120.6551284790039	
30.16423988342285	90.06978607177734	101.94914245605469	118.29376220703125	
27.001562118530273	68.1698989868164	111.12347412109375	117.96148681640625	
26.97884750366211	50.9483642578125	116.91605377197266	118.87782287597656	
30.55820655822754	45.777400970458984	113.60469055175781	112.10173034667969	
31.884265899658203	35.411277770996094	116.13023376464844	114.8075942993164	
34.273681640625	36.897457122802734	119.74239349365234	112.09834289550781	
36.67206954956055	43.9704475402832	119.37419128417969	110.65518951416016	
40.435646057128906	59.962677001953125	121.4529800415039	109.90190124511719	
48.1242790222168	78.27223205566406	122.5661849975586	108.4101333618164	
54.1572151184082	96.17420959472656	117.55216979980469	111.3260498046875	
68.20159912109375	122.62164306640625	105.96464538574219	110.47845458984375	
68.60433959960938	148.56764221191406	118.9912109375	106.1177749633789	
65.74686431884766	166.7984161376953	107.51847839355469	93.4450454711914	
63.23596954345703	176.73434448242188	94.43681335449219	88.4136962890625	
60.540191650390625	185.3134002685547	84.44278717041016	80.26812744140625	
56.28980255126953	184.94412231445312	81.23582458496094	79.6393051147461	
54.02876663208008	183.29446411132812	84.5895767211914	77.66203308105469	
44.9868049621582	178.19508361816406	95.72245025634766	80.6200180053711	
35.69182586669922	171.33262634277344	106.44876861572266	84.33863830566406	
37.909584045410156	151.86221313476562	105.79341125488281	95.4338607788086	
43.94382095336914	125.85921478271484	93.60737609863281	117.8094253540039	
43.58775329589844	103.7359848022461	96.92951965332031	117.1767578125	
38.85169219970703	83.22889709472656	106.54095458984375	114.55594635009766	
36.68114471435547	65.4703140258789	111.81111907958984	111.44392395019531	
39.18280029296875	55.32744598388672	115.82777404785156	104.200927734375	
39.61246871948242	50.116249084472656	115.78096771240234	99.14567565917969	
44.12681198120117	53.22265625	120.0306625366211	94.57682800292969	
49.6342887878418	61.048736572265625	122.05232238769531	92.18592071533203	
53.68621063232422	72.71839904785156	121.27950286865234	89.87455749511719	
68.7467041015625	94.4771728515625	111.79411315917969	87.66651916503906	
74.48565673828125	106.68626403808594	104.8947525024414	94.06291198730469	
82.11091613769531	127.154296875	91.36215209960938	96.6528549194336	
79.23658752441406	149.4703369140625	99.22383117675781	95.87971496582031	
73.49480438232422	167.31622314453125	95.84190368652344	92.23570251464844	
64.18789672851562	176.0750274658203	92.55791473388672	86.53073120117188	
52.8631706237793	181.5729217529297	91.92118072509766	81.06146240234375	
48.22267150878906	175.25631713867188	93.63621520996094	86.26393127441406	
52.633087158203125	170.98269653320312	92.30368041992188	86.94488525390625	
42.74829864501953	158.86392211914062	104.54019927978516	92.99623107910156	
40.8659553527832	129.94949340820312	103.34220886230469	113.3045883178711	
40.132015228271484	107.72322845458984	101.55320739746094	120.39105224609375	
33.39265823364258	82.35721588134766	110.58003997802734	122.66632080078125	
31.493139266967773	62.457489013671875	114.61872863769531	121.8294448852539	
30.52419662475586	46.690547943115234	115.51651763916016	117.97047424316406	
28.594188690185547	32.229515075683594	119.0220947265625	115.5047378540039	
29.28155517578125	26.285985946655273	125.1445541381836	111.1753921508789	
32.902198791503906	27.188037872314453	123.49674224853516	108.46820068359375	
36.42035675048828	32.43543243408203	123.7199478149414	111.2218017578125	
40.620079040527344	41.74332046508789	122.1279296875	112.57423400878906	
44.68891143798828	62.65393829345703	121.27540588378906	110.41630554199219	
56.670249938964844	85.38459014892578	120.96466064453125	111.61766052246094	
73.1162338256836	115.65030670166016	103.6463623046875	113.2336196899414	
72.0118637084961	146.568603515625	113.1646499633789	104.0146255493164	
72.38743591308594	171.99288940429688	102.99761962890625	87.28948974609375	
69.9803695678711	184.32376098632812	85.75724792480469	80.75361633300781	
64.32705688476562	189.63211059570312	82.24708557128906	78.72865295410156	
63.463584899902344	188.97271728515625	83.16328430175781	77.83192443847656	
52.2750129699707	186.53564453125	93.18486022949219	76.86649322509766	
46.94331359863281	181.7787628173828	105.20172119140625	80.14041900634766	
42.0758056640625	176.27252197265625	112.02105712890625	82.11973571777344	
44.477447509765625	169.64749145507812	111.15046691894531	83.96273040771484	
46.79414749145508	152.34580993652344	109.84873962402344	93.88031768798828	
55.88079071044922	127.3575439453125	93.4941635131836	115.5478744506836	
58.65387725830078	111.05686950683594	91.5883560180664	113.890625	
53.8828010559082	85.37471008300781	106.87031555175781	119.14079284667969	
52.160072326660156	70.36071014404297	113.43731689453125	113.2067642211914	
50.509029388427734	56.547119140625	111.00787353515625	109.05021667480469	
49.4321174621582	43.47208023071289	117.82154846191406	110.49784851074219	
49.38777542114258	37.96049880981445	117.71052551269531	107.254150390625	
50.913665771484375	39.368133544921875	123.11207580566406	104.2857894897461	
56.31268310546875	45.22290802001953	117.8427963256836	102.4506607055664	
59.213783264160156	58.757781982421875	120.11091613769531	98.6278076171875	
70.36563873291016	77.98321533203125	112.79610443115234	95.50895690917969	
72.59877014160156	90.9852066040039	110.3704833984375	100.27652740478516	
79.58800506591797	109.8584976196289	100.09388732910156	103.31497955322266	
80.96284484863281	127.04353332519531	97.6279067993164	110.3613510131836	
75.82986450195312	147.4203338623047	107.86274719238281	103.7350845336914	
69.8581314086914	165.87820434570312	102.98172760009766	93.04566955566406	
63.371482849121094	180.7720947265625	92.49674224853516	82.08016204833984	
56.5853385925293	187.82801818847656	88.76930236816406	81.21294403076172	
48.90216827392578	187.20156860351562	91.88542175292969	81.39804077148438	
53.44524002075195	187.7705535888672	91.49476623535156	77.88121032714844	
59.652076721191406	184.65191650390625	100.39837646484375	77.25150299072266	
50.792869567871094	178.9384765625	110.60079193115234	78.9576187133789	
51.54825973510742	161.8826446533203	108.45703125	88.64744567871094	
55.88523483276367	134.75393676757812	97.31138610839844	109.6772232055664	
54.04680252075195	107.34562683105469	94.35518646240234	113.41703796386719	
46.465972900390625	68.85482788085938	111.38774108886719	122.8304214477539	
42.71918869018555	50.524444580078125	113.03840637207031	117.1386489868164	
41.2630729675293	38.16481399536133	122.47575378417969	116.85433197021484	
43.99927520751953	39.03447723388672	126.39900970458984	112.3128433227539	
40.97114181518555	47.31547927856445	125.8089370727539	108.76094818115234	
44.42215347290039	58.78816604614258	127.19828033447266	108.554443359375	
45.72311782836914	74.94476318359375	130.07215881347656	109.01100158691406	
55.09056854248047	94.81211853027344	125.8984146118164	105.2413558959961	
70.26972961425781	115.951904296875	112.4077377319336	105.5924072265625	
76.10526275634766	136.18173217773438	110.34635162353516	107.35469818115234	
68.48426818847656	156.4066162109375	118.4286117553711	101.03131103515625	
65.74836730957031	163.22802734375	98.25709533691406	95.44547271728516	
59.564422607421875	169.83642578125	93.96707916259766	89.57249450683594	
45.14275360107422	167.46632385253906	98.47842407226562	90.24090576171875	
29.56636619567871	168.50608825683594	108.4437026977539	88.09300231933594	
24.24868392944336	157.47659301757812	116.1722412109375	94.86141967773438	
31.687744140625	133.3804473876953	110.23112487792969	114.0760269165039	
39.94089889526367	111.57772064208984	93.79104614257812	117.83892822265625	
35.723609924316406	87.88267517089844	101.92784118652344	121.03543853759766	
34.40742111206055	65.18360137939453	109.87861633300781	120.09446716308594	
36.55351638793945	48.8699836730957	119.978271484375	118.8399429321289	
37.9629020690918	27.424213409423828	119.29695892333984	127.37959289550781	
42.09975814819336	21.24671745300293	121.6639633178711	126.5300521850586	
45.986412048339844	23.771080017089844	120.1072006225586	122.15411376953125	
48.04924774169922	31.99753761291504	117.53950500488281	120.58321380615234	
49.45085525512695	50.146995544433594	122.4791488647461	118.52034759521484	
55.24207305908203	79.3254623413086	118.36614990234375	110.03414154052734	
70.34842681884766	97.00308227539062	97.80022430419922	113.95231628417969	
74.5417709350586	124.88999938964844	96.1450424194336	114.57572937011719	
67.80399322509766	150.57936096191406	109.05311584472656	105.0494384765625	
54.72953414916992	164.45895385742188	106.3118667602539	98.25431823730469	
46.28786087036133	172.3308563232422	100.51605224609375	90.44036865234375	
36.30561065673828	169.92715454101562	102.7971420288086	92.28385925292969	
31.54087257385254	169.6999053955078	106.85328674316406	91.45198059082031	
30.353246688842773	167.25204467773438	104.0296401977539	91.90545654296875	
28.432968139648438	147.6538848876953	113.95577239990234	103.9175796508789	
30.767969131469727	126.5128173828125	108.0226821899414	119.3067626953125	
38.0387077331543	95.79789733886719	102.23796844482422	125.45809173583984	
31.209239959716797	68.103515625	116.50065612792969	128.01925659179688	
32.873260498046875	49.52422332763672	120.45820617675781	125.61572265625	
39.29720687866211	27.95699691772461	117.8024673461914	128.60186767578125	
44.263084411621094	12.614546775817871	119.5813980102539	125.89388275146484	
44.44216537475586	3.5293097496032715	122.6559829711914	119.8427963256836	
46.93227005004883	0.9326270818710327	123.14710998535156	114.20042419433594	
49.776397705078125	4.700793266296387	122.51844787597656	109.4781723022461	
55.645713806152344	17.190189361572266	114.21168518066406	107.51529693603516	
61.259132385253906	34.042449951171875	121.76285552978516	110.47428131103516	
65.78996276855469	57.1535758972168	122.6373062133789	105.71379089355469	
79.71437072753906	82.11219787597656	112.76493072509766	104.514892578125	
89.79872131347656	108.822021484375	96.8892822265625	104.3956069946289	
90.2901611328125	132.8236846923828	93.67890167236328	103.4448013305664	
80.25660705566406	153.9412078857422	99.54638671875	97.5030517578125	
72.7082748413086	167.4091796875	91.21073913574219	88.12155151367188	
60.8524284362793	175.3171844482422	92.5086441040039	83.85496520996094	
43.683502197265625	180.9566192626953	95.3327407836914	80.99336242675781	
36.35173797607422	177.44821166992188	102.59059143066406	83.4615249633789	
26.798553466796875	171.43186950683594	111.37784576416016	86.76844024658203	
21.894832611083984	165.42306518554688	111.05397033691406	89.46431732177734	
33.81365966796875	135.06149291992188	106.52522277832031	111.8558120727539	
37.067909240722656	102.55987548828125	99.36273193359375	120.93791198730469	
29.790653228759766	72.97100067138672	113.05059814453125	121.860595703125	
28.732891082763672	55.06774139404297	123.34967041015625	117.68336486816406	
36.440189361572266	22.107059478759766	112.32325744628906	127.6887435913086	
37.46657943725586	9.42895221710205	112.0923843383789	121.61775207519531	
38.8243522644043	1.2683181762695312	116.3770980834961	116.6528091430664	
39.83385467529297	0.0	122.22200775146484	115.53466796875	
45.47016525268555	3.799307346343994	119.82273864746094	110.04234313964844	
52.874427795410156	19.512908935546875	108.831787109375	105.938720703125	
58.09954833984375	37.21971893310547	107.44831848144531	110.94891357421875	
61.12470626831055	62.243568420410156	111.3541030883789	102.05967712402344	
76.91642761230469	87.48898315429688	110.34898376464844	100.89752960205078	
89.85292053222656	114.04069519042969	88.18314361572266	98.98133850097656	
92.90657043457031	144.94839477539062	97.935791015625	100.02708435058594	
84.04515075683594	162.65029907226562	99.73090362548828	93.86569213867188	
73.44322204589844	174.54039001464844	86.64006042480469	84.1686019897461	
68.967041015625	179.174560546875	83.4610824584961	79.65355682373047	
58.69782638549805	178.03994750976562	87.54557800292969	80.49848937988281	
47.08136749267578	178.09716796875	100.32353210449219	80.08744812011719	
35.257896423339844	176.01675415039062	111.40678405761719	81.48857116699219	
35.73313522338867	164.61465454101562	108.14701080322266	87.54015350341797	
53.84215545654297	141.004638671875	101.55027770996094	105.2078857421875	
56.27653121948242	96.09928894042969	96.37739562988281	114.40071105957031	
55.969482421875	70.93855285644531	107.367431640625	111.39778900146484	
59.557456970214844	38.1982421875	117.3497314453125	117.62508392333984	
65.56339263916016	14.489433288574219	110.8873291015625	120.17390441894531	
66.92976379394531	2.0945663452148438	119.5684585571289	115.33085632324219	
69.22008514404297	0.11446456611156464	121.7474136352539	105.0337905883789	
70.88580322265625	0.0	131.54335021972656	102.31639099121094	
76.33552551269531	0.0	126.6309814453125	100.70274353027344	
85.0426254272461	6.828488826751709	127.2474594116211	94.28910827636719	
94.77915954589844	21.881303787231445	115.8673095703125	91.23854064941406	
103.6552963256836	41.73176193237305	115.89567565917969	95.2239990234375	
108.59111022949219	63.68352508544922	109.85774230957031	96.5948486328125	
115.39680480957031	90.01514434814453	94.24417114257812	91.83917999267578	
118.95655822753906	110.8946304321289	89.88873291015625	96.71739196777344	
117.98624420166016	135.9508819580078	94.03800964355469	100.8171615600586	
106.11286926269531	171.76162719726562	99.64166259765625	84.26359558105469	
