11.0	1.0	37.0	52.0	
13.401777267456055	0.2821792662143707	36.03889846801758	60.187255859375	
18.586572647094727	3.5254929065704346	34.606693267822266	69.00013732910156	
23.084043502807617	10.913589477539062	34.229705810546875	70.86507415771484	
25.756072998046875	15.748730659484863	34.30051803588867	73.17689514160156	
28.807687759399414	18.70577049255371	33.94456481933594	72.79118347167969	
33.097251892089844	18.435928344726562	34.03215789794922	73.69524383544922	
40.259376525878906	18.343799591064453	33.93427276611328	73.47709655761719	
47.773109436035156	15.016637802124023	33.36518096923828	78.9786376953125	
54.531097412109375	19.20175552368164	32.741031646728516	77.61054229736328	
55.1308708190918	20.763507843017578	33.639060974121094	78.7323226928711	
52.08567428588867	27.455402374267578	34.38188552856445	75.0163803100586	
49.3250846862793	30.50217056274414	33.93716812133789	75.94087219238281	
48.67162322998047	40.48648452758789	34.38987731933594	72.81413269042969	
48.49095916748047	46.019935607910156	34.91231918334961	74.56391906738281	
47.864723205566406	55.531776428222656	34.25688934326172	74.7179183959961	
44.503997802734375	66.7424087524414	35.03662109375	71.43225860595703	
37.90179443359375	71.1050796508789	37.7735595703125	76.21255493164062	
27.0455379486084	78.7231216430664	48.21629333496094	73.48460388183594	
34.2393684387207	96.11283874511719	48.445960998535156	68.17127990722656	
37.3049430847168	102.4005126953125	43.4056282043457	71.40693664550781	
43.1796989440918	110.21966552734375	40.91486740112305	72.28633117675781	
48.878173828125	113.80549621582031	39.01462173461914	77.10887145996094	
55.1217041015625	116.0222396850586	40.541954040527344	79.60684204101562	
59.78382110595703	116.74720764160156	39.02390670776367	83.52461242675781	
64.5831298828125	123.8861312866211	39.476165771484375	82.91915130615234	
64.62889862060547	144.25869750976562	42.925628662109375	60.32792282104492	
69.64399719238281	130.75759887695312	38.68386459350586	83.11438751220703	
70.55327606201172	137.26666259765625	38.687225341796875	80.33626556396484	
70.00956726074219	137.3885498046875	38.313560485839844	82.22962951660156	
69.06214904785156	141.02706909179688	38.699974060058594	79.72315216064453	
69.93240356445312	139.167724609375	38.5789794921875	81.74195861816406	
72.14405822753906	137.92599487304688	38.141029357910156	82.15467834472656	
71.94833374023438	138.8473358154297	38.399620056152344	81.2964096069336	
73.05276489257812	139.9230499267578	38.253807067871094	80.89947509765625	
73.76202392578125	139.92132568359375	37.89360809326172	80.9325180053711	
75.68374633789062	142.30575561523438	37.77626419067383	79.20624542236328	
77.06120300292969	138.6271514892578	37.72025680541992	82.49110412597656	
82.94035339355469	144.32595825195312	39.653255462646484	55.728919982910156	
94.61347961425781	135.4788360595703	39.09502029418945	80.79075622558594	
101.8245849609375	144.02511596679688	40.46391677856445	56.86823272705078	
110.4697265625	134.8790283203125	40.65087890625	78.88774108886719	
115.42205810546875	127.67435455322266	41.115821838378906	81.95647430419922	
120.35897064208984	122.75286865234375	40.241432189941406	81.90531158447266	
123.84437561035156	117.77461242675781	40.044742584228516	81.44215393066406	
126.419677734375	116.97993469238281	40.15264892578125	78.29773712158203	
125.79373931884766	111.10260009765625	40.34566116333008	83.32266235351562	
124.41162109375	110.94376373291016	41.48546600341797	86.57733917236328	
119.25933837890625	116.13169860839844	42.80708312988281	88.57427978515625	
110.25886535644531	123.87055969238281	41.403472900390625	90.6033706665039	
100.79083251953125	135.709228515625	40.964134216308594	87.13421630859375	
92.01792907714844	139.88363647460938	40.05781936645508	89.82585144042969	
88.53302764892578	142.483154296875	38.282493591308594	90.16297912597656	
87.289306640625	149.49526977539062	37.389312744140625	86.03318786621094	
90.67509460449219	152.17320251464844	33.04174041748047	83.05400085449219	
85.65202331542969	167.4169158935547	43.204219818115234	60.71946334838867	
96.3353271484375	146.95986938476562	32.883460998535156	81.89175415039062	
98.2411117553711	148.38232421875	39.592079162597656	78.56086730957031	
104.2056655883789	143.93296813964844	39.6722526550293	78.19403839111328	
111.65401458740234	138.8199462890625	40.1696891784668	78.38146209716797	
115.73130798339844	135.1488494873047	41.14271545410156	78.12755584716797	
120.69651794433594	134.8623809814453	43.70740509033203	73.80924224853516	
122.6163330078125	136.25381469726562	44.621429443359375	72.54656982421875	
124.4054946899414	138.82235717773438	44.46832275390625	71.20877838134766	
122.95565032958984	137.7047576904297	43.82074737548828	71.60404205322266	
118.43672180175781	139.6164093017578	43.32440948486328	74.54643249511719	
110.54164123535156	137.99472045898438	42.291316986083984	80.54896545410156	
101.947998046875	143.80978393554688	42.61808776855469	82.89938354492188	
93.77632141113281	150.29193115234375	41.89680480957031	82.3806381225586	
87.4651870727539	153.27862548828125	42.343177795410156	84.16268920898438	
81.5999755859375	160.68930053710938	42.30925750732422	78.22430419921875	
81.8923110961914	162.23306274414062	33.8045539855957	74.4390869140625	
79.09080505371094	164.0563201904297	32.849002838134766	72.455078125	
77.72542572021484	168.599853515625	32.928688049316406	68.79603576660156	
70.36158752441406	188.7443084716797	44.124427795410156	62.012733459472656	
79.60334014892578	172.05686950683594	34.46245193481445	66.36018371582031	
81.64808654785156	172.18807983398438	33.743812561035156	66.982421875	
84.14225006103516	169.6928253173828	34.44975662231445	68.99120330810547	
86.8436508178711	167.8701934814453	33.231834411621094	69.22541809082031	
86.75041198730469	168.70504760742188	35.98697280883789	69.18058013916016	
88.47618103027344	169.9712677001953	37.90285110473633	69.7646484375	
89.67188262939453	164.8416290283203	41.300411224365234	73.88910675048828	
91.04581451416016	167.456298828125	45.205352783203125	72.56072235107422	
97.4949951171875	165.4521942138672	46.67560577392578	74.51248168945312	
104.2677230834961	160.48538208007812	48.04054641723633	80.42393493652344	
107.09954833984375	160.51107788085938	48.25751495361328	82.35173034667969	
109.68544006347656	165.50479125976562	47.387901306152344	77.59278869628906	
110.65779876708984	166.31439208984375	48.02900695800781	78.10414123535156	
112.17292785644531	165.5135955810547	49.22541427612305	79.56289672851562	
113.83048248291016	163.12782287597656	49.142330169677734	80.80793762207031	
114.8528823852539	161.570068359375	46.97612762451172	81.0707778930664	
115.29600524902344	162.2273406982422	47.541419982910156	80.6892318725586	
114.9322280883789	164.21630859375	47.7493896484375	79.3525619506836	
112.0029525756836	163.1195068359375	47.0801887512207	80.24269104003906	
107.44334411621094	161.78726196289062	48.485740661621094	80.59854888916016	
97.7911605834961	166.75430297851562	46.44292068481445	75.17961883544922	
87.51081848144531	172.74990844726562	46.371212005615234	70.54124450683594	
75.20596313476562	187.81411743164062	48.92061233520508	68.75336456298828	
67.69335174560547	184.2669219970703	47.45613098144531	62.672462463378906	
57.86614227294922	184.3591766357422	45.540748596191406	64.22328186035156	
47.870872497558594	182.9002227783203	45.731239318847656	67.40399932861328	
37.281715393066406	189.58602905273438	45.722808837890625	62.649085998535156	
29.484359741210938	188.31829833984375	49.08668899536133	64.28887939453125	
22.445293426513672	187.06512451171875	48.579769134521484	65.82514953613281	
17.752660751342773	188.0616455078125	50.065185546875	65.09917449951172	
15.625821113586426	186.4022216796875	49.59785842895508	66.51036071777344	
19.812297821044922	187.22535705566406	49.14775848388672	65.15544891357422	
26.00186538696289	186.34756469726562	48.5781135559082	64.62169647216797	
36.003868103027344	194.98582458496094	44.200252532958984	62.11934280395508	
48.457862854003906	187.0585479736328	47.78508758544922	60.867584228515625	
59.542510986328125	184.7969207763672	50.49223709106445	61.1621208190918	
78.31636810302734	179.6902313232422	49.30153274536133	63.681297302246094	
95.11625671386719	178.68568420410156	49.87646484375	65.18865966796875	
107.66143798828125	164.78781127929688	50.170936584472656	78.46849060058594	
119.0007553100586	160.16305541992188	51.159759521484375	79.40216827392578	
129.8919219970703	166.06109619140625	51.73748779296875	71.20954895019531	
149.91757202148438	178.3131866455078	46.29634094238281	65.06520080566406	
169.45530700683594	178.98501586914062	45.82476806640625	65.64371490478516	
162.7200927734375	185.10264587402344	45.960792541503906	59.665184020996094	
156.21578979492188	186.08602905273438	46.25983428955078	61.106468200683594	
147.862548828125	181.48171997070312	45.12602233886719	64.64945983886719	
140.5230255126953	173.01864624023438	44.561729431152344	70.46488952636719	
131.074462890625	175.66867065429688	44.55168914794922	68.79605865478516	
123.67378997802734	179.6536407470703	43.77091979980469	69.57357025146484	
115.2906494140625	186.20535278320312	46.53129577636719	65.36175537109375	
109.00201416015625	189.63082885742188	47.79688262939453	63.89142990112305	
106.6861343383789	187.9385223388672	45.64860153198242	66.16092681884766	
104.4399642944336	188.86331176757812	44.563941955566406	64.91320037841797	
100.97066497802734	191.0853271484375	46.7921257019043	62.73858642578125	
103.3438491821289	185.79678344726562	44.13361740112305	68.22437286376953	
103.24201965332031	188.6778106689453	44.46200180053711	64.7885971069336	
106.9319839477539	185.9769287109375	43.88624954223633	66.69529724121094	
108.14337158203125	182.1173553466797	46.91705322265625	68.28370666503906	
113.81391906738281	174.12738037109375	46.13079833984375	72.35243225097656	
119.94819641113281	176.64517211914062	48.59211349487305	72.09232330322266	
127.512451171875	183.6675262451172	53.23341751098633	71.12278747558594	
142.31173706054688	182.1869659423828	48.26615905761719	69.22523498535156	
146.22744750976562	179.9783172607422	53.208465576171875	68.8233413696289	
148.2345733642578	176.9437255859375	51.812164306640625	70.50596618652344	
118.75399017333984	174.99185180664062	50.115760803222656	72.80709075927734	
106.0001449584961	181.40756225585938	50.580909729003906	65.51663208007812	
96.01277160644531	180.44290161132812	51.300575256347656	66.76927185058594	
91.05836486816406	180.1513214111328	48.582496643066406	67.26792907714844	
86.99000549316406	183.3345489501953	46.731285095214844	65.42826080322266	
86.48531341552734	186.55921936035156	45.599517822265625	61.39533233642578	
86.35679626464844	183.45120239257812	45.920265197753906	64.58750915527344	
86.96528625488281	183.84552001953125	48.26757049560547	64.09428405761719	
91.63758850097656	176.64405822753906	47.887306213378906	70.19499969482422	
96.19377136230469	174.36911010742188	48.25588607788086	71.50423431396484	
100.02204132080078	169.60079956054688	47.056705474853516	75.74354553222656	
105.61213684082031	169.1534423828125	46.975608825683594	75.77690124511719	
112.69911193847656	164.85214233398438	44.84946823120117	78.4812240600586	
121.55372619628906	157.88870239257812	46.129764556884766	82.99068450927734	
130.12820434570312	151.74652099609375	45.188743591308594	81.16815948486328	
140.53128051757812	145.07241821289062	47.66794967651367	80.87342834472656	
150.57235717773438	141.69503784179688	50.066749572753906	78.2575454711914	
162.39707946777344	151.5677490234375	49.7520866394043	69.921875	
175.7421875	154.60025024414062	48.955528259277344	68.80238342285156	
201.1700897216797	191.97482299804688	48.562950134277344	68.25065612792969	
198.4259796142578	196.88172912597656	49.007102966308594	68.87486267089844	
186.318359375	190.8707733154297	48.10672378540039	67.60945892333984	
176.32522583007812	193.97314453125	47.3455924987793	66.53975677490234	
169.4200439453125	189.20529174804688	47.52088165283203	60.11565017700195	
158.40139770507812	186.52989196777344	43.874847412109375	63.81916046142578	
146.2923583984375	185.93528747558594	43.57389831542969	63.6520881652832	
132.44949340820312	184.9466094970703	47.075408935546875	64.86360168457031	
121.56907653808594	192.41127014160156	47.843074798583984	58.88836669921875	
115.15775299072266	192.89944458007812	45.524635314941406	58.927146911621094	
110.4437026977539	192.73399353027344	44.37165451049805	58.94293975830078	
109.16340637207031	193.94290161132812	43.4921989440918	57.49407958984375	
108.3901138305664	191.0880126953125	43.849117279052734	60.044715881347656	
112.31004333496094	188.725830078125	42.793983459472656	61.89768600463867	
117.0902328491211	188.92642211914062	44.05784606933594	61.74144744873047	
122.8150863647461	186.64138793945312	46.23036575317383	62.8083610534668	
133.0557861328125	184.9098358154297	46.88327407836914	64.353515625	
142.4602508544922	180.5614013671875	47.24971389770508	67.70697021484375	
153.43304443359375	182.12953186035156	47.604766845703125	66.1058120727539	
163.3186492919922	183.96014404296875	47.71710968017578	66.82109069824219	
172.58816528320312	185.70980834960938	50.21886444091797	68.81788635253906	
182.40028381347656	182.34347534179688	53.49554443359375	70.49021911621094	
187.5602264404297	184.8655242919922	52.110107421875	73.23585510253906	
200.520263671875	185.3829345703125	54.408538818359375	66.82191467285156	
208.52456665039062	189.0623016357422	54.8015251159668	65.94559478759766	
210.01416015625	184.3981170654297	60.4239387512207	68.79508972167969	
210.8688507080078	175.29910278320312	64.06484985351562	74.37445068359375	
227.10708618164062	180.04580688476562	54.35152053833008	76.38594055175781	
216.9625701904297	177.48965454101562	55.1074104309082	77.44827270507812	
203.95150756835938	179.42678833007812	54.11085891723633	76.04771423339844	
207.6433868408203	178.45692443847656	54.657081604003906	76.81538391113281	
217.00106811523438	178.438232421875	54.9129753112793	77.1750259399414	
206.8572540283203	173.74710083007812	64.60906982421875	76.33500671386719	
205.43960571289062	179.6341552734375	66.86534118652344	72.97628021240234	
203.73031616210938	182.11593627929688	63.657958984375	72.2256851196289	
202.09927368164062	188.81117248535156	57.8298454284668	67.17039489746094	
190.47743225097656	183.1324920654297	60.65236282348633	72.49549865722656	
182.86109924316406	186.35311889648438	62.341583251953125	69.13375091552734	
172.96444702148438	189.2344207763672	58.71662139892578	66.46612548828125	
163.27450561523438	188.226806640625	55.24169921875	66.91377258300781	
155.28005981445312	188.72512817382812	52.47703170776367	64.1581039428711	
146.07408142089844	188.94761657714844	49.40720748901367	63.756492614746094	
139.68698120117188	189.96070861816406	45.8150634765625	63.01854705810547	
131.00180053710938	190.1636199951172	46.21430206298828	62.367225646972656	
129.07785034179688	191.024658203125	41.8591194152832	59.73046875	
122.8244857788086	193.5560302734375	42.99518585205078	57.33050537109375	
122.61112213134766	192.0023193359375	42.2463493347168	58.25153732299805	
124.56304931640625	192.91738891601562	41.43752670288086	56.78456497192383	
129.70773315429688	192.15965270996094	39.111995697021484	57.084266662597656	
132.1653289794922	190.8942108154297	43.64019012451172	59.835914611816406	
135.9434356689453	192.73049926757812	47.42707061767578	57.55421829223633	
142.0814666748047	192.23583984375	47.73029327392578	58.61589431762695	
150.69943237304688	192.27294921875	46.54216384887695	58.952369689941406	
156.85281372070312	193.77969360351562	48.23793411254883	56.0201301574707	
162.11480712890625	193.08609008789062	51.09541702270508	57.45604705810547	
171.26959228515625	191.08792114257812	48.84794998168945	59.45011520385742	
183.3340301513672	189.9704132080078	50.34394073486328	56.617889404296875	
190.4420928955078	187.2126922607422	53.2703857421875	60.272117614746094	
196.4336700439453	189.64715576171875	52.6657829284668	59.4723014831543	
203.95559692382812	191.62176513671875	49.322242736816406	61.00910568237305	
203.619140625	191.7150421142578	48.526084899902344	68.19883728027344	
206.47872924804688	188.2803955078125	52.801055908203125	65.70262908935547	
207.3965301513672	187.15023803710938	48.87656021118164	68.69139862060547	
205.08218383789062	181.15689086914062	53.49249267578125	71.38505554199219	
204.49923706054688	179.4138641357422	57.043251037597656	72.29080963134766	
204.344482421875	179.13145446777344	57.900367736816406	72.34272003173828	
204.24996948242188	175.8964080810547	55.86402130126953	74.4285659790039	
202.19068908691406	182.19961547851562	54.24529266357422	70.88916015625	
197.1826629638672	189.7603759765625	54.40242385864258	65.09330749511719	
191.3373260498047	185.85183715820312	55.43352127075195	64.43318176269531	
187.02902221679688	185.1446990966797	57.529754638671875	62.15185546875	
174.43521118164062	186.7839813232422	57.26696014404297	62.828208923339844	
157.30233764648438	188.1936492919922	58.376312255859375	67.07083892822266	
147.27499389648438	188.862060546875	58.680519104003906	65.4771499633789	
141.4415283203125	185.5963592529297	52.07176971435547	68.82486724853516	
130.21780395507812	189.50643920898438	49.665199279785156	64.17698669433594	
122.81437683105469	188.5714111328125	48.53681564331055	64.16355895996094	
114.29026794433594	188.37039184570312	49.515106201171875	65.49037170410156	
109.80623626708984	187.45677185058594	48.963844299316406	65.6877212524414	
106.67463684082031	189.71041870117188	48.79572296142578	63.62890625	
105.13311767578125	188.75184631347656	47.64311218261719	65.0948257446289	
103.64739990234375	189.5950927734375	48.43519973754883	64.94717407226562	
107.41117858886719	184.31398010253906	45.543800354003906	68.5560302734375	
107.82987213134766	181.17446899414062	44.58961868286133	73.3865966796875	
110.66389465332031	188.33432006835938	47.919517517089844	65.01371002197266	
112.83424377441406	189.9570770263672	50.401329040527344	63.91558837890625	
116.17828369140625	191.8657989501953	50.85837936401367	62.599609375	
122.23638916015625	194.91567993164062	50.76858901977539	59.338035583496094	
125.89302825927734	193.50881958007812	53.131065368652344	60.95972442626953	
134.06881713867188	190.6409912109375	52.866477966308594	62.684814453125	
142.94351196289062	188.13204956054688	53.031036376953125	64.2870101928711	
150.1922607421875	183.9224395751953	54.663902282714844	68.59544372558594	
156.35533142089844	181.67762756347656	55.49149703979492	71.3152847290039	
161.81051635742188	179.19027709960938	58.79557418823242	73.3411636352539	
168.86083984375	177.38821411132812	59.25932693481445	72.36531829833984	
178.629150390625	179.1126251220703	61.74311447143555	69.5698013305664	
182.6596221923828	179.71237182617188	61.64929962158203	68.94322204589844	
185.60948181152344	178.8900604248047	60.5639533996582	70.38101196289062	
184.81671142578125	178.60464477539062	58.672218322753906	82.458251953125	
184.0193328857422	178.09378051757812	60.35914993286133	84.82907104492188	
186.1567840576172	177.43711853027344	59.44932174682617	83.55039978027344	
185.3544921875	179.94570922851562	59.82215118408203	84.07437896728516	
184.62832641601562	176.40481567382812	60.876365661621094	85.55597686767578	
183.16036987304688	176.15618896484375	60.958457946777344	85.67134857177734	
179.66571044921875	178.2586212158203	60.903167724609375	85.59364318847656	
174.94711303710938	172.66648864746094	60.150962829589844	84.53648376464844	
174.073974609375	164.94993591308594	59.40214157104492	83.48408508300781	
154.27365112304688	156.05294799804688	55.25612258911133	84.7820816040039	
144.1114959716797	155.60646057128906	53.877166748046875	88.52593231201172	
129.43222045898438	160.39047241210938	57.978233337402344	89.49763488769531	
128.25497436523438	156.21286010742188	55.971046447753906	91.28883361816406	
119.2524185180664	160.16354370117188	56.15874481201172	87.11260986328125	
111.22147369384766	157.77572631835938	57.63557052612305	91.2431640625	
102.98793029785156	162.76766967773438	59.6463623046875	88.52684020996094	
97.73200988769531	162.33851623535156	62.73480224609375	89.85765075683594	
102.4002456665039	156.8997344970703	61.49171829223633	94.7313232421875	
103.16105651855469	157.82467651367188	65.43907165527344	94.28056335449219	
107.69206237792969	157.7144317626953	66.8760986328125	94.87109375	
111.12454986572266	160.01931762695312	70.24415588378906	93.4804916381836	
115.4006118774414	157.5967559814453	71.45341491699219	96.31945037841797	
118.76517486572266	154.3076934814453	75.19024658203125	99.83078002929688	
126.16758728027344	155.114990234375	76.59065246582031	95.83857727050781	
134.55776977539062	153.31729125976562	78.4217300415039	96.66539001464844	
143.65719604492188	148.19287109375	77.56159973144531	109.00547790527344	
154.1494598388672	152.2290802001953	84.83198547363281	99.8083724975586	
173.77767944335938	161.39541625976562	75.15977478027344	105.62994384765625	
165.73519897460938	157.39208984375	81.55608367919922	97.17634582519531	
179.7754669189453	158.6317596435547	75.78929138183594	106.51469421386719	
179.80714416503906	157.1569366455078	76.05101013183594	106.88250732421875	
168.71408081054688	156.4191436767578	77.46475982666016	108.8694076538086	
171.0575408935547	157.77357482910156	77.14048767089844	108.41368103027344	
172.49258422851562	154.27122497558594	79.202392578125	111.31148529052734	
179.37088012695312	159.37820434570312	78.71258544921875	110.62310791015625	
174.39364624023438	157.39451599121094	77.7989273071289	109.33905029296875	
88.48973083496094	141.83670043945312	76.92332458496094	108.10847473144531	
54.97260665893555	128.53591918945312	68.3713607788086	113.6204833984375	
51.483734130859375	125.59327697753906	75.81979370117188	118.80839538574219	
53.89391326904297	124.5086669921875	78.4617919921875	121.34931945800781	
40.44291305541992	123.4914321899414	88.43048095703125	123.72705078125	
45.504127502441406	111.1760482788086	84.94889831542969	133.55499267578125	
44.25428009033203	114.401611328125	88.11531066894531	131.82655334472656	
44.557769775390625	118.24067687988281	85.39015197753906	127.6340103149414	
42.727752685546875	116.939453125	86.5911865234375	128.79776000976562	
30.84564781188965	118.11527252197266	93.26808166503906	128.18801879882812	
36.7004280090332	122.3442153930664	87.97425842285156	123.88026428222656	
34.21284103393555	122.24298095703125	87.54444122314453	124.2201156616211	
34.360511779785156	125.39688873291016	85.20429992675781	121.00813293457031	
36.521522521972656	125.2581558227539	86.69694519042969	121.35844421386719	
41.048973083496094	123.605224609375	83.2669906616211	122.96168518066406	
42.06029510498047	120.469482421875	84.19613647460938	127.3697280883789	
42.710723876953125	119.06270599365234	81.70281219482422	127.81437683105469	
34.71326446533203	119.45684814453125	90.7457046508789	128.23251342773438	
35.40540313720703	111.1747055053711	92.5919189453125	136.18124389648438	
41.79779052734375	110.7898178100586	93.75592041015625	132.73899841308594	
49.235008239746094	109.18856048583984	92.89836883544922	130.58328247070312	
64.39756774902344	109.55967712402344	100.03868103027344	140.59483337402344	
57.04694747924805	100.03327178955078	102.19173431396484	133.7310333251953	
73.87562561035156	101.22148132324219	109.62137603759766	132.71780395507812	
80.84120178222656	100.87184143066406	109.7011489868164	134.82069396972656	
80.05632019042969	108.927734375	121.13249206542969	138.20445251464844	
83.32611083984375	114.05399322509766	115.26737213134766	135.58877563476562	
86.98475646972656	119.9553451538086	116.7056655883789	132.86322021484375	
84.5300521850586	123.21358489990234	121.45942687988281	133.2891845703125	
88.10540771484375	127.8335952758789	119.32035064697266	130.59890747070312	
89.03779602050781	133.35609436035156	120.70059967041016	127.29551696777344	
104.05120849609375	140.88778686523438	112.80941009521484	119.0895004272461	
105.7292709350586	140.8627471923828	110.7222900390625	118.9335708618164	
112.28541564941406	148.41424560546875	107.70075988769531	110.218994140625	
113.7740707397461	148.08364868164062	104.68431091308594	110.12452697753906	
123.10811614990234	151.2299346923828	96.35418701171875	105.64265441894531	
134.13150024414062	158.05197143554688	91.66361999511719	100.04798126220703	
128.0799560546875	164.83132934570312	96.9256820678711	96.4898452758789	
137.8468780517578	171.7373046875	95.19871520996094	90.285400390625	
151.50559997558594	171.4661102294922	93.07839965820312	89.1915512084961	
157.07449340820312	169.43167114257812	93.48112487792969	90.6557846069336	
159.7262725830078	168.19284057617188	93.19789123535156	92.76347351074219	
166.8592529296875	167.82469177246094	86.63636779785156	91.6011962890625	
169.51254272460938	169.43409729003906	86.4604721069336	88.73076629638672	
168.54000854492188	168.7036590576172	86.69242858886719	87.50833129882812	
169.26034545898438	169.34471130371094	87.41632843017578	88.65545654296875	
171.40098571777344	169.69815063476562	84.06095886230469	86.6605453491211	
162.95802307128906	162.74530029296875	87.94698333740234	94.9842300415039	
162.30020141601562	164.9698944091797	87.09838104248047	93.85820007324219	
158.00851440429688	168.07518005371094	91.77494049072266	92.00706481933594	
155.9105987548828	165.3871612548828	82.52359771728516	92.7493896484375	
145.1716766357422	169.4544219970703	76.77104949951172	90.44993591308594	
146.4528350830078	172.28103637695312	70.81659698486328	85.94035339355469	
141.19906616210938	171.85260009765625	71.42534637451172	85.2973861694336	
143.1092529296875	173.72073364257812	64.51185607910156	83.27912902832031	
149.46034240722656	172.44580078125	58.438629150390625	82.7757568359375	
144.74893188476562	172.10498046875	61.63808059692383	84.34713745117188	
141.87051391601562	170.2742156982422	66.64704132080078	87.15535736083984	
149.3236846923828	168.85409545898438	63.30327224731445	87.6529769897461	
153.16067504882812	169.6862335205078	62.5670280456543	86.04803466796875	
156.0249786376953	166.43878173828125	63.7967414855957	86.20391082763672	
162.50625610351562	164.75872802734375	66.18196868896484	88.04217529296875	
170.8573760986328	164.1568145751953	68.43046569824219	89.09565734863281	
173.57546997070312	166.1674346923828	72.06696319580078	86.32557678222656	
178.4792938232422	169.42835998535156	72.70645141601562	84.29351043701172	
182.8868865966797	167.43214416503906	73.46459197998047	88.85140228271484	
188.54405212402344	155.8292236328125	73.86952209472656	96.09474182128906	
193.08377075195312	164.37228393554688	75.18802642822266	89.17264556884766	
193.47598266601562	161.9766845703125	74.40829467773438	90.75312805175781	
180.26010131835938	168.0723114013672	72.0963363647461	101.32454681396484	
175.051513671875	169.66197204589844	81.19548034667969	85.9810791015625	
172.21701049804688	168.20928955078125	83.8143539428711	87.22978973388672	
174.1966552734375	164.73272705078125	83.89106750488281	90.70232391357422	
181.43284606933594	160.44688415527344	86.61324310302734	91.85374450683594	
188.76063537597656	156.40621948242188	84.83004760742188	97.6546401977539	
182.9422607421875	156.60488891601562	89.28565979003906	99.89225769042969	
170.4736328125	153.02557373046875	92.14015197753906	104.10404968261719	
162.8253936767578	150.06724548339844	90.28881072998047	106.80302429199219	
154.14208984375	152.7421875	95.37861633300781	105.91632080078125	
153.34786987304688	150.25564575195312	85.09260559082031	103.30598449707031	
145.55966186523438	150.96786499023438	84.29594421386719	104.38712310791016	
141.95721435546875	145.21429443359375	85.93003845214844	109.69244384765625	
135.3579864501953	144.88162231445312	87.52383422851562	108.23246765136719	
138.76876831054688	143.580078125	86.74943542480469	110.47856140136719	
138.1050262451172	139.56033325195312	84.40626525878906	112.62828063964844	
142.87579345703125	141.49386596679688	87.61180114746094	111.31690979003906	
145.89479064941406	142.8477783203125	90.23184967041016	111.05973815917969	
148.673828125	143.4662628173828	83.17581939697266	108.87294006347656	
149.4971466064453	143.65335083007812	81.94916534423828	105.9888687133789	
156.8560028076172	138.78260803222656	77.6218490600586	104.82518005371094	
151.34524536132812	138.46768188476562	81.39187622070312	103.4134521484375	
157.3853302001953	144.54736328125	93.88928985595703	108.78582763671875	
153.69424438476562	137.01202392578125	95.37724304199219	119.66059875488281	
155.41697692871094	141.49557495117188	98.052490234375	114.6998062133789	
154.81422424316406	137.31707763671875	103.8192367553711	120.560302734375	
161.9730224609375	132.32913208007812	100.46148681640625	120.05074310302734	
172.6053466796875	141.36236572265625	95.36369323730469	112.61434173583984	
171.57064819335938	145.9073944091797	98.58004760742188	111.976806640625	
159.57656860351562	146.58566284179688	95.5844497680664	134.33485412597656	
140.75526428222656	149.30825805664062	119.68782043457031	109.6229476928711	
162.9390869140625	145.7235870361328	108.85810852050781	114.06196594238281	
145.4199676513672	145.29518127441406	122.68572998046875	115.85286712646484	
151.95333862304688	143.8959197998047	119.95945739746094	115.58488464355469	
153.2138671875	142.50149536132812	116.2251205444336	117.77119445800781	
151.42002868652344	143.8300018310547	116.25240325927734	117.2900619506836	
153.80343627929688	134.89735412597656	114.37644958496094	125.71611022949219	
152.4202423095703	143.1842041015625	117.8288803100586	118.1795425415039	
138.0050506591797	136.44070434570312	122.62358093261719	124.6015396118164	
136.3179168701172	137.54257202148438	117.6011734008789	120.93359375	
143.71311950683594	143.1171417236328	105.45323181152344	116.0866928100586	
138.1752166748047	148.4543914794922	107.71626281738281	113.24571228027344	
136.5403594970703	142.77108764648438	97.68701934814453	111.31437683105469	
132.5370635986328	144.72549438476562	93.16658020019531	110.86909484863281	
136.45115661621094	139.0208282470703	92.36531066894531	114.77178955078125	
129.58995056152344	140.35968017578125	86.5145263671875	112.64399719238281	
117.94767761230469	145.57394409179688	92.76325988769531	108.24430847167969	
125.47396087646484	142.8896026611328	87.76176452636719	109.587646484375	
123.82612609863281	140.78048706054688	86.92234802246094	109.70295715332031	
122.10233306884766	139.16659545898438	81.41874694824219	108.10689544677734	
123.95562744140625	142.8096466064453	87.5811538696289	107.2148666381836	
126.4339828491211	143.236572265625	87.72586822509766	107.97998046875	
128.36721801757812	146.30328369140625	91.27592468261719	106.86131286621094	
128.9973907470703	147.16136169433594	89.42802429199219	107.14176177978516	
132.55416870117188	150.15203857421875	88.89717864990234	105.3526840209961	
134.34780883789062	149.49221801757812	85.20914459228516	106.11402893066406	
140.14334106445312	155.60543823242188	79.48174285888672	101.35247039794922	
146.30433654785156	162.4175262451172	78.88746643066406	98.32401275634766	
149.64559936523438	163.9520721435547	88.1595687866211	96.0692138671875	
156.82870483398438	161.60028076171875	84.96004486083984	96.7855224609375	
149.0467987060547	152.7170867919922	88.4931640625	100.9670181274414	
134.35694885253906	145.65782165527344	91.7639389038086	107.4456787109375	
127.2930679321289	150.33619689941406	87.87010192871094	101.73865509033203	
123.51619720458984	154.22164916992188	88.15509033203125	98.2247314453125	
96.93101501464844	150.01071166992188	96.02339935302734	105.59626770019531	
96.87257385253906	150.8871307373047	91.1902084350586	107.46854400634766	
86.2776870727539	158.9670867919922	93.32977294921875	98.86553955078125	
79.9168472290039	155.69229125976562	94.4334945678711	99.28996276855469	
73.40526580810547	158.74851989746094	92.86614990234375	95.1805419921875	
74.38848114013672	158.63949584960938	87.95867919921875	93.94677734375	
77.12843322753906	159.96957397460938	85.0591812133789	91.71701049804688	
75.95884704589844	157.30715942382812	84.04692077636719	94.16796875	
78.20721435546875	160.938720703125	78.98194122314453	91.09497833251953	
78.85450744628906	165.82962036132812	76.42253112792969	89.93238830566406	
78.81086730957031	170.6556396484375	77.9629898071289	85.1296157836914	
76.35234069824219	155.21054077148438	75.79042053222656	94.16853332519531	
94.99148559570312	121.39390563964844	71.17692565917969	100.03246307373047	
101.76399230957031	110.29588317871094	60.30877685546875	94.35771179199219	
98.94366455078125	99.17574310302734	71.11922454833984	99.95137023925781	
106.7350082397461	103.46195220947266	59.46783447265625	84.08751678466797	
106.38995361328125	93.8598861694336	68.55561828613281	96.34847259521484	
137.2075653076172	103.68953704833984	68.14199829101562	95.76716613769531	
153.6008758544922	137.69424438476562	65.27533721923828	91.73833465576172	
154.75497436523438	157.23751831054688	75.74327850341797	92.912353515625	
147.84107971191406	146.57240295410156	71.78822326660156	93.72483825683594	
142.4008026123047	137.6642608642578	66.26808166503906	93.17083740234375	
129.1971435546875	137.05604553222656	70.59657287597656	94.65401458740234	
120.1602783203125	135.26837158203125	72.72618103027344	95.7762451171875	
120.47215270996094	133.4999542236328	67.93305969238281	94.70649719238281	
118.59712219238281	135.7079315185547	66.92341613769531	91.03660583496094	
114.69291687011719	136.83505249023438	67.90362548828125	89.08100891113281	
118.10843658447266	134.9611053466797	65.28868103027344	88.37374114990234	
118.77371978759766	135.1133270263672	65.30186462402344	87.08135223388672	
115.92364501953125	135.024658203125	68.36698913574219	89.39299774169922	
116.17460632324219	139.0110321044922	69.24894714355469	88.82406616210938	
115.83586120605469	141.08987426757812	67.385009765625	87.21371459960938	
115.0589828491211	148.77325439453125	70.14027404785156	86.53333282470703	
114.46219635009766	147.14004516601562	70.12579345703125	93.58149719238281	
120.9189453125	150.92161560058594	67.3924560546875	95.06269836425781	
131.9886932373047	148.0430908203125	62.879249572753906	100.43534851074219	
133.02713012695312	157.91726684570312	68.13114929199219	95.888427734375	
131.29156494140625	165.01010131835938	76.48992156982422	92.2601547241211	
139.07662963867188	164.81019592285156	80.52494049072266	92.64244079589844	
144.6796417236328	158.25950622558594	83.92961120605469	96.23995208740234	
136.50491333007812	148.8633575439453	82.50943756103516	102.24641418457031	
109.65702819824219	152.54383850097656	79.67960357666016	99.21408081054688	
102.69881439208984	158.89085388183594	79.03925323486328	96.69099426269531	
96.46568298339844	163.43301391601562	82.5522232055664	93.9273452758789	
91.18412017822266	161.68783569335938	84.6658706665039	94.06983947753906	
96.59378814697266	152.46728515625	75.45448303222656	96.6619873046875	
94.94892883300781	145.3428192138672	74.57376861572266	99.45133972167969	
96.80413818359375	139.7002410888672	75.86084747314453	100.04266357421875	
103.5843505859375	136.42947387695312	75.14436340332031	97.80529022216797	
109.8658676147461	124.58329010009766	72.1269302368164	98.20389556884766	
136.57916259765625	143.805908203125	79.60548400878906	111.8780288696289	
149.67330932617188	147.7974090576172	80.44233703613281	113.05413818359375	
154.07537841796875	155.5912322998047	80.2911605834961	112.8416748046875	
152.06985473632812	156.19677734375	79.65370178222656	111.94578552246094	
156.10324096679688	161.43508911132812	79.52357482910156	111.76290130615234	
153.76002502441406	145.84835815429688	81.05533599853516	113.9156494140625	
156.89242553710938	156.21456909179688	80.97149658203125	113.79781341552734	
157.03807067871094	160.612060546875	81.21752166748047	114.1435775756836	
168.66537475585938	152.2264404296875	79.65692901611328	111.9503173828125	
159.23892211914062	155.66558837890625	82.56563568115234	116.0382308959961	
153.46102905273438	150.23068237304688	81.71500396728516	114.8427505493164	
153.60487365722656	164.5603485107422	87.80913543701172	88.78218078613281	
138.88633728027344	152.8340301513672	85.91670227050781	103.46611022949219	
121.8202133178711	165.9926300048828	90.46380615234375	94.86914825439453	
120.09489440917969	175.50259399414062	88.09476470947266	83.00047302246094	
142.33905029296875	171.3267059326172	86.61991882324219	87.5748291015625	
116.07730865478516	177.64700317382812	81.490966796875	114.52787017822266	
153.8053741455078	154.90118408203125	81.39659118652344	114.3952407836914	
