146.0	146.0	45.0	56.0	
144.78695678710938	147.05404663085938	45.19562530517578	54.48814010620117	
146.826416015625	145.5360565185547	45.85246658325195	55.58863067626953	
150.5731658935547	144.8313446044922	47.828460693359375	59.519859313964844	
170.7706298828125	150.1403045654297	48.228477478027344	60.017662048339844	
172.06973266601562	146.87948608398438	48.307090759277344	60.11549758911133	
178.7923126220703	146.75442504882812	47.61836242675781	59.25841522216797	
183.7069091796875	147.02316284179688	49.42229461669922	61.5033073425293	
182.26754760742188	144.4362030029297	48.77875900268555	60.70246505737305	
181.98306274414062	144.07992553710938	48.70672607421875	60.612823486328125	
173.42758178710938	146.52952575683594	47.817848205566406	59.50666427612305	
171.18191528320312	149.37261962890625	47.194091796875	58.730438232421875	
167.7754669189453	144.43603515625	47.183013916015625	58.716651916503906	
171.22335815429688	147.5970916748047	46.9267463684082	58.397735595703125	
174.09938049316406	144.81494140625	47.216041564941406	58.75775146484375	
177.6433868408203	152.86651611328125	47.01486587524414	58.50739669799805	
175.2799072265625	148.22854614257812	47.62687301635742	59.269004821777344	
176.24217224121094	144.63388061523438	48.52718734741211	60.38939666748047	
186.1871795654297	144.09027099609375	48.48640823364258	60.338645935058594	
185.47674560546875	148.54025268554688	48.16502380371094	59.93870162963867	
189.58668518066406	150.12509155273438	49.90465545654297	62.10357666015625	
189.4556427001953	147.0080108642578	50.540016174316406	62.894248962402344	
189.1652374267578	150.4009552001953	49.38743591308594	61.459922790527344	
190.8697967529297	155.5275115966797	47.889869689941406	59.596282958984375	
195.54519653320312	151.03317260742188	47.88310241699219	59.587860107421875	
198.18948364257812	147.0977783203125	49.37531280517578	61.4448356628418	
188.51023864746094	147.0817413330078	52.503684997558594	65.33792114257812	
186.71865844726562	152.7015838623047	53.9063835144043	67.08350372314453	
192.7693634033203	146.887451171875	55.5211067199707	69.09294128417969	
190.9212646484375	144.30703735351562	52.53974533081055	65.38279724121094	
210.1060791015625	150.571533203125	53.45430374145508	66.52091217041016	
218.98068237304688	146.56253051757812	53.97890090942383	67.17374420166016	
235.06063842773438	149.12353515625	53.06928253173828	66.0417709350586	
242.9991455078125	151.34274291992188	53.7797966003418	66.92596435546875	
243.7571258544922	151.6269073486328	54.351829528808594	67.63783264160156	
236.771240234375	154.78872680664062	53.8503532409668	67.01377868652344	
227.8616180419922	164.3879852294922	53.03895950317383	66.00404357910156	
235.9832000732422	153.8115234375	53.14781951904297	66.13951110839844	
237.21542358398438	155.26492309570312	54.421897888183594	67.72502899169922	
236.09439086914062	156.03616333007812	54.8807487487793	68.2960433959961	
235.24746704101562	158.6131134033203	54.15967559814453	67.3987045288086	
240.3248748779297	162.08322143554688	54.5767822265625	67.91777038574219	
246.93655395507812	168.9637908935547	53.56123733520508	66.65397644042969	
247.39419555664062	158.56065368652344	56.432640075683594	70.22727966308594	
257.5274353027344	161.4329376220703	54.545066833496094	67.87830352783203	
262.0532531738281	162.38478088378906	55.444976806640625	68.9981918334961	
261.4345703125	160.14715576171875	54.82665252685547	68.22872161865234	
264.07550048828125	166.99105834960938	55.253822326660156	68.76030731201172	
260.74005126953125	160.5960693359375	55.41914749145508	68.96604919433594	
272.2183532714844	168.45230102539062	55.50699996948242	69.07537841796875	
271.4625244140625	174.59854125976562	53.75737380981445	66.8980712890625	
274.3851013183594	172.9078826904297	55.2068977355957	68.7019271850586	
274.3277893066406	175.1795196533203	55.16083526611328	68.64459991455078	
268.95849609375	176.31881713867188	53.92877197265625	67.11137390136719	
266.0850524902344	181.1134490966797	54.01316452026367	67.21639251708984	
263.4638671875	176.01528930664062	53.17195510864258	66.16954040527344	
261.5816345214844	181.7525177001953	50.38718032836914	62.70404815673828	
264.47259521484375	184.35336303710938	50.32456588745117	62.626136779785156	
270.45050048828125	184.76951599121094	50.12736511230469	62.3807373046875	
263.0455627441406	186.70143127441406	51.296112060546875	63.835182189941406	
260.4642028808594	185.8609619140625	50.85197830200195	63.2824821472168	
256.7154846191406	190.46316528320312	51.41508102416992	63.98322677612305	
254.08486938476562	185.32284545898438	51.78095626831055	64.43853759765625	
250.6003875732422	192.97128295898438	53.3311767578125	66.3676986694336	
251.89596557617188	186.90423583984375	52.7017707824707	65.58443450927734	
247.0359344482422	185.19798278808594	50.55925750732422	62.91819381713867	
244.03805541992188	190.35365295410156	50.19952392578125	62.47052764892578	
244.81356811523438	189.1645965576172	50.54825973510742	62.904518127441406	
244.7570343017578	191.7294158935547	48.86872863769531	60.814430236816406	
240.0115203857422	190.95974731445312	48.1495475769043	59.91945266723633	
235.8489990234375	188.87643432617188	48.153297424316406	59.92411422729492	
232.33718872070312	196.10568237304688	47.913536071777344	59.6257438659668	
231.801025390625	190.08311462402344	48.24478530883789	60.0379638671875	
225.08602905273438	190.26942443847656	47.647281646728516	59.294403076171875	
224.5935516357422	193.13670349121094	47.5084114074707	59.12158966064453	
219.568115234375	192.84503173828125	48.133155822753906	59.8990478515625	
215.4033660888672	190.96139526367188	47.400352478027344	58.98711013793945	
213.602783203125	190.56228637695312	47.07616424560547	58.58367156982422	
212.12136840820312	189.59976196289062	47.66246795654297	59.31329345703125	
206.5709228515625	188.37571716308594	47.079078674316406	58.5872917175293	
202.259521484375	184.94932556152344	45.89087677001953	57.10863494873047	
199.4136505126953	188.8336639404297	46.089988708496094	57.356422424316406	
192.5213165283203	181.0311279296875	45.17525100708008	56.21807861328125	
180.6809539794922	173.12838745117188	45.565120697021484	56.7032470703125	
179.73509216308594	173.75250244140625	46.330360412597656	57.655548095703125	
177.53579711914062	176.94976806640625	45.248435974121094	56.30915069580078	
177.80633544921875	176.5652618408203	45.88961410522461	57.10706329345703	
177.4234619140625	176.0331268310547	47.115379333496094	58.6324577331543	
169.84864807128906	173.30677795410156	48.847816467285156	60.78837966918945	
158.94252014160156	162.61752319335938	49.2663688659668	61.30924606323242	
160.29464721679688	167.66378784179688	47.984344482421875	59.713844299316406	
151.6051025390625	159.1973419189453	50.4041862487793	62.7252082824707	
151.0205078125	158.91854858398438	50.040855407714844	62.2730712890625	
149.7936553955078	159.4443359375	49.440460205078125	62.90929412841797	
148.27951049804688	161.1885223388672	51.90300369262695	62.9734001159668	
149.52658081054688	164.49095153808594	49.92739486694336	62.131874084472656	
145.25303649902344	160.92164611816406	52.16271209716797	62.4207649230957	
141.9223175048828	157.4601593017578	52.17235565185547	63.444366455078125	
141.53292846679688	159.2666778564453	53.577064514160156	61.23347854614258	
139.0620574951172	154.00234985351562	51.589881896972656	64.28008270263672	
136.96319580078125	153.16098022460938	50.620330810546875	63.17451858520508	
134.74118041992188	150.13204956054688	46.85589599609375	62.85528564453125	
132.7290496826172	148.9818115234375	46.08426284790039	62.61467742919922	
132.71463012695312	149.50576782226562	46.18885040283203	62.49578094482422	
132.45166015625	148.6824951171875	46.642242431640625	63.91217803955078	
133.53318786621094	149.3903350830078	48.49340057373047	61.472572326660156	
137.43533325195312	152.94607543945312	51.54591751098633	59.98640060424805	
143.96267700195312	155.19076538085938	49.98663330078125	60.63445281982422	
143.92318725585938	152.99911499023438	49.8692626953125	61.7452392578125	
144.39105224609375	151.90538024902344	49.55693817138672	60.08220291137695	
148.51589965820312	154.79139709472656	50.404884338378906	59.41681671142578	
150.26284790039062	153.2649688720703	49.667579650878906	58.38240432739258	
153.39309692382812	151.84071350097656	48.94225311279297	59.45527267456055	
159.18560791015625	152.83795166015625	49.634033203125	58.59217071533203	
163.7190704345703	151.8709259033203	48.67082595825195	59.68471145629883	
168.29067993164062	152.998046875	52.04633712768555	58.88877487182617	
173.59854125976562	155.36114501953125	51.6355094909668	56.96171951293945	
176.54177856445312	153.03506469726562	50.85747528076172	58.38652801513672	
180.44955444335938	155.76364135742188	50.38166046142578	56.9426383972168	
182.16726684570312	155.8655242919922	49.41431427001953	58.6609992980957	
184.85597229003906	154.79319763183594	49.80427169799805	57.46245193481445	
187.19992065429688	154.85366821289062	49.095619201660156	58.21110916137695	
190.33963012695312	155.3065948486328	50.153419494628906	57.67059326171875	
190.11538696289062	150.39138793945312	52.78333282470703	65.6858901977539	
192.86306762695312	151.35366821289062	52.48234939575195	62.02866744995117	
191.886474609375	150.76783752441406	52.70916748046875	64.12147521972656	
191.5686798095703	149.06524658203125	55.25092315673828	65.71501159667969	
195.4725799560547	148.0626678466797	53.939178466796875	64.38770294189453	
195.63096618652344	145.82904052734375	58.56256103515625	64.36116790771484	
196.57180786132812	148.3271484375	55.56592559814453	64.3388671875	
196.16612243652344	149.85922241210938	55.176170349121094	64.89037322998047	
198.97830200195312	143.40029907226562	59.09820556640625	69.25624084472656	
196.59347534179688	146.5591278076172	58.070404052734375	67.75498962402344	
200.02960205078125	144.47052001953125	56.87135696411133	69.3409652709961	
200.33779907226562	142.61375427246094	61.119361877441406	70.24629974365234	
198.80621337890625	142.18258666992188	60.90727615356445	71.0814208984375	
198.0271759033203	143.88290405273438	56.8671875	71.30323028564453	
199.7110137939453	139.49388122558594	62.79515838623047	74.0343246459961	
201.57272338867188	143.15647888183594	59.03913497924805	71.08087921142578	
203.09402465820312	144.41563415527344	58.29081344604492	70.8348388671875	
202.07901000976562	142.54275512695312	59.559120178222656	70.32844543457031	
199.80880737304688	144.97018432617188	59.261024475097656	68.19477844238281	
200.2722625732422	144.08013916015625	57.774009704589844	67.45198059082031	
201.07611083984375	141.70863342285156	59.4702262878418	70.5798110961914	
200.5861358642578	141.2760467529297	60.90816116333008	70.79988098144531	
201.1549072265625	142.31326293945312	59.2727165222168	69.48468780517578	
202.14877319335938	139.5247344970703	60.92339324951172	71.06106567382812	
202.11769104003906	140.11599731445312	61.48749923706055	69.34867095947266	
202.22836303710938	142.17027282714844	60.19160842895508	70.48694610595703	
204.1411895751953	142.24301147460938	58.68102264404297	73.02525329589844	
201.0514678955078	141.8882293701172	60.60697555541992	70.11531066894531	
203.54751586914062	141.88697814941406	60.644134521484375	66.47651672363281	
202.12220764160156	141.3756103515625	60.230796813964844	66.6767578125	
200.91648864746094	143.039306640625	58.9270133972168	65.69974517822266	
201.5712890625	141.49937438964844	57.82857131958008	63.86681365966797	
200.84487915039062	141.22402954101562	60.63018798828125	64.99694061279297	
202.423095703125	138.55615234375	59.20232391357422	66.19426727294922	
201.9639892578125	133.6943817138672	54.7569580078125	68.14198303222656	
203.1614532470703	136.0319366455078	57.162498474121094	65.65585327148438	
206.1342010498047	137.51535034179688	54.69081497192383	62.130958557128906	
205.85818481445312	139.31251525878906	54.9673957824707	59.77531814575195	
208.46939086914062	137.2854766845703	55.212188720703125	59.9627799987793	
207.32235717773438	136.7488555908203	53.669029235839844	58.373085021972656	
209.40066528320312	135.36392211914062	46.522884368896484	57.89514923095703	
206.82870483398438	138.0490264892578	50.960548400878906	55.72121047973633	
207.6141357421875	138.6647491455078	49.149574279785156	52.90467071533203	
208.84097290039062	137.50863647460938	48.387603759765625	52.20598602294922	
208.78573608398438	135.63345336914062	48.792945861816406	52.19270706176758	
209.77297973632812	134.56524658203125	48.12677001953125	51.266754150390625	
211.6345672607422	137.6282196044922	46.816375732421875	48.699501037597656	
212.1562042236328	132.8835906982422	47.780357360839844	49.72234344482422	
211.92520141601562	131.5449676513672	46.12823486328125	49.442161560058594	
212.62765502929688	128.80032348632812	47.868431091308594	49.730369567871094	
210.81900024414062	132.2604217529297	45.87073516845703	48.3428840637207	
208.83657836914062	137.35113525390625	44.09739303588867	49.06992721557617	
208.5209197998047	139.79443359375	43.688873291015625	48.715667724609375	
209.4713897705078	141.4569854736328	41.19023513793945	46.564456939697266	
209.6177215576172	140.93858337402344	40.8221321105957	46.6064567565918	
209.4158172607422	142.4464111328125	39.523590087890625	44.889644622802734	
207.801025390625	141.46664428710938	39.72552490234375	45.66291046142578	
207.52426147460938	141.4774169921875	40.16691207885742	45.274471282958984	
208.84841918945312	141.89334106445312	36.46895217895508	45.38359832763672	
207.1421356201172	140.7501220703125	40.050086975097656	44.973045349121094	
207.14773559570312	138.4591064453125	40.156856536865234	45.58519744873047	
204.96792602539062	138.35462951660156	40.47745895385742	46.607147216796875	
204.6783447265625	136.78265380859375	41.625205993652344	48.566810607910156	
205.4437713623047	136.6349639892578	41.48638153076172	47.84369659423828	
204.8858184814453	136.23324584960938	41.67762756347656	47.325279235839844	
205.92880249023438	135.51870727539062	40.473838806152344	47.159332275390625	
205.19937133789062	136.09791564941406	41.25347137451172	48.48143768310547	
207.02450561523438	140.07191467285156	37.55107879638672	46.730247497558594	
204.77182006835938	135.6038055419922	40.753414154052734	48.815467834472656	
205.89047241210938	135.21435546875	39.25531005859375	48.66992950439453	
204.0714111328125	133.35211181640625	39.973201751708984	47.97639083862305	
202.14846801757812	132.64663696289062	40.17224884033203	48.579246520996094	
207.09375	134.43502807617188	39.594970703125	48.771541595458984	
203.97933959960938	134.76361083984375	38.8920783996582	47.83002853393555	
205.35983276367188	135.05093383789062	40.29564666748047	48.98646926879883	
208.92776489257812	126.50117492675781	40.87269973754883	45.78921890258789	
208.8407745361328	125.66287994384766	41.07050323486328	48.136478424072266	
205.8162841796875	136.4485626220703	40.454124450683594	48.1140251159668	
207.59848022460938	139.49525451660156	39.654842376708984	49.34825897216797	
204.89700317382812	132.79623413085938	41.34845733642578	50.35363006591797	
204.6732177734375	133.14572143554688	42.06657409667969	50.549827575683594	
203.28237915039062	131.48281860351562	42.42707443237305	52.349327087402344	
202.22947692871094	130.6464080810547	43.719173431396484	52.56553268432617	
203.2816925048828	129.6974639892578	44.77424240112305	54.243072509765625	
203.0176544189453	127.04899597167969	45.45500183105469	54.79729080200195	
202.9053192138672	128.7373046875	45.95145797729492	55.60552978515625	
203.56617736816406	127.96797180175781	46.81975173950195	54.85603713989258	
202.4931182861328	127.67106628417969	46.7152099609375	54.871055603027344	
203.8234100341797	127.39476013183594	46.76972198486328	55.71549606323242	
203.9600372314453	123.09297180175781	47.418907165527344	54.92918014526367	
203.03146362304688	124.12530517578125	47.93082046508789	55.456748962402344	
202.4601593017578	123.20185852050781	48.49323272705078	55.853904724121094	
203.65847778320312	124.8857192993164	47.86183166503906	56.07225799560547	
204.6229705810547	126.46736145019531	48.18876647949219	55.13893508911133	
205.2325897216797	126.72639465332031	46.98626708984375	54.872100830078125	
203.90939331054688	123.3571548461914	49.90031433105469	56.381935119628906	
205.4215850830078	121.84891510009766	48.18395233154297	56.318603515625	
206.034423828125	119.1584701538086	49.13813400268555	56.5650749206543	
206.26644897460938	119.08597564697266	49.63607406616211	58.81926727294922	
207.2236328125	118.15959167480469	48.771705627441406	58.261146545410156	
209.25570678710938	118.15380859375	47.461029052734375	59.0626335144043	
209.0391082763672	116.7997817993164	49.37130355834961	56.084197998046875	
208.03182983398438	114.36164855957031	50.76154708862305	58.7370491027832	
209.342529296875	117.3572006225586	50.10700225830078	57.94496536254883	
206.48086547851562	114.94096374511719	54.97623825073242	60.791908264160156	
208.30078125	114.35416412353516	53.334800720214844	60.36140060424805	
208.701416015625	113.93851470947266	53.779808044433594	62.1131477355957	
210.23486328125	119.48917388916016	51.62921905517578	59.00480270385742	
208.94631958007812	118.32694244384766	51.9838752746582	60.369384765625	
208.9678955078125	123.02616119384766	50.911773681640625	58.1911506652832	
209.39889526367188	118.92842864990234	51.849876403808594	60.28722381591797	
211.1390380859375	118.8173828125	51.35674285888672	60.68108367919922	
210.6956024169922	123.442626953125	50.519065856933594	58.51250076293945	
211.21841430664062	125.85392761230469	49.57668685913086	57.0777702331543	
212.33462524414062	127.87541198730469	47.14177703857422	58.66536331176758	
212.4831085205078	130.55494689941406	48.71416473388672	55.16926193237305	
214.42221069335938	129.0110321044922	47.49966049194336	55.190284729003906	
213.7158203125	130.02630615234375	49.0782470703125	56.20951461791992	
214.5649871826172	133.3344268798828	46.878936767578125	54.23833084106445	
214.30044555664062	131.6039276123047	47.69340515136719	56.480918884277344	
214.78518676757812	128.20132446289062	50.37224197387695	57.525238037109375	
214.73672485351562	123.3620376586914	52.26214599609375	60.2765998840332	
214.7659912109375	124.9413070678711	51.7646484375	59.86040496826172	
214.9356231689453	127.74369049072266	51.76485061645508	58.71759796142578	
213.63369750976562	122.1972885131836	50.7685546875	63.178680419921875	
215.3146209716797	127.54594421386719	52.93108367919922	60.10529708862305	
215.1006622314453	126.70671081542969	54.773399353027344	61.1685676574707	
214.65615844726562	128.8992462158203	56.099266052246094	61.523948669433594	
214.0378875732422	128.56759643554688	56.47053909301758	60.861961364746094	
214.67141723632812	130.60153198242188	56.10491943359375	60.447296142578125	
214.481201171875	129.8252716064453	57.77106475830078	61.205543518066406	
213.3435821533203	131.16236877441406	56.97748565673828	61.38370895385742	
213.720947265625	131.24249267578125	49.90515899658203	62.104209899902344	
216.147705078125	135.52621459960938	53.796119689941406	58.032920837402344	
215.8049774169922	136.19503784179688	54.4547233581543	57.50962448120117	
217.4661407470703	137.3888397216797	53.68787384033203	57.260643005371094	
217.1042022705078	137.4248504638672	53.23859786987305	58.219322204589844	
215.2022247314453	131.47842407226562	56.89667510986328	61.244606018066406	
213.08279418945312	131.27944946289062	50.27922821044922	62.5697135925293	
216.4834442138672	136.245361328125	54.73170852661133	60.24068069458008	
214.82949829101562	135.59217834472656	54.429603576660156	60.172874450683594	
214.7344512939453	134.06619262695312	55.69108963012695	61.17280960083008	
213.0842742919922	135.248291015625	53.38818359375	58.28740692138672	
212.5152587890625	135.66744995117188	54.15653610229492	59.13684844970703	
222.05239868164062	121.00447082519531	54.0841178894043	60.747657775878906	
215.87374877929688	128.2632598876953	54.34306716918945	60.28315353393555	
212.4259796142578	131.94757080078125	51.898902893066406	57.65789794921875	
220.86123657226562	123.14970397949219	56.346580505371094	57.2724723815918	
212.7857208251953	131.82467651367188	47.752506256103516	59.42534255981445	
215.39584350585938	132.22003173828125	51.27912521362305	55.9634895324707	
216.6743927001953	130.1083526611328	53.086669921875	58.499595642089844	
215.1226043701172	129.52891540527344	54.1388053894043	58.3975715637207	
215.14151000976562	129.1583709716797	53.97947311401367	58.641990661621094	
213.75961303710938	124.8216323852539	58.2499885559082	61.1962890625	
217.30130004882812	126.20463562011719	58.68177032470703	60.369102478027344	
216.8939971923828	126.4993667602539	56.0839729309082	60.574851989746094	
217.1776580810547	128.2842254638672	55.80104446411133	60.383148193359375	
216.043701171875	127.85223388671875	56.81380081176758	61.247947692871094	
212.46273803710938	125.5628890991211	56.48314666748047	64.19548034667969	
213.62918090820312	126.6777572631836	59.879051208496094	64.10688781738281	
213.65087890625	127.09664154052734	59.45558547973633	67.94914245605469	
211.66494750976562	126.7898941040039	60.5023307800293	65.8659896850586	
212.0569305419922	129.0377197265625	59.64894485473633	66.62425231933594	
209.0915985107422	127.61784362792969	59.64393997192383	67.49522399902344	
210.16384887695312	126.75030517578125	60.34049606323242	67.38543701171875	
209.3166961669922	127.63728332519531	57.8883171081543	67.5440902709961	
206.70346069335938	129.71429443359375	58.67584228515625	66.8680191040039	
207.19754028320312	129.8873748779297	58.3132209777832	68.98974609375	
206.09951782226562	130.382568359375	57.035240173339844	67.27667999267578	
204.3245849609375	132.73773193359375	54.4510612487793	65.96781158447266	
205.8786163330078	133.1128387451172	53.028411865234375	64.3078384399414	
205.22921752929688	133.2412567138672	55.1910400390625	65.7795181274414	
205.1085205078125	135.89886474609375	53.36188888549805	64.87078094482422	
205.43801879882812	136.00543212890625	54.85626220703125	66.4613265991211	
205.54458618164062	136.03292846679688	54.73100662231445	66.89908599853516	
203.40087890625	136.98355102539062	55.1710090637207	65.09515380859375	
202.8088836669922	137.4287872314453	55.4615364074707	66.6593017578125	
201.64105224609375	137.29421997070312	55.08643341064453	63.9935302734375	
200.35398864746094	136.0041961669922	56.15623092651367	66.17585754394531	
202.15248107910156	135.78924560546875	57.887107849121094	67.63517761230469	
200.7777862548828	135.61753845214844	60.434165954589844	70.18745422363281	
199.2833709716797	135.60733032226562	62.278785705566406	71.76249694824219	
200.801025390625	135.27786254882812	60.521759033203125	71.57215118408203	
198.7149200439453	135.95590209960938	63.371421813964844	72.25911712646484	
202.29257202148438	140.28109741210938	60.124900817871094	74.8221206665039	
198.8625946044922	137.25038146972656	61.52081298828125	72.63579559326172	
196.0696258544922	137.83688354492188	62.32233810424805	71.19766235351562	
197.40878295898438	139.68606567382812	62.14570999145508	70.77964782714844	
196.90719604492188	137.702392578125	60.830162048339844	69.72591400146484	
198.92715454101562	137.37673950195312	61.98015594482422	70.42984771728516	
198.61019897460938	137.62600708007812	59.07098388671875	68.17572021484375	
200.55587768554688	138.31332397460938	58.380409240722656	68.50798034667969	
201.88465881347656	136.9665069580078	58.45087432861328	69.79927825927734	
206.7386932373047	135.7025909423828	56.947181701660156	71.48026275634766	
213.2504425048828	137.9109649658203	56.71002197265625	71.46034240722656	
219.6813201904297	151.61337280273438	55.2269172668457	68.72682189941406	
219.20156860351562	147.49330139160156	54.3814582824707	71.86589813232422	
218.8556671142578	149.22119140625	53.28215408325195	71.9264907836914	
216.0445098876953	147.5538330078125	55.39203643798828	73.47431945800781	
214.01718139648438	146.6682586669922	55.13474655151367	71.63665771484375	
214.07980346679688	149.68113708496094	54.9556884765625	69.57564544677734	
203.6857452392578	139.83572387695312	57.097862243652344	74.89522552490234	
204.0440216064453	142.06875610351562	56.357635498046875	72.47048950195312	
199.0902557373047	140.27442932128906	59.8070068359375	75.42585754394531	
200.39529418945312	140.3434295654297	59.00117874145508	73.94053649902344	
200.39688110351562	143.91036987304688	59.10796356201172	72.71668243408203	
203.31045532226562	146.22708129882812	58.04093551635742	73.08308410644531	
203.71319580078125	146.14276123046875	57.94744110107422	72.8545150756836	
200.77537536621094	146.87677001953125	58.92577362060547	72.10386657714844	
202.45216369628906	149.98049926757812	55.729026794433594	68.35037994384766	
203.11575317382812	150.64892578125	55.67133712768555	69.78580474853516	
201.17263793945312	146.4023895263672	57.4393310546875	70.04171752929688	
201.3804473876953	146.7168426513672	57.7380485534668	70.6684341430664	
201.50119018554688	145.14907836914062	56.95428466796875	69.63267517089844	
201.4521942138672	142.4005126953125	58.389259338378906	72.56684875488281	
201.7632598876953	144.2758026123047	59.217071533203125	72.68476867675781	
201.12156677246094	141.6558837890625	59.11572265625	73.3746109008789	
202.95828247070312	141.28182983398438	60.407554626464844	75.51383209228516	
204.41896057128906	142.24949645996094	57.357444763183594	72.70997619628906	
208.28982543945312	141.01988220214844	56.48604202270508	76.05177307128906	
215.2650146484375	149.70693969726562	56.23024368286133	69.26629638671875	
212.2537841796875	147.3037567138672	54.932395935058594	72.8044662475586	
209.0548095703125	141.00633239746094	59.67161178588867	75.6672592163086	
206.79598999023438	142.24392700195312	59.11113357543945	75.10255432128906	
209.1515350341797	144.3179931640625	57.95136642456055	74.98025512695312	
210.83425903320312	145.4790496826172	57.31591033935547	72.47833251953125	
206.94772338867188	144.4243927001953	57.8641357421875	74.88327026367188	
212.7804718017578	147.1699981689453	57.61852264404297	72.38748168945312	
210.5089569091797	148.2237548828125	56.11015701293945	73.48401641845703	
203.88394165039062	141.51870727539062	58.3923454284668	75.75579833984375	
202.90716552734375	144.7220916748047	59.099327087402344	75.86918640136719	
198.0433807373047	141.83657836914062	60.0310173034668	76.25491333007812	
199.676513671875	144.59548950195312	58.88445281982422	75.94358825683594	
199.78067016601562	142.318603515625	56.98248291015625	72.15434265136719	
194.67166137695312	140.87710571289062	60.33574676513672	71.88054656982422	
194.5469512939453	139.6745147705078	58.89595413208008	73.74873352050781	
194.3382110595703	138.89962768554688	60.33742141723633	72.97611999511719	
200.09251403808594	138.30154418945312	58.1937141418457	71.32930755615234	
201.68173217773438	137.0203857421875	59.43428421020508	70.94548034667969	
202.5626983642578	139.48184204101562	57.107574462890625	70.99403381347656	
202.4381561279297	138.48867797851562	58.66950225830078	69.0390396118164	
202.95651245117188	138.23919677734375	58.29020309448242	69.07636260986328	
200.6735076904297	137.99563598632812	58.64772415161133	70.20674896240234	
198.87274169921875	138.13082885742188	58.04923629760742	71.97404479980469	
197.9119873046875	136.9348907470703	57.863914489746094	72.36951446533203	
198.4156951904297	137.45147705078125	60.46924591064453	73.09867858886719	
200.08120727539062	138.60975646972656	58.0577278137207	70.2367935180664	
200.1370391845703	141.91787719726562	57.41602325439453	69.68851470947266	
197.83151245117188	136.8960418701172	59.190521240234375	71.58415222167969	
197.4074249267578	137.13516235351562	57.07025146484375	72.18266296386719	
198.8878173828125	139.44662475585938	56.15718460083008	70.20564270019531	
197.62716674804688	137.9742431640625	57.651405334472656	72.10894775390625	
198.0164794921875	137.40652465820312	58.10210418701172	71.51014709472656	
202.49061584472656	137.53353881835938	59.2968635559082	72.09803771972656	
202.17440795898438	136.80679321289062	59.85254669189453	75.27677154541016	
203.2584686279297	134.43728637695312	61.55073928833008	77.82485961914062	
203.5529022216797	138.74380493164062	61.709999084472656	77.30615234375	
201.13223266601562	140.05496215820312	62.36273193359375	79.91358947753906	
200.10183715820312	137.3550262451172	62.983497619628906	82.9407958984375	
196.8018798828125	132.9700164794922	63.7239875793457	79.90873718261719	
193.94920349121094	134.45091247558594	60.56693649291992	76.6038818359375	
191.87588500976562	137.01414489746094	60.50114822387695	75.99715423583984	
189.81314086914062	142.13656616210938	59.13969039916992	71.88108825683594	
188.5792999267578	140.53099060058594	56.77488327026367	70.73097229003906	
184.49685668945312	144.5335235595703	57.44258499145508	68.1581039428711	
182.05313110351562	145.70684814453125	57.0489616394043	67.15522003173828	
178.74444580078125	146.30455017089844	55.4842414855957	64.54387664794922	
176.73265075683594	147.1108856201172	56.65810012817383	62.87934112548828	
173.66705322265625	149.0171661376953	55.934669494628906	61.535240173339844	
171.47628784179688	148.08541870117188	54.20967483520508	62.50952911376953	
170.73794555664062	150.28256225585938	56.22393798828125	60.101318359375	
168.88638305664062	149.1240234375	54.08635711669922	60.9134521484375	
167.11984252929688	149.0426788330078	55.04594802856445	60.997535705566406	
165.97772216796875	150.02175903320312	54.433013916015625	59.81946563720703	
166.840576171875	151.35855102539062	53.223854064941406	58.70478439331055	
165.29238891601562	149.92581176757812	50.90264892578125	58.2569465637207	
164.6321258544922	150.33578491210938	49.70819091796875	56.659645080566406	
165.9165802001953	150.71163940429688	48.38889694213867	56.8118896484375	
163.71084594726562	149.26959228515625	47.4224967956543	53.920188903808594	
162.32308959960938	147.56361389160156	47.38676071166992	55.70446014404297	
162.5218505859375	149.0263671875	46.98672866821289	55.08237838745117	
162.6500244140625	149.01844787597656	47.921104431152344	55.202484130859375	
161.41995239257812	147.8084259033203	46.149871826171875	55.844093322753906	
161.69593811035156	148.1471405029297	44.29722213745117	55.63365936279297	
159.65220642089844	148.03024291992188	44.921268463134766	55.359161376953125	
159.95962524414062	147.754638671875	45.03387451171875	54.36693572998047	
159.20932006835938	147.65628051757812	45.73136520385742	54.663352966308594	
156.64498901367188	145.22898864746094	45.475990295410156	54.73566818237305	
155.0308380126953	147.12222290039062	47.30677032470703	56.4168586730957	
153.83224487304688	146.33425903320312	46.35654067993164	55.220802307128906	
152.03402709960938	147.81741333007812	47.230228424072266	55.3857307434082	
151.7974853515625	147.95362854003906	45.402156829833984	53.612030029296875	
151.8739776611328	147.87628173828125	44.882198333740234	54.573646545410156	
150.8380584716797	148.0225067138672	43.82408905029297	51.94602584838867	
151.8338165283203	148.06234741210938	44.39031982421875	52.0867805480957	
150.07383728027344	148.29595947265625	44.66478729248047	54.10162353515625	
150.83702087402344	148.45700073242188	43.2651252746582	51.53749465942383	
151.60311889648438	146.96273803710938	42.9333381652832	50.57524490356445	
150.14700317382812	146.8286895751953	44.05944061279297	51.43369674682617	
152.27857971191406	147.83108520507812	42.40325164794922	50.52790069580078	
152.79299926757812	147.88037109375	45.96857833862305	51.33518600463867	
152.2528076171875	148.4573974609375	44.91867446899414	50.01978302001953	
152.96142578125	148.01107788085938	42.450927734375	49.77753448486328	
152.8215789794922	148.18539428710938	40.856788635253906	48.14562225341797	
152.6165008544922	148.95425415039062	43.12799072265625	47.657981872558594	
152.4002685546875	149.01040649414062	40.830406188964844	46.525657653808594	
150.53924560546875	149.17611694335938	40.88312530517578	48.92482376098633	
150.92910766601562	148.98155212402344	39.32881546020508	46.38082504272461	
149.0894775390625	148.15383911132812	43.14349365234375	47.3160285949707	
149.39749145507812	148.4276885986328	41.04277801513672	46.45625305175781	
147.1024627685547	148.93960571289062	42.37706756591797	48.274757385253906	
144.52513122558594	146.81787109375	44.6429328918457	50.85662841796875	
145.88714599609375	147.33238220214844	44.0850715637207	50.074886322021484	
144.97610473632812	146.89697265625	46.48771286010742	50.41973876953125	
145.44471740722656	146.97396850585938	42.568199157714844	49.757102966308594	
148.42034912109375	148.22616577148438	42.1591796875	48.66184616088867	
149.44964599609375	144.21270751953125	42.03764343261719	52.3134651184082	
150.06124877929688	149.5467529296875	42.81473922729492	47.55757522583008	
151.51107788085938	148.88748168945312	43.170501708984375	50.35594940185547	
150.80319213867188	148.35353088378906	45.46173095703125	50.138343811035156	
153.38241577148438	148.25753784179688	43.9023551940918	50.933956146240234	
159.62384033203125	147.6149444580078	47.21820068359375	55.74896240234375	
159.46080017089844	146.1805419921875	46.915565490722656	54.663330078125	
159.00314331054688	145.7570037841797	49.48992156982422	55.7864990234375	
162.99942016601562	143.88629150390625	49.0893440246582	56.770423889160156	
162.05374145507812	146.2213897705078	51.9278450012207	57.8913459777832	
163.59799194335938	143.8104705810547	52.206268310546875	60.28032302856445	
167.53543090820312	141.1614532470703	50.31681442260742	58.46696853637695	
163.63951110839844	143.92031860351562	52.087181091308594	59.4604377746582	
164.8238525390625	143.61898803710938	51.49409103393555	59.466270446777344	
165.24899291992188	143.53799438476562	51.365379333496094	59.0632438659668	
164.22434997558594	143.09658813476562	53.48065185546875	59.75677490234375	
163.421630859375	144.64547729492188	53.13378143310547	60.60993576049805	
166.49679565429688	146.4686737060547	52.06792449951172	57.74082565307617	
169.99578857421875	147.61111450195312	52.63318634033203	56.737701416015625	
169.7539520263672	147.7947235107422	51.65315628051758	54.20842742919922	
168.6553192138672	148.96310424804688	51.109535217285156	54.85454559326172	
166.6652374267578	147.92726135253906	51.756690979003906	56.23881912231445	
168.92337036132812	146.98907470703125	52.08455276489258	55.25386428833008	
169.01412963867188	147.71876525878906	49.62462615966797	54.43506622314453	
169.923095703125	147.2388916015625	48.24576950073242	53.344749450683594	
173.9853515625	144.32284545898438	48.978389739990234	53.24629592895508	
178.96240234375	142.8867950439453	47.78545379638672	51.99991989135742	
180.2652587890625	131.45492553710938	48.35301971435547	60.1726188659668	
178.74533081054688	145.04867553710938	47.762237548828125	51.60857009887695	
178.3930206298828	144.69989013671875	49.11213302612305	53.41215896606445	
181.90200805664062	144.031982421875	47.763362884521484	56.191680908203125	
187.32888793945312	142.83303833007812	49.945526123046875	53.74774932861328	
187.96670532226562	145.2073974609375	50.854862213134766	57.58076095581055	
187.34378051757812	148.11895751953125	51.44112014770508	58.356658935546875	
188.84254455566406	147.36276245117188	51.248504638671875	59.218299865722656	
188.9816436767578	148.47958374023438	50.65516662597656	58.302085876464844	
189.20504760742188	147.10191345214844	53.39404296875	58.55913162231445	
190.52969360351562	148.19400024414062	54.1844367980957	58.994773864746094	
192.071044921875	144.50296020507812	54.501686096191406	61.1053581237793	
188.0520477294922	144.74789428710938	52.13123321533203	61.11613845825195	
180.70382690429688	144.73805236816406	52.88116455078125	58.9559211730957	
174.48513793945312	148.411376953125	52.621360778808594	58.78057861328125	
171.84072875976562	148.35360717773438	52.475730895996094	58.80573272705078	
173.81753540039062	148.2820587158203	52.555755615234375	59.00175857543945	
181.3195037841797	146.8893585205078	51.63066482543945	57.7609748840332	
187.94692993164062	146.4357147216797	52.976768493652344	60.05775833129883	
188.2591094970703	145.87684631347656	52.322471618652344	59.55683135986328	
188.650146484375	146.81689453125	52.41950225830078	59.55388259887695	
188.02969360351562	146.6819610595703	51.586456298828125	58.47551345825195	
185.08572387695312	148.05044555664062	49.13291549682617	57.6511116027832	
186.1949462890625	146.3770751953125	53.76787567138672	59.441688537597656	
184.23660278320312	146.85232543945312	51.30858612060547	58.06311798095703	
182.45513916015625	146.70748901367188	52.214332580566406	59.51554489135742	
185.41268920898438	146.1143341064453	54.6900749206543	62.10280227661133	
187.39990234375	143.02273559570312	56.33452606201172	63.122413635253906	
188.1981658935547	144.7539520263672	53.832908630371094	61.73613739013672	
190.2973175048828	144.67652893066406	54.15270233154297	62.372215270996094	
190.8286590576172	143.69424438476562	54.613197326660156	62.467552185058594	
188.8657989501953	146.07156372070312	54.433570861816406	62.433319091796875	
188.27557373046875	148.37557983398438	53.249290466308594	61.912445068359375	
185.3494110107422	148.336181640625	53.69199752807617	61.62230682373047	
188.55471801757812	144.21670532226562	55.2190055847168	63.869468688964844	
188.62301635742188	143.81129455566406	52.50566864013672	62.485572814941406	
185.10067749023438	147.74057006835938	52.969017028808594	59.64180374145508	
186.49063110351562	145.65139770507812	53.85162353515625	61.437095642089844	
184.93942260742188	148.02053833007812	54.58154296875	61.912567138671875	
185.61883544921875	147.728515625	55.44952392578125	62.2644157409668	
184.2805633544922	150.23963928222656	57.864112854003906	64.35254669189453	
183.58203125	148.9163055419922	56.3629150390625	64.73056030273438	
180.7910614013672	150.4447784423828	55.403892517089844	60.94398880004883	
177.39146423339844	149.90594482421875	53.726966857910156	60.70418167114258	
172.69577026367188	151.09921264648438	55.43574142456055	59.89003372192383	
167.86354064941406	149.3498992919922	57.34027862548828	61.637535095214844	
166.08364868164062	151.3263702392578	57.092811584472656	60.28460693359375	
160.75680541992188	151.2748260498047	56.21315383911133	59.835350036621094	
162.63485717773438	151.90289306640625	53.925628662109375	59.230262756347656	
162.06723022460938	150.6390380859375	53.350433349609375	59.101104736328125	
168.22549438476562	153.00245666503906	54.962188720703125	59.944602966308594	
175.9300079345703	150.57211303710938	56.13743209838867	61.2704963684082	
181.01939392089844	151.57809448242188	57.6217155456543	63.2425422668457	
185.7107391357422	153.20303344726562	56.173683166503906	64.80327606201172	
186.92904663085938	152.8805694580078	57.31219482421875	65.81773376464844	
185.24844360351562	148.2979278564453	58.41471481323242	68.11005401611328	
179.1211700439453	148.4879150390625	58.22080612182617	67.63741302490234	
175.95751953125	148.1249237060547	59.49182891845703	69.16056823730469	
170.83102416992188	147.3820343017578	55.96217727661133	64.57906341552734	
167.04696655273438	149.4572296142578	56.30241775512695	62.69610595703125	
164.51748657226562	148.19970703125	56.306373596191406	63.871795654296875	
165.44314575195312	146.66123962402344	56.767967224121094	65.27403259277344	
170.23733520507812	149.87054443359375	56.96024703979492	63.78247833251953	
170.76568603515625	149.34323120117188	55.776878356933594	62.15911102294922	
168.90792846679688	152.81092834472656	55.01137161254883	61.123802185058594	
170.81942749023438	150.92257690429688	55.0300178527832	61.096473693847656	
171.51437377929688	151.58248901367188	53.0604362487793	58.975074768066406	
171.52662658691406	150.2626953125	52.51653289794922	57.45551300048828	
170.8214874267578	151.25550842285156	51.0245246887207	55.2276611328125	
174.55960083007812	150.91390991210938	48.280029296875	54.174781799316406	
174.48167419433594	149.62026977539062	49.4476432800293	55.87192916870117	
178.11509704589844	150.41636657714844	49.33649444580078	56.0472412109375	
179.94473266601562	149.3021697998047	47.84275436401367	57.30883026123047	
180.65188598632812	149.08102416992188	47.133995056152344	57.6634521484375	
181.8013458251953	147.86366271972656	46.51396942138672	55.397239685058594	
180.46514892578125	151.06283569335938	44.80925750732422	53.28010940551758	
184.1949005126953	149.99468994140625	41.86956024169922	49.69355010986328	
183.95498657226562	149.11532592773438	43.37084197998047	51.05740737915039	
183.2937469482422	150.0168914794922	42.14377975463867	49.97870635986328	
186.61117553710938	149.47683715820312	41.32212448120117	49.078739166259766	
185.3160400390625	149.16891479492188	43.92205810546875	52.34521484375	
184.86563110351562	148.49014282226562	44.25371170043945	53.13343048095703	
185.6975555419922	148.79200744628906	43.366085052490234	50.767425537109375	
183.44496154785156	150.53359985351562	43.4278564453125	50.90650177001953	
183.54129028320312	148.58441162109375	44.356285095214844	52.92641067504883	
185.25624084472656	149.9483184814453	43.95826721191406	52.316070556640625	
187.35092163085938	148.161376953125	45.09575653076172	52.814537048339844	
189.55056762695312	147.7497100830078	45.74302673339844	54.25836181640625	
195.93338012695312	144.6931610107422	46.12444305419922	54.9464225769043	
198.555419921875	141.97579956054688	48.27070999145508	57.87290573120117	
202.55014038085938	143.48585510253906	48.10153579711914	57.2125244140625	
203.65640258789062	142.9359588623047	49.9831428527832	58.73675537109375	
204.6451416015625	144.03640747070312	50.15549087524414	58.927040100097656	
204.4853515625	145.0491180419922	48.41844177246094	58.58858108520508	
202.07662963867188	144.27566528320312	49.49980163574219	59.66069412231445	
201.0314483642578	142.9838104248047	50.00471115112305	61.441444396972656	
196.7431182861328	143.9997100830078	49.48450469970703	59.58858108520508	
190.8800811767578	149.02175903320312	49.28816223144531	56.5278205871582	
182.8011474609375	150.46852111816406	47.918434143066406	56.019203186035156	
175.4217987060547	151.32762145996094	49.04201126098633	57.017059326171875	
171.0050811767578	151.84957885742188	48.10395050048828	55.13727951049805	
167.3629608154297	152.00936889648438	48.022979736328125	53.52863693237305	
161.23619079589844	152.63943481445312	47.13266372680664	53.570533752441406	
154.6842041015625	152.53492736816406	45.538448333740234	53.240882873535156	
150.50555419921875	150.59230041503906	45.264312744140625	53.05622482299805	
147.0756072998047	152.4908905029297	45.68358612060547	51.18996047973633	
141.9291229248047	151.7741241455078	45.15182113647461	52.24556350708008	
138.05636596679688	152.13279724121094	45.47644805908203	50.654640197753906	
134.1300506591797	149.12022399902344	46.93492126464844	51.05040740966797	
129.50112915039062	147.2117919921875	44.97545623779297	53.09375762939453	
126.67879486083984	147.15184020996094	43.534114837646484	50.333465576171875	
123.8231430053711	146.8870391845703	43.613887786865234	51.846412658691406	
119.7745590209961	145.83334350585938	43.44879150390625	50.886558532714844	
114.47989654541016	142.5322265625	44.94928741455078	50.58774185180664	
111.86983489990234	144.46873474121094	44.840553283691406	51.16074752807617	
110.53255462646484	144.18032836914062	43.2408561706543	48.366905212402344	
109.45283508300781	144.95834350585938	41.10124969482422	48.311161041259766	
108.4030532836914	141.701904296875	40.54100036621094	50.45100021362305	
101.1169204711914	142.2479248046875	43.29038619995117	49.766788482666016	
98.12300109863281	142.83013916015625	42.89598846435547	50.17595672607422	
96.35003662109375	143.9499969482422	42.14854431152344	49.80016326904297	
93.76507568359375	141.06715393066406	43.514549255371094	52.10725784301758	
95.78120422363281	141.88214111328125	41.110984802246094	51.18973922729492	
95.8121566772461	139.7725067138672	42.135677337646484	52.55457305908203	
96.33211517333984	140.912109375	42.551612854003906	53.73078536987305	
98.99610137939453	140.4937286376953	42.281044006347656	52.64958572387695	
101.38578796386719	143.03536987304688	42.09986877441406	48.89427185058594	
103.39985656738281	142.76173400878906	42.05708694458008	48.70252990722656	
106.0584716796875	144.1891326904297	39.987220764160156	47.55950927734375	
112.20890808105469	147.1021728515625	38.61354446411133	44.24510192871094	
116.13087463378906	146.0234375	39.333465576171875	44.92017364501953	
118.54638671875	145.99969482421875	40.12073516845703	49.928016662597656	
124.34095764160156	147.66241455078125	39.293479919433594	45.31081008911133	
130.24221801757812	149.0103759765625	38.07527542114258	41.91797637939453	
134.5456085205078	148.95875549316406	37.347740173339844	44.2552490234375	
138.6798553466797	151.7624053955078	38.116355895996094	43.27099609375	
142.1137237548828	150.25718688964844	38.18388366699219	47.5177116394043	
147.14292907714844	151.67347717285156	37.48485565185547	42.948158264160156	
149.4256134033203	152.3544921875	37.93901443481445	44.068641662597656	
150.90750122070312	153.6957244873047	39.171653747558594	44.1365852355957	
153.62510681152344	153.60061645507812	40.34569549560547	44.96141815185547	
152.93931579589844	152.19363403320312	39.97877502441406	43.71054458618164	
155.76412963867188	151.33773803710938	39.734657287597656	42.87080764770508	
157.2050323486328	152.10134887695312	38.526771545410156	43.49604034423828	
159.41522216796875	148.9823760986328	38.258384704589844	42.056400299072266	
161.1737823486328	149.8329620361328	38.443870544433594	41.40488052368164	
165.33206176757812	149.62852478027344	37.67964172363281	42.68882751464844	
164.5505828857422	148.53567504882812	38.065269470214844	42.03704833984375	
165.7368621826172	148.3555450439453	38.71497344970703	44.27399826049805	
164.6713104248047	147.58358764648438	37.07722091674805	44.42124938964844	
163.0638885498047	146.14248657226562	36.76360321044922	44.30546951293945	
160.49545288085938	144.2251739501953	38.799163818359375	46.3832893371582	
158.21826171875	142.56246948242188	38.58002471923828	46.203857421875	
152.2520751953125	139.4671630859375	41.33460235595703	46.85334014892578	
151.4586944580078	142.74404907226562	41.021018981933594	46.785850524902344	
145.7250518798828	138.35031127929688	43.156673431396484	48.699485778808594	
142.73733520507812	139.7169647216797	43.065345764160156	48.26152420043945	
139.42047119140625	134.9095001220703	44.437835693359375	50.94416427612305	
136.38119506835938	132.80918884277344	44.684043884277344	53.071983337402344	
133.74966430664062	133.4127655029297	47.282920837402344	51.91962814331055	
131.80001831054688	130.7501983642578	47.42407989501953	54.30904006958008	
129.54232788085938	131.51795959472656	47.30317306518555	52.58573532104492	
127.09306335449219	129.60340881347656	48.48995590209961	54.51752853393555	
126.5180892944336	126.7589111328125	48.074501037597656	56.86246871948242	
122.9624252319336	129.89256286621094	48.7118034362793	55.398765563964844	
120.49223327636719	127.59733581542969	49.490020751953125	58.34535598754883	
118.33164978027344	128.27859497070312	51.114418029785156	59.766075134277344	
116.49015808105469	125.23121643066406	52.403465270996094	60.61272430419922	
114.62458801269531	126.7433853149414	54.1635627746582	59.6383056640625	
114.04656982421875	127.65513610839844	55.59949493408203	60.60795211791992	
114.00518798828125	126.7725830078125	54.919822692871094	61.782508850097656	
112.24098205566406	127.33072662353516	51.447975158691406	61.08842086791992	
112.603759765625	128.50372314453125	52.819496154785156	59.87078094482422	
114.40953063964844	128.30001831054688	51.638580322265625	57.4923095703125	
113.1453857421875	113.97406005859375	55.33058547973633	68.85584259033203	
114.72574615478516	129.80210876464844	50.52320098876953	58.0268440246582	
115.83023834228516	131.16943359375	49.53181457519531	56.37542724609375	
113.2853012084961	129.72100830078125	49.69637680053711	57.18415069580078	
109.6163101196289	129.3090057373047	45.890281677246094	52.185089111328125	
109.85624694824219	128.64781188964844	46.10630416870117	52.75800704956055	
108.28143310546875	128.12026977539062	47.01140213012695	53.27573776245117	
107.8965835571289	128.42620849609375	47.34552001953125	54.26329803466797	
110.77764892578125	129.1608428955078	47.287696838378906	52.38233184814453	
111.90641784667969	131.1648406982422	44.14103698730469	54.597076416015625	
113.13136291503906	133.51829528808594	44.30335998535156	53.61956024169922	
116.8613052368164	133.8311767578125	45.732330322265625	56.911346435546875	
113.9120864868164	138.9608612060547	43.50001907348633	50.95615005493164	
115.91158294677734	139.35122680664062	42.008094787597656	51.88291549682617	
113.04422760009766	138.46188354492188	42.61456298828125	50.43126678466797	
110.17686462402344	133.6919708251953	42.64608383178711	50.78476333618164	
107.32392883300781	130.6201934814453	44.06725311279297	53.606040954589844	
104.69010925292969	128.39596557617188	45.648475646972656	53.701316833496094	
104.4250259399414	129.42552185058594	46.07041931152344	52.383827209472656	
107.57624816894531	131.74478149414062	46.30928421020508	51.377296447753906	
113.62947845458984	135.4046630859375	44.23778533935547	51.04436492919922	
118.89693450927734	139.42404174804688	43.600189208984375	50.79706573486328	
121.138427734375	143.2792205810547	44.26520538330078	50.35212326049805	
125.93104553222656	146.57070922851562	45.331031799316406	53.46747589111328	
136.24386596679688	141.4592742919922	48.11546325683594	59.87703323364258	
130.77279663085938	147.36373901367188	47.67842483520508	54.518836975097656	
128.4610595703125	141.0859375	47.247501373291016	55.701072692871094	
121.33494567871094	131.14166259765625	48.592857360839844	54.6163330078125	
116.26884460449219	129.24053955078125	50.15978240966797	53.303138732910156	
112.6021499633789	123.90507507324219	50.08338165283203	58.419403076171875	
111.56446838378906	127.0373306274414	52.56145477294922	62.59002685546875	
109.8187026977539	124.42149353027344	52.352378845214844	63.1536979675293	
110.29647064208984	124.62332916259766	55.865806579589844	65.69963073730469	
111.31978607177734	121.6668472290039	54.386260986328125	65.5664291381836	
113.83782958984375	124.20256042480469	54.25731658935547	64.57005310058594	
115.583251953125	125.53974914550781	53.790321350097656	64.85657501220703	
115.14784240722656	126.23130798339844	53.428794860839844	62.99510955810547	
116.62808990478516	128.41322326660156	55.08726119995117	64.77469635009766	
115.40106201171875	128.97470092773438	52.678009033203125	64.39317321777344	
118.68017578125	130.27188110351562	53.72184371948242	64.36355590820312	
117.10063171386719	128.4594268798828	54.08995819091797	63.778175354003906	
119.64520263671875	128.09063720703125	54.27136993408203	68.27215576171875	
121.21965026855469	127.6518783569336	54.061851501464844	70.10179138183594	
118.33174133300781	127.5589828491211	56.067893981933594	68.34480285644531	
119.39166259765625	126.5049819946289	56.63859176635742	69.09608459472656	
123.50748443603516	126.8143539428711	59.344825744628906	69.26019287109375	
124.51918029785156	128.6448211669922	58.944580078125	66.87097930908203	
125.7231216430664	127.48834228515625	59.514991760253906	67.10115814208984	
126.39925384521484	128.30323791503906	57.8184928894043	64.51908111572266	
129.15350341796875	129.15481567382812	58.04894256591797	65.80690002441406	
129.53408813476562	126.32884216308594	56.6803092956543	66.588134765625	
127.48930358886719	126.59669494628906	56.47826385498047	66.9247055053711	
127.12294006347656	128.7528839111328	59.55128860473633	67.10923767089844	
126.4103775024414	129.32437133789062	58.923927307128906	67.53423309326172	
126.11883544921875	126.90128326416016	60.661781311035156	71.4528579711914	
127.32002258300781	135.3690185546875	65.1218032836914	70.72227478027344	
130.6957550048828	138.44735717773438	64.52374267578125	72.61832427978516	
130.0070037841797	141.79432678222656	65.43138122558594	72.19175720214844	
126.93156433105469	140.44692993164062	68.51930236816406	76.5815658569336	
124.70426940917969	141.4410400390625	66.3187255859375	76.43804931640625	
125.1797103881836	142.0187225341797	63.313995361328125	76.414794921875	
119.39517974853516	140.39584350585938	69.51219177246094	86.50406646728516	
128.96383666992188	144.62982177734375	62.84504318237305	73.28202819824219	
126.6635513305664	145.47195434570312	65.08702850341797	74.45625305175781	
130.56614685058594	143.1859893798828	65.26387023925781	73.30445861816406	
132.74623107910156	149.47860717773438	59.910560607910156	69.00360107421875	
137.7912139892578	146.207763671875	60.8614387512207	69.03147888183594	
146.40841674804688	140.68246459960938	58.5132942199707	69.41966247558594	
143.50039672851562	144.52780151367188	59.26255416870117	67.44438171386719	
143.43087768554688	145.01817321777344	60.49273681640625	71.05799865722656	
139.4661407470703	146.22726440429688	57.1898307800293	68.88479614257812	
131.08847045898438	148.2300262451172	60.555389404296875	72.00785064697266	
126.38865661621094	149.93423461914062	62.04706573486328	72.18036651611328	
125.6374282836914	149.9247283935547	62.143898010253906	72.37855529785156	
127.2090072631836	149.81314086914062	60.968841552734375	72.65348815917969	
126.80224609375	150.40017700195312	62.85579299926758	71.81594848632812	
131.1016845703125	151.0349884033203	59.887733459472656	69.60676574707031	
134.1615753173828	149.8780975341797	59.53356170654297	72.07664489746094	
136.51535034179688	151.2257080078125	58.687530517578125	74.41435241699219	
138.193603515625	153.6693572998047	60.41019821166992	73.26945495605469	
134.7568817138672	150.93927001953125	60.2127571105957	73.05555725097656	
132.39010620117188	150.88388061523438	62.42162322998047	71.89371490478516	
132.99114990234375	151.55441284179688	58.485626220703125	71.09431457519531	
130.96240234375	152.1769256591797	59.41453170776367	71.10460662841797	
131.3739471435547	151.5017547607422	58.107383728027344	69.77214813232422	
133.61204528808594	151.21536254882812	55.755165100097656	71.93116760253906	
134.5566864013672	151.48268127441406	56.25819778442383	69.11917114257812	
135.733642578125	151.3993377685547	55.75670623779297	69.94789123535156	
137.25704956054688	149.857666015625	56.269187927246094	69.6213607788086	
138.70504760742188	149.9853515625	56.170379638671875	69.31610870361328	
137.7659912109375	149.0727081298828	56.822174072265625	71.16175842285156	
137.47549438476562	150.7976531982422	55.90552520751953	67.39239501953125	
136.13497924804688	150.05352783203125	56.822723388671875	67.38072967529297	
136.1637420654297	150.4761505126953	56.72880172729492	65.3729019165039	
137.714111328125	150.22525024414062	55.51953887939453	67.8304672241211	
140.2039794921875	151.8683624267578	57.148345947265625	66.50335693359375	
142.1453857421875	152.55520629882812	56.86821365356445	66.34622955322266	
143.7894744873047	150.98312377929688	55.16094970703125	68.83709716796875	
146.40744018554688	153.14089965820312	56.842796325683594	67.48423767089844	
149.72763061523438	154.8046112060547	58.235137939453125	65.34950256347656	
146.78823852539062	152.65684509277344	57.62898635864258	66.43364715576172	
145.08811950683594	153.3912353515625	57.28215789794922	65.83872985839844	
141.28379821777344	151.70474243164062	58.07868576049805	67.88484954833984	
142.4477996826172	152.89157104492188	57.03460693359375	68.02312469482422	
141.1058349609375	150.58067321777344	56.01740646362305	67.81449127197266	
140.63311767578125	150.90789794921875	55.4874153137207	68.29340362548828	
141.46646118164062	151.9551544189453	56.50690460205078	66.90357971191406	
141.36676025390625	151.48886108398438	57.8913459777832	70.04068756103516	
143.03201293945312	151.4031524658203	56.50736618041992	70.92183685302734	
142.30697631835938	151.17092895507812	57.388916015625	71.56159973144531	
142.66903686523438	152.34292602539062	60.35943603515625	70.96979522705078	
144.0861358642578	151.16102600097656	55.4171028137207	68.54269409179688	
142.40383911132812	141.65933227539062	59.281761169433594	73.77286529541016	
125.78874206542969	155.40966796875	58.34156036376953	71.85945892333984	
126.1534194946289	156.06588745117188	57.265403747558594	71.23963928222656	
130.51947021484375	156.41177368164062	55.0323371887207	68.48468017578125	
134.89761352539062	154.82908630371094	52.982933044433594	67.78032684326172	
129.0353240966797	155.15176391601562	54.8360481262207	70.99758911132812	
129.6378936767578	157.1493682861328	55.66404342651367	71.5689697265625	
130.70864868164062	158.56256103515625	55.431007385253906	68.99351501464844	
131.30104064941406	157.80291748046875	54.68339920043945	69.78056335449219	
132.4559326171875	158.4786376953125	54.70527267456055	71.07664489746094	
133.34713745117188	159.84384155273438	54.96113204956055	70.02528381347656	
135.2045135498047	159.59625244140625	57.156707763671875	70.4441909790039	
142.57652282714844	159.20379638671875	52.72367477416992	65.521240234375	
146.2037811279297	157.20848083496094	52.8543815612793	61.95781326293945	
146.46145629882812	154.3372344970703	58.76503372192383	71.97222900390625	
145.88693237304688	156.59527587890625	62.26348876953125	75.06489562988281	
147.46734619140625	157.24996948242188	64.0775146484375	75.36213684082031	
149.7476043701172	158.12416076660156	63.6962776184082	74.11488342285156	
150.09243774414062	157.90640258789062	65.01002502441406	75.66495513916016	
150.2697296142578	156.72903442382812	65.21232604980469	76.8013687133789	
151.4778594970703	157.94390869140625	65.25294494628906	78.59300231933594	
151.26174926757812	155.5074005126953	67.94367980957031	82.11328887939453	
151.89578247070312	157.76870727539062	67.80094909667969	80.19314575195312	
150.6055450439453	157.51260375976562	68.1766128540039	81.0466079711914	
148.34568786621094	155.0577850341797	71.1928939819336	81.74662780761719	
149.4556884765625	154.94210815429688	68.99415588378906	78.99129486083984	
148.42422485351562	153.3633270263672	69.46540832519531	80.27313995361328	
144.80630493164062	153.4419403076172	70.06517028808594	77.39912414550781	
144.05360412597656	152.84130859375	69.28877258300781	80.35888671875	
143.61126708984375	149.7103271484375	67.52025604248047	80.89028930664062	
146.04977416992188	154.36569213867188	67.79667663574219	78.80684661865234	
145.8991241455078	153.33168029785156	65.6556625366211	78.06642150878906	
146.04049682617188	152.8769073486328	65.09929656982422	77.51605224609375	
144.1061553955078	152.30178833007812	65.64898681640625	77.6528549194336	
145.0925750732422	152.4717559814453	68.35269165039062	79.56483459472656	
144.9014892578125	152.00314331054688	69.86234283447266	81.69792938232422	
145.74749755859375	153.2017364501953	69.1955337524414	79.75335693359375	
147.0060272216797	153.11672973632812	66.75247192382812	80.25408935546875	
148.823974609375	152.4694366455078	65.9516830444336	79.74806213378906	
148.58773803710938	152.36476135253906	66.04754638671875	80.10584259033203	
149.64938354492188	153.99246215820312	64.55281066894531	80.7481918334961	
150.60458374023438	153.39500427246094	65.9384994506836	82.51286315917969	
149.45693969726562	153.51776123046875	68.92097473144531	84.40425872802734	
150.73785400390625	154.02395629882812	67.17475891113281	83.50325012207031	
153.68954467773438	155.81150817871094	66.13554382324219	80.70399475097656	
152.57308959960938	155.31320190429688	66.04103088378906	80.9447021484375	
151.94461059570312	154.3788604736328	68.15286254882812	82.20088195800781	
152.2479248046875	153.51319885253906	68.55647277832031	84.21858215332031	
154.11868286132812	155.5995330810547	64.21737670898438	78.69496154785156	
156.54684448242188	152.79385375976562	60.32135009765625	76.63169860839844	
160.1624755859375	155.31236267089844	61.806396484375	70.06207275390625	
163.40211486816406	155.34031677246094	61.79994583129883	64.76876068115234	
165.6839141845703	153.02450561523438	61.36576461791992	65.14762878417969	
171.4930419921875	152.51864624023438	60.43438720703125	64.61155700683594	
174.30722045898438	151.5897979736328	60.29700469970703	63.46297073364258	
175.541259765625	150.72535705566406	57.644264221191406	63.5820426940918	
177.994873046875	152.05941772460938	55.7642822265625	60.2779655456543	
179.8229217529297	151.03298950195312	55.624366760253906	58.600128173828125	
181.69406127929688	149.10543823242188	51.18231201171875	58.862274169921875	
189.59495544433594	143.3578338623047	53.76523971557617	64.2467269897461	
184.5520782470703	140.60385131835938	53.62196731567383	66.72957611083984	
172.4375762939453	147.20108032226562	49.2034912109375	56.63605499267578	
174.9046173095703	147.929931640625	47.39106369018555	57.877838134765625	
171.6466064453125	146.74981689453125	45.64677047729492	54.29920196533203	
171.03231811523438	146.2752227783203	45.92792510986328	53.856590270996094	
174.3196258544922	146.56173706054688	44.702003479003906	54.196800231933594	
175.1112518310547	148.5358428955078	46.59830856323242	53.73462677001953	
164.4618682861328	158.753173828125	51.139137268066406	63.63984298706055	
165.67124938964844	163.05809020996094	50.76947784423828	63.17982864379883	
165.64120483398438	164.2521514892578	52.98808670043945	65.94076538085938	
162.80075073242188	157.0458221435547	54.1451416015625	67.38065338134766	
174.6331329345703	148.8765869140625	55.087486267089844	68.55335998535156	
172.15304565429688	143.49913024902344	56.43821334838867	70.23426818847656	
178.3843536376953	135.6405487060547	54.713768005371094	68.08829498291016	
176.90365600585938	140.27162170410156	54.314369201660156	67.59126281738281	
172.08326721191406	144.9672088623047	55.05432891845703	68.51210021972656	
175.3406982421875	148.99172973632812	53.8082160949707	62.66480255126953	
175.80809020996094	149.62997436523438	51.557403564453125	60.035987854003906	
177.01626586914062	148.54904174804688	50.732547760009766	58.66218185424805	
174.86195373535156	150.90139770507812	50.89082717895508	58.00654983520508	
177.66900634765625	151.1253204345703	49.17823028564453	56.78828048706055	
177.7073516845703	149.37844848632812	51.2540397644043	60.9062614440918	
175.9580841064453	148.06224060058594	54.259010314941406	64.04473876953125	
174.1165771484375	149.86441040039062	55.582542419433594	64.8846664428711	
170.48001098632812	151.86241149902344	56.29987335205078	65.2076187133789	
167.43618774414062	148.5305633544922	58.46095657348633	67.5762939453125	
163.9241943359375	148.44558715820312	61.7802734375	68.99430847167969	
162.74661254882812	148.8483428955078	63.15181350708008	72.05848693847656	
166.89959716796875	143.33535766601562	61.78867721557617	70.29957580566406	
170.38185119628906	146.16455078125	63.649993896484375	72.95116424560547	
169.62893676757812	144.72018432617188	64.20000457763672	74.36408996582031	
172.97723388671875	147.2268829345703	61.59040451049805	69.50196838378906	
170.9589080810547	146.849853515625	63.87371826171875	70.02859497070312	
163.86636352539062	143.068359375	64.49485778808594	73.65330505371094	
169.9105224609375	142.97647094726562	64.1343002319336	74.63274383544922	
165.1649932861328	141.5557861328125	68.70347595214844	79.11189270019531	
168.3140106201172	141.75042724609375	67.02766418457031	78.8563232421875	
164.5475616455078	142.7692108154297	68.66572570800781	76.02946472167969	
168.00926208496094	143.1090850830078	70.26708984375	78.12263488769531	
169.0877227783203	143.8857879638672	70.05281066894531	78.18449401855469	
163.9670867919922	142.6421661376953	73.91178131103516	82.05583190917969	
168.86782836914062	140.75306701660156	73.98555755615234	80.1982421875	
159.60562133789062	141.91986083984375	73.83702087402344	79.95370483398438	
161.2735595703125	139.8898468017578	77.53099060058594	84.38361358642578	
165.10604858398438	138.7860565185547	77.32949829101562	86.54295349121094	
162.16973876953125	137.33045959472656	79.10664367675781	89.46680450439453	
162.07333374023438	137.61044311523438	78.8177490234375	87.96329498291016	
166.89691162109375	137.95355224609375	82.09618377685547	88.21791076660156	
164.844970703125	136.73104858398438	81.02945709228516	89.3471908569336	
169.75526428222656	139.63613891601562	85.7063980102539	91.31534576416016	
169.67184448242188	140.4529571533203	87.58503723144531	93.30209350585938	
166.69766235351562	140.72447204589844	87.07542419433594	93.49607849121094	
166.48541259765625	139.93582153320312	91.30792236328125	95.57583618164062	
166.6118927001953	140.45669555664062	89.23846435546875	93.3372802734375	
170.2065887451172	139.5535888671875	85.25175476074219	90.72090911865234	
166.40707397460938	141.73019409179688	84.87960052490234	90.92015075683594	
164.9984893798828	143.98292541503906	84.33686828613281	88.62521362304688	
163.39431762695312	148.24667358398438	85.2480697631836	89.29597473144531	
163.90533447265625	149.48915100097656	84.39995574951172	90.7083740234375	
162.07839965820312	153.1518096923828	89.63299560546875	94.68624114990234	
162.603759765625	151.2429962158203	85.5744400024414	106.49272155761719	
144.31124877929688	126.87028503417969	88.31312561035156	109.90086364746094	
149.33917236328125	126.21354675292969	81.1269302368164	97.41499328613281	
