243.0	189.0	147.0	19.0	
242.55517578125	187.07960510253906	147.23397827148438	18.972949981689453	
244.3535919189453	185.5669403076172	145.84371948242188	19.116046905517578	
246.30996704101562	183.70089721679688	144.12948608398438	18.989587783813477	
246.1070556640625	183.30831909179688	143.35711669921875	18.8063907623291	
244.91873168945312	184.6436767578125	146.63729858398438	18.97604751586914	
244.0028839111328	185.72872924804688	147.4255828857422	18.883563995361328	
242.3130645751953	186.2848663330078	149.91488647460938	18.76523208618164	
242.5709991455078	186.04820251464844	147.76766967773438	18.949310302734375	
242.6719207763672	186.42364501953125	149.2213592529297	19.070556640625	
243.75454711914062	186.29571533203125	151.38653564453125	18.92391014099121	
242.2119598388672	186.4805145263672	148.5870361328125	18.881446838378906	
242.151611328125	187.35769653320312	149.4916534423828	18.93794822692871	
243.34408569335938	188.20880126953125	149.87648010253906	18.921411514282227	
242.576416015625	188.59222412109375	148.67529296875	18.784709930419922	
243.73233032226562	188.7758026123047	148.82830810546875	18.993717193603516	
243.2453155517578	190.2463836669922	148.43356323242188	18.842973709106445	
244.68212890625	190.84329223632812	146.6827392578125	18.930850982666016	
242.33804321289062	191.45709228515625	149.9795684814453	18.904958724975586	
245.18197631835938	191.0771942138672	147.88278198242188	18.838470458984375	
244.3935089111328	190.2425079345703	149.41012573242188	19.038633346557617	
243.9058380126953	188.68797302246094	150.50625610351562	19.156024932861328	
243.1986541748047	187.11703491210938	152.9051055908203	19.131885528564453	
243.38162231445312	183.7931365966797	155.25177001953125	19.708280563354492	
242.9222412109375	178.33163452148438	151.51632690429688	21.269092559814453	
238.7975616455078	171.03765869140625	154.7311553955078	23.137413024902344	
228.0248260498047	162.40304565429688	157.0768280029297	25.016321182250977	
217.0263671875	157.40658569335938	171.4741973876953	22.163320541381836	
201.22509765625	146.67970275878906	169.11944580078125	21.858966827392578	
169.10134887695312	132.7247314453125	168.94403076171875	21.8362979888916	
151.86679077148438	128.16722106933594	168.8150177001953	21.819622039794922	
146.55337524414062	125.2930908203125	170.593017578125	22.04943084716797	
142.26246643066406	127.25349426269531	170.97720336914062	22.09908676147461	
144.54859924316406	130.4300537109375	178.52212524414062	23.074281692504883	
120.6686782836914	115.61922454833984	183.91921997070312	23.771862030029297	
83.37326049804688	168.32777404785156	189.16116333007812	24.449390411376953	
100.16279602050781	136.6654815673828	190.4933319091797	24.621578216552734	
124.5499496459961	153.55154418945312	194.34817504882812	25.119821548461914	
124.39683532714844	150.169677734375	199.2821502685547	25.757549285888672	
92.91096496582031	165.62490844726562	196.5054931640625	25.398662567138672	
86.98741149902344	173.33596801757812	200.53085327148438	25.918949127197266	
138.78973388671875	155.70985412597656	198.37179565429688	25.639888763427734	
150.7402801513672	166.74276733398438	199.10910034179688	25.735183715820312	
202.43368530273438	153.36776733398438	174.91818237304688	32.96613693237305	
205.57345581054688	160.0452117919922	182.43450927734375	31.957733154296875	
207.3892364501953	166.7711639404297	186.13674926757812	27.402236938476562	
208.23745727539062	170.26023864746094	186.33236694335938	27.229877471923828	
211.16702270507812	173.85049438476562	189.80795288085938	27.01311683654785	
208.10800170898438	176.22769165039062	193.65838623046875	27.609146118164062	
208.8065948486328	181.40866088867188	189.77114868164062	24.919170379638672	
211.3672332763672	184.80245971679688	181.21493530273438	24.66742515563965	
211.26123046875	184.6232147216797	179.13290405273438	24.6568546295166	
209.86044311523438	184.65560913085938	175.23782348632812	24.388256072998047	
212.8829803466797	186.44309997558594	164.6121368408203	24.6890926361084	
210.4639434814453	184.85986328125	166.0460662841797	24.176803588867188	
208.68026733398438	181.30642700195312	173.87838745117188	24.82643699645996	
206.1310272216797	177.72891235351562	178.1602783203125	26.215124130249023	
200.90426635742188	170.67279052734375	185.40524291992188	28.516033172607422	
199.11978149414062	164.79541015625	185.63479614257812	30.02191162109375	
196.4758758544922	158.52294921875	189.92906188964844	32.00306701660156	
197.3048553466797	155.8443603515625	186.04629516601562	24.046785354614258	
192.59548950195312	148.123046875	184.01304626464844	30.488677978515625	
185.50852966308594	143.5371551513672	192.3029022216797	31.623088836669922	
174.4890594482422	139.79049682617188	188.28445434570312	32.983482360839844	
174.8440399169922	133.82431030273438	202.4274444580078	33.653533935546875	
156.197509765625	126.88346099853516	199.97628784179688	32.8879280090332	
158.25057983398438	127.13383483886719	206.7552032470703	34.36923599243164	
146.96044921875	124.77738952636719	211.19638061523438	35.94539260864258	
146.22293090820312	123.74101257324219	203.5646209716797	36.165348052978516	
148.89163208007812	124.58958435058594	205.365234375	37.07895278930664	
149.27362060546875	126.73040771484375	208.9830322265625	37.01903533935547	
148.8461456298828	128.79931640625	207.12313842773438	38.064247131347656	
150.7274627685547	129.68344116210938	208.9205780029297	37.959014892578125	
149.13748168945312	129.46945190429688	207.2257080078125	38.097530364990234	
155.99270629882812	127.39533996582031	208.51565551757812	37.77268600463867	
151.02108764648438	127.02824401855469	206.8011474609375	38.39716339111328	
157.997802734375	127.47589111328125	208.0081787109375	38.856895446777344	
149.68020629882812	133.75241088867188	216.4670867919922	27.978717803955078	
150.61471557617188	125.1043701171875	208.80209350585938	38.09430694580078	
150.692138671875	128.22972106933594	208.31619262695312	38.68490219116211	
154.3946990966797	131.80398559570312	208.50021362304688	39.63405990600586	
148.37582397460938	132.01007080078125	206.5845184326172	38.367286682128906	
133.5991973876953	135.30088806152344	220.4274139404297	28.4905948638916	
136.566162109375	127.71549987792969	210.64047241210938	38.666236877441406	
140.6089324951172	126.01912689208984	214.2929229736328	39.459224700927734	
122.0124740600586	121.39713287353516	221.9279022216797	40.798519134521484	
122.71380615234375	117.5479507446289	229.6426239013672	41.67130661010742	
121.2718276977539	113.4134521484375	232.9003448486328	42.23556137084961	
119.73332214355469	112.46321105957031	234.06137084960938	42.529014587402344	
117.19620513916016	109.6913833618164	234.6778106689453	42.288185119628906	
124.74815368652344	109.1169204711914	231.2637939453125	41.64356994628906	
132.86306762695312	115.22871398925781	236.16342163085938	30.524499893188477	
172.57032775878906	112.50799560546875	231.6257781982422	29.937999725341797	
173.04190063476562	129.78579711914062	227.6947784423828	29.429912567138672	
189.669189453125	151.00778198242188	226.5836639404297	29.286296844482422	
210.786376953125	203.6528778076172	233.17041015625	30.137645721435547	
210.0843048095703	193.83584594726562	229.0272674560547	29.602136611938477	
170.928466796875	169.0084228515625	224.02725219726562	28.955875396728516	
193.13766479492188	189.09710693359375	229.78689575195312	29.7003173828125	
190.71925354003906	181.32583618164062	228.6032257080078	29.547327041625977	
201.58914184570312	184.91677856445312	227.6332550048828	29.42195701599121	
208.8966827392578	192.35400390625	231.48373413085938	29.91963768005371	
184.5814208984375	179.153564453125	233.25350952148438	30.14838218688965	
202.65992736816406	202.03897094726562	240.0928192138672	31.03237533569336	
171.1468963623047	157.87179565429688	236.10940551757812	30.51751136779785	
204.0269012451172	185.13172912597656	235.2587890625	30.407567977905273	
219.0397491455078	178.4505615234375	234.1654815673828	30.26625633239746	
204.6908721923828	176.65850830078125	234.51010131835938	30.310800552368164	
190.21324157714844	155.68063354492188	229.3335723876953	29.641727447509766	
212.50344848632812	179.80325317382812	229.43673706054688	29.655059814453125	
205.634521484375	200.2978973388672	231.93118286132812	29.97747230529785	
203.42483520507812	204.8826904296875	231.4255828857422	29.912120819091797	
202.48764038085938	193.41494750976562	232.5576934814453	30.058446884155273	
189.501220703125	191.7063751220703	228.06381225585938	29.47760581970215	
201.56175231933594	197.08363342285156	228.4168701171875	29.523242950439453	
184.62034606933594	191.6132354736328	233.21011352539062	30.142780303955078	
199.50015258789062	195.30874633789062	236.2744598388672	30.538848876953125	
194.89297485351562	191.20260620117188	234.0753631591797	30.25461196899414	
183.4250946044922	190.9393768310547	239.8209991455078	30.997243881225586	
174.407470703125	191.46456909179688	246.1333770751953	31.813129425048828	
199.87216186523438	183.78823852539062	239.9388885498047	31.012481689453125	
192.60569763183594	194.51681518554688	245.399658203125	31.71829605102539	
203.4091033935547	203.488525390625	245.891357421875	31.781845092773438	
189.52789306640625	193.61669921875	243.3106231689453	31.44828224182129	
193.91744995117188	151.36160278320312	243.7645721435547	31.506954193115234	
188.48226928710938	169.3247528076172	242.04086303710938	31.284160614013672	
195.39306640625	171.97640991210938	243.0960235595703	31.420543670654297	
190.06808471679688	170.01451110839844	234.94839477539062	30.367450714111328	
208.0264129638672	104.5571060180664	239.2528839111328	30.923812866210938	
202.80374145507812	75.42281341552734	232.29965209960938	30.025096893310547	
205.82388305664062	72.50135803222656	231.6101531982422	29.93597984313965	
212.0326385498047	96.94960021972656	231.4641571044922	29.917110443115234	
193.8619384765625	118.05241394042969	235.0006561279297	30.374210357666016	
201.50015258789062	70.00923156738281	233.4699249267578	30.176361083984375	
201.9822235107422	67.3179702758789	234.23587036132812	30.275360107421875	
187.88705444335938	68.25121307373047	242.33468627929688	31.3221492767334	
148.01150512695312	66.4922103881836	243.1907196044922	31.43279457092285	
117.59410095214844	68.1983642578125	242.6331329345703	31.360727310180664	
144.7630157470703	71.11250305175781	248.1569061279297	32.074684143066406	
124.1029281616211	76.92440032958984	246.28182983398438	31.832326889038086	
135.63870239257812	78.72420501708984	244.0085906982422	31.53850746154785	
158.03436279296875	115.01873779296875	248.30569458007812	32.09391403198242	
161.1868133544922	104.32075500488281	238.7279510498047	30.855976104736328	
190.50466918945312	141.74461364746094	244.54324340820312	31.60761070251465	
165.38418579101562	155.59085083007812	250.54946899414062	32.38392639160156	
215.16476440429688	185.66751098632812	247.40072631835938	31.976947784423828	
219.96371459960938	127.25325012207031	242.55300903320312	31.350372314453125	
215.4729461669922	150.58065795898438	242.00112915039062	31.279041290283203	
210.77841186523438	125.2916259765625	237.5452117919922	30.703109741210938	
215.2069854736328	175.0677947998047	237.0308837890625	30.63663101196289	
128.21673583984375	131.16944885253906	245.1710968017578	31.688766479492188	
100.84717559814453	127.29581451416016	246.28433227539062	31.832653045654297	
95.32806396484375	130.05145263671875	243.7376708984375	31.503490447998047	
127.65716552734375	145.86111450195312	242.7078094482422	31.370380401611328	
155.78134155273438	158.35897827148438	246.04507446289062	31.801727294921875	
119.86470031738281	129.13937377929688	249.4865264892578	32.24654006958008	
105.38623046875	130.40484619140625	251.81472778320312	32.547462463378906	
169.23912048339844	155.05690002441406	256.0369873046875	33.09319305419922	
150.53395080566406	158.020263671875	255.8114471435547	33.06404495239258	
194.8040771484375	156.90127563476562	257.5057067871094	33.28302764892578	
168.3970184326172	168.50567626953125	265.93218994140625	34.372161865234375	
165.13613891601562	175.40509033203125	275.44464111328125	35.60166549682617	
148.2560272216797	137.22842407226562	284.11920166015625	36.72286605834961	
140.23550415039062	137.02560424804688	282.1426086425781	36.46738815307617	
137.9519500732422	127.482421875	280.601806640625	36.26823806762695	
143.02639770507812	139.00460815429688	285.60198974609375	36.914520263671875	
143.41452026367188	136.89141845703125	292.7879333496094	37.84331512451172	
170.31137084960938	167.52467346191406	292.72760009765625	37.83551788330078	
165.50997924804688	186.94998168945312	293.00860595703125	37.87183380126953	
170.78433227539062	182.92050170898438	291.05914306640625	37.61986541748047	
142.95626831054688	183.2682647705078	292.42669677734375	37.79662322998047	
154.73184204101562	184.45120239257812	295.2276306152344	38.15864944458008	
155.77243041992188	178.48399353027344	295.9566345214844	38.252872467041016	
139.84561157226562	177.4554901123047	307.34588623046875	39.724952697753906	
134.4058837890625	176.1618194580078	307.54779052734375	39.75105285644531	
133.61434936523438	184.3663330078125	309.0362854003906	39.94344711303711	
132.13064575195312	168.5944061279297	311.8347473144531	40.305152893066406	
143.27120971679688	170.3181915283203	303.2399597167969	39.19425964355469	
150.3120880126953	172.63583374023438	301.1104431152344	38.91901397705078	
155.89659118652344	175.24847412109375	294.41375732421875	38.0534553527832	
157.83053588867188	189.62939453125	277.8417663574219	35.9114990234375	
163.17056274414062	170.55718994140625	284.78564453125	36.80900573730469	
148.8425750732422	133.8007049560547	282.87255859375	36.561737060546875	
156.28382873535156	136.4381866455078	272.0555419921875	35.16362380981445	
152.2981414794922	143.16455078125	270.06854248046875	34.90679931640625	
169.39488220214844	182.2484588623047	263.88372802734375	34.10740280151367	
178.5197296142578	181.77999877929688	260.1505126953125	33.62488555908203	
154.5259552001953	180.84188842773438	262.38580322265625	33.91379928588867	
155.99862670898438	147.10255432128906	260.83575439453125	33.71345520019531	
165.9521026611328	183.87661743164062	267.53607177734375	34.5794792175293	
176.64785766601562	169.29092407226562	272.9609375	35.2806510925293	
162.38540649414062	179.56021118164062	283.7193908691406	36.67119598388672	
179.3846893310547	183.71023559570312	277.4908752441406	35.866153717041016	
188.47061157226562	195.8971710205078	273.1651306152344	35.307044982910156	
174.12802124023438	140.21620178222656	269.32733154296875	34.810997009277344	
197.40390014648438	140.77151489257812	265.41583251953125	34.30542755126953	
190.55426025390625	176.97543334960938	262.77020263671875	33.96347427368164	
160.81011962890625	160.93495178222656	267.31610107421875	34.55104064941406	
195.67214965820312	163.64012145996094	259.9476318359375	33.59865188598633	
166.16806030273438	125.52165222167969	259.13360595703125	33.49343490600586	
183.0405731201172	171.0540771484375	262.37335205078125	33.91217803955078	
182.26376342773438	146.65774536132812	260.8000183105469	33.708824157714844	
172.90579223632812	159.326904296875	261.56488037109375	33.80768585205078	
167.0031280517578	185.75546264648438	254.54946899414062	32.90093231201172	
198.7208709716797	152.68467712402344	255.0557098388672	32.96636199951172	
188.4835205078125	146.10205078125	252.1648406982422	32.592708587646484	
192.57797241210938	97.60035705566406	258.9097900390625	33.464500427246094	
193.1456756591797	71.8436050415039	257.3466796875	33.26247024536133	
169.46630859375	73.75875091552734	261.3241882324219	33.77656936645508	
182.63803100585938	117.1545639038086	251.8681640625	32.55436325073242	
188.02926635742188	70.49549865722656	247.87228393554688	32.03789138793945	
180.8470001220703	101.49922180175781	247.49172973632812	31.98870277404785	
214.9884033203125	72.22469329833984	247.12405395507812	31.941181182861328	
184.47232055664062	92.44485473632812	246.9368133544922	31.9169864654541	
178.0513458251953	92.87408447265625	254.60720825195312	32.90839767456055	
184.12997436523438	92.20315551757812	257.71099853515625	33.309566497802734	
162.46786499023438	139.6155548095703	257.00872802734375	33.21879959106445	
177.4610137939453	118.5644760131836	253.3115997314453	32.740943908691406	
190.5509033203125	111.42692565917969	252.9495849609375	32.694156646728516	
185.86288452148438	173.212646484375	251.4760284423828	32.503700256347656	
179.6736602783203	121.2099609375	251.8900604248047	32.557212829589844	
168.36001586914062	108.61849212646484	252.19021606445312	32.59600830078125	
162.99124145507812	167.03712463378906	254.0550994873047	32.8370475769043	
166.9180450439453	135.43406677246094	261.8899841308594	33.8497200012207	
138.01382446289062	148.49075317382812	260.62615966796875	33.686370849609375	
181.4518280029297	148.78311157226562	255.1898956298828	32.98372268676758	
204.06686401367188	86.88389587402344	253.09677124023438	32.71318435668945	
173.9981689453125	157.79092407226562	257.01739501953125	33.219932556152344	
175.947509765625	55.58280563354492	257.67779541015625	33.3052864074707	
183.029541015625	114.42960357666016	262.40008544921875	33.915653228759766	
155.87506103515625	157.03025817871094	263.5639953613281	34.06608963012695	
156.0659637451172	135.7133331298828	255.3564453125	33.0052490234375	
188.50772094726562	109.42459869384766	260.2040100097656	33.63180160522461	
167.44277954101562	50.15220260620117	271.20904541015625	35.054222106933594	
151.21817016601562	77.76179504394531	271.9046936035156	35.144134521484375	
145.71307373046875	103.9713363647461	271.2052001953125	35.0537223815918	
149.07882690429688	134.9171142578125	272.3493957519531	35.20161056518555	
168.9185791015625	82.08454895019531	264.37872314453125	34.171382904052734	
146.93162536621094	80.39342498779297	266.1792907714844	34.40410614013672	
151.71078491210938	164.96615600585938	267.5145263671875	34.576683044433594	
144.84243774414062	138.73904418945312	275.71453857421875	35.63654708862305	
163.70521545410156	131.31838989257812	278.17266845703125	35.954261779785156	
165.87161254882812	86.37498474121094	286.65850830078125	37.05107116699219	
151.1398468017578	138.0816650390625	298.4222717285156	38.571556091308594	
144.24781799316406	111.51344299316406	309.83282470703125	40.04638671875	
144.37985229492188	105.90869140625	312.4383850097656	40.38315963745117	
151.36471557617188	106.62164306640625	309.5595703125	40.011070251464844	
129.71774291992188	122.9296875	311.21728515625	40.22533416748047	
148.14633178710938	135.07455444335938	320.1089782714844	41.374595642089844	
122.1056900024414	182.232177734375	322.89715576171875	41.73497009277344	
118.50941467285156	156.97222900390625	320.8387145996094	41.46891403198242	
144.6155548095703	157.29917907714844	320.49652099609375	41.424686431884766	
154.08816528320312	131.83047485351562	317.29656982421875	41.01108932495117	
142.5870361328125	112.64601135253906	319.93109130859375	41.351600646972656	
99.55648803710938	185.03433227539062	312.9622497558594	40.450870513916016	
136.61691284179688	189.13426208496094	311.7289123535156	40.29145431518555	
128.6570587158203	189.3421630859375	321.69427490234375	41.579490661621094	
144.2772674560547	132.65554809570312	338.31561279296875	43.727821350097656	
102.55003356933594	177.8765869140625	333.585205078125	43.11640548706055	
123.9387435913086	174.2774658203125	314.86199951171875	40.69640350341797	
140.64158630371094	193.906982421875	312.8063049316406	40.430702209472656	
149.35501098632812	168.33468627929688	319.8316345214844	41.33873748779297	
139.30856323242188	188.84136962890625	316.4724426269531	40.90455627441406	
135.97976684570312	168.97140502929688	299.4095764160156	38.69915008544922	
154.97946166992188	161.55117797851562	298.0606994628906	38.524803161621094	
137.8033447265625	184.66561889648438	300.30438232421875	38.8148078918457	
133.66592407226562	166.852783203125	307.96533203125	39.80500030517578	
152.32382202148438	196.97885131835938	301.84295654296875	39.013675689697266	
141.45123291015625	180.9432373046875	301.89837646484375	39.020835876464844	
153.49412536621094	181.09536743164062	303.4550476074219	39.22203826904297	
111.72282409667969	180.55267333984375	310.30535888671875	40.107452392578125	
143.40635681152344	165.1453399658203	302.5739440917969	39.108158111572266	
129.1907958984375	184.7594757080078	296.9632873535156	38.382972717285156	
152.4055633544922	169.4918212890625	294.999755859375	38.129180908203125	
157.483154296875	115.66207122802734	292.0399169921875	37.746620178222656	
139.245361328125	167.48843383789062	303.766845703125	39.26234436035156	
139.47064208984375	162.83944702148438	300.38482666015625	38.82521057128906	
157.79837036132812	176.22079467773438	286.16241455078125	36.9869384765625	
172.52410888671875	201.48060607910156	285.2344665527344	36.867000579833984	
174.33694458007812	163.87887573242188	294.5584411621094	38.072139739990234	
146.14071655273438	130.9837188720703	298.1878662109375	38.5412483215332	
158.29942321777344	159.9308319091797	297.1648864746094	38.40903091430664	
170.72146606445312	177.74716186523438	290.0989074707031	37.4957389831543	
135.43295288085938	165.27279663085938	291.63360595703125	37.69409942626953	
153.07009887695312	145.11898803710938	303.03594970703125	39.167869567871094	
154.01571655273438	158.70248413085938	308.0823059082031	39.82011413574219	
161.9685821533203	162.69468688964844	304.74127197265625	39.388282775878906	
145.71560668945312	123.70184326171875	304.51397705078125	39.35890579223633	
144.54791259765625	159.6274871826172	313.86279296875	40.567256927490234	
133.53573608398438	152.95338439941406	307.57196044921875	39.75415802001953	
150.5076141357422	188.53646850585938	298.7641906738281	38.61574172973633	
144.32879638671875	168.88172912597656	297.6330261230469	38.469539642333984	
141.46737670898438	150.36331176757812	297.368896484375	38.435401916503906	
133.92430114746094	163.23985290527344	295.83062744140625	38.23657989501953	
148.7058563232422	172.27651977539062	288.799560546875	37.32780456542969	
151.48191833496094	153.24911499023438	292.51690673828125	37.80827713012695	
154.25344848632812	144.24664306640625	286.5252685546875	37.03384780883789	
170.9486083984375	166.20089721679688	287.3028869628906	37.13435745239258	
152.93045043945312	169.5987091064453	290.80718994140625	37.5872917175293	
135.55337524414062	171.56785583496094	291.5928649902344	37.688838958740234	
146.31163024902344	174.93341064453125	291.7846984863281	37.71363067626953	
140.16671752929688	170.30905151367188	301.4400939941406	38.96160125732422	
143.2982940673828	198.59783935546875	307.63970947265625	39.76291275024414	
144.32801818847656	169.19448852539062	303.279052734375	39.19929122924805	
150.47732543945312	158.34579467773438	305.17694091796875	39.44459915161133	
157.36215209960938	202.03286743164062	296.995849609375	38.387184143066406	
163.1621551513672	173.21087646484375	299.1325378417969	38.663352966308594	
131.32862854003906	163.1264190673828	296.27301025390625	38.29375457763672	
146.98458862304688	189.2294921875	303.46197509765625	39.222938537597656	
153.5199432373047	174.25494384765625	297.5366516113281	38.45708084106445	
125.88008117675781	175.615966796875	309.0081787109375	39.93979263305664	
114.1520004272461	185.7911834716797	318.79046630859375	41.20417022705078	
150.07167053222656	143.15542602539062	315.4593200683594	40.77361297607422	
122.30757141113281	173.88768005371094	320.66650390625	41.44664764404297	
137.08946228027344	187.0389404296875	320.87359619140625	41.473411560058594	
131.65371704101562	180.4669952392578	317.45965576171875	41.03215408325195	
126.333984375	175.62875366210938	310.14923095703125	40.08727264404297	
129.1579132080078	183.1654815673828	313.86956787109375	40.56813430786133	
122.9815444946289	176.17440795898438	309.8667907714844	40.05077362060547	
156.56936645507812	196.8555450439453	305.9776306152344	39.548095703125	
137.15274047851562	196.73062133789062	305.6520080566406	39.506004333496094	
141.41525268554688	182.97451782226562	312.89752197265625	40.44249725341797	
121.80754089355469	195.10781860351562	315.47784423828125	40.77600860595703	
135.44126892089844	197.5658416748047	312.2918701171875	40.364219665527344	
88.16878509521484	142.90896606445312	327.4226379394531	42.31989288330078	
135.2715606689453	164.12820434570312	331.31475830078125	42.822959899902344	
111.5113296508789	192.5218505859375	332.739013671875	43.007049560546875	
108.41231536865234	176.14434814453125	343.0122985839844	44.33488845825195	
113.85919189453125	185.82437133789062	328.901611328125	42.51105880737305	
116.14849853515625	176.25401306152344	327.6700744628906	42.35188674926758	
76.20780181884766	170.4208221435547	336.4288024902344	43.48396682739258	
119.6813735961914	179.68246459960938	322.09478759765625	41.63127136230469	
97.54556274414062	169.87033081054688	324.06884765625	41.88642120361328	
119.3612060546875	195.8412322998047	311.35101318359375	40.24262237548828	
140.1046142578125	186.05038452148438	299.24322509765625	38.67766571044922	
133.1764373779297	192.3374481201172	298.48291015625	38.57939147949219	
144.0516815185547	195.40512084960938	306.0814514160156	39.56151580810547	
158.93209838867188	131.34463500976562	300.75341796875	38.872859954833984	
155.8138885498047	178.9706573486328	298.42950439453125	38.57249069213867	
123.45272064208984	174.66700744628906	305.3599548339844	39.468265533447266	
122.8314437866211	177.95655822753906	305.2750244140625	39.45729064941406	
143.17604064941406	170.9814453125	309.425048828125	39.993690490722656	
110.4113998413086	139.35537719726562	311.6815490722656	40.28534698486328	
142.00897216796875	170.81671142578125	316.7033386230469	40.93442153930664	
143.47067260742188	136.83946228027344	311.62591552734375	40.27815246582031	
154.84133911132812	142.8599090576172	301.26165771484375	38.93855667114258	
141.3415069580078	154.88973999023438	297.4335021972656	38.443756103515625	
139.9736328125	182.41378784179688	295.14190673828125	38.14756393432617	
150.4402313232422	188.68275451660156	297.6198425292969	38.46784210205078	
161.17459106445312	157.57174682617188	297.1826171875	38.41133117675781	
129.99099731445312	182.62120056152344	292.62091064453125	37.82172393798828	
145.19580078125	197.75137329101562	297.22540283203125	38.41686248779297	
160.50277709960938	202.43954467773438	298.1035461425781	38.530364990234375	
119.68985748291016	187.37625122070312	302.4127502441406	39.08733367919922	
134.4592742919922	203.01341247558594	305.5061950683594	39.48716354370117	
117.60440826416016	179.84730529785156	312.7923889160156	40.428916931152344	
152.12326049804688	139.12557983398438	317.60723876953125	41.05124282836914	
137.4231414794922	188.54641723632812	309.36029052734375	39.985313415527344	
147.83212280273438	163.33731079101562	312.2447204589844	40.358131408691406	
159.36692810058594	164.20826721191406	307.08551025390625	39.69129180908203	
135.57449340820312	182.66424560546875	310.2743835449219	40.10346221923828	
129.3707733154297	182.7542266845703	306.84539794921875	39.66025924682617	
123.06982421875	169.24365234375	306.2452697753906	39.58269500732422	
141.71827697753906	145.4315185546875	311.9081726074219	40.314632415771484	
134.85317993164062	182.0316925048828	314.4644775390625	40.645042419433594	
133.1089324951172	187.071533203125	311.51910400390625	40.264347076416016	
120.2785873413086	167.2213592529297	323.86932373046875	41.860633850097656	
87.7795639038086	141.7312774658203	327.51324462890625	42.33161163330078	
114.38063049316406	158.9993438720703	323.56024169921875	41.820682525634766	
110.33708190917969	161.093994140625	312.0108947753906	40.32791519165039	
136.66586303710938	163.24600219726562	300.43359375	38.8315315246582	
134.2965545654297	179.669189453125	311.15716552734375	40.217567443847656	
135.4674835205078	179.4345703125	314.1890563964844	40.60944366455078	
143.99740600585938	161.8412628173828	314.52581787109375	40.65296936035156	
100.67798614501953	171.04281616210938	312.9712829589844	40.45204544067383	
121.62458801269531	185.564697265625	304.43743896484375	39.349029541015625	
109.32716369628906	174.6409912109375	313.06817626953125	40.464569091796875	
132.61782836914062	181.0575714111328	318.8688049316406	41.21430587768555	
107.3345718383789	172.2174835205078	320.30047607421875	41.39935302734375	
125.74609375	178.60263061523438	327.39532470703125	42.316375732421875	
95.34352111816406	156.2421112060547	328.7731018066406	42.49445343017578	
111.98609924316406	120.69267272949219	331.0887145996094	42.79375076293945	
77.69474792480469	138.59158325195312	326.0573425292969	42.14344024658203	
77.17435455322266	153.34144592285156	320.7432861328125	41.45659255981445	
100.32951354980469	176.2034149169922	319.3398132324219	41.27518844604492	
144.33279418945312	182.96987915039062	312.70465087890625	40.41758346557617	
110.65400695800781	174.87765502929688	312.4228515625	40.38115692138672	
93.3857650756836	167.14183044433594	322.76348876953125	41.71770095825195	
109.1968002319336	182.45693969726562	329.8563537597656	42.63446044921875	
109.56840515136719	179.78973388671875	328.2274169921875	42.42391586303711	
141.4106903076172	196.2388458251953	320.7582092285156	41.4585075378418	
120.85102844238281	172.92459106445312	323.44598388671875	41.805908203125	
115.1659927368164	178.65267944335938	316.7802734375	40.94435501098633	
137.12757873535156	193.9654083251953	316.570556640625	40.91724395751953	
119.31307220458984	124.2688980102539	311.6636657714844	40.283023834228516	
124.5640869140625	161.8238525390625	317.3271484375	41.015037536621094	
127.51789855957031	193.44601440429688	318.37286376953125	41.15019989013672	
136.94534301757812	192.7982635498047	308.02740478515625	39.81303787231445	
114.0764389038086	172.57814025878906	314.4930725097656	40.64873123168945	
126.96443176269531	196.3113250732422	314.40338134765625	40.63713836669922	
129.30239868164062	183.2134552001953	310.7798156738281	40.168785095214844	
138.4825897216797	197.90017700195312	317.0231018066406	40.975738525390625	
133.1316375732422	191.9163360595703	316.73321533203125	40.938262939453125	
124.53129577636719	163.1403045654297	320.42041015625	41.41484069824219	
127.4662857055664	157.03720092773438	318.9232482910156	41.22133255004883	
112.0050277709961	160.966796875	325.09295654296875	42.018775939941406	
116.0992202758789	141.5455322265625	329.8585205078125	42.634735107421875	
100.94193267822266	111.17256927490234	316.11376953125	40.85820388793945	
76.2159652709961	103.83323669433594	310.4910583496094	40.13146209716797	
124.00814056396484	120.42720031738281	310.1554260253906	40.088077545166016	
120.10929870605469	143.36688232421875	311.739501953125	40.292823791503906	
127.3580551147461	151.21331787109375	311.29876708984375	40.23585510253906	
97.55315399169922	153.59841918945312	302.9542541503906	39.157310485839844	
113.7343521118164	127.11302185058594	293.5549011230469	37.94243240356445	
124.9226303100586	145.1785430908203	290.196533203125	37.50835418701172	
116.2777328491211	140.697021484375	283.12628173828125	36.594512939453125	
103.5406494140625	125.6297378540039	288.41729736328125	37.27838897705078	
116.20748138427734	121.38427734375	280.7335510253906	36.285255432128906	
96.41049194335938	136.90487670898438	279.9583740234375	36.18506622314453	
95.23649597167969	134.3938751220703	287.42498779296875	37.15013885498047	
77.30975341796875	133.4904022216797	294.2308349609375	38.029808044433594	
92.96903991699219	132.53012084960938	296.5031433105469	38.323509216308594	
106.8954849243164	141.234130859375	303.8781433105469	39.27674102783203	
65.9666748046875	126.56429290771484	303.8641662597656	39.274932861328125	
99.87223815917969	131.6781768798828	305.0794372558594	39.4320068359375	
102.03605651855469	136.01625061035156	308.2164611816406	39.83747100830078	
110.71870422363281	127.99906921386719	305.19671630859375	39.44716262817383	
98.08641052246094	126.01493072509766	306.95965576171875	39.675025939941406	
66.6552734375	117.3452377319336	315.45989990234375	40.7736930847168	
86.91180419921875	135.2250518798828	322.2478332519531	41.65104293823242	
65.78703308105469	131.68963623046875	316.4761657714844	40.9050407409668	
88.91336822509766	139.71377563476562	306.7088928222656	39.642601013183594	
72.3107681274414	172.61341857910156	296.8380126953125	38.36677551269531	
69.44149017333984	136.7716522216797	290.9590759277344	37.60691833496094	
93.7738265991211	143.8258056640625	295.4497375488281	38.187347412109375	
80.76033782958984	124.8884506225586	298.5416259765625	38.58698272705078	
93.22777557373047	162.8385772705078	300.8297424316406	38.88272476196289	
79.16798400878906	145.56088256835938	307.3483581542969	39.72526931762695	
83.72026062011719	142.76058959960938	296.1554260253906	38.278564453125	
88.43734741210938	153.70916748046875	303.55816650390625	39.235382080078125	
120.60475158691406	159.63644409179688	306.89007568359375	39.666038513183594	
128.70260620117188	162.12686157226562	300.4626159667969	38.83528137207031	
135.58053588867188	173.45936584472656	290.7012939453125	37.57361602783203	
139.33360290527344	170.87692260742188	288.956298828125	37.34807205200195	
142.23904418945312	176.55056762695312	282.35858154296875	36.495304107666016	
122.3336181640625	170.10781860351562	285.8468933105469	36.94617462158203	
132.50791931152344	180.879150390625	277.119140625	35.81809616088867	
127.4173812866211	179.0048370361328	272.7376403808594	35.25178146362305	
126.9524917602539	154.98721313476562	272.3582458496094	35.20274353027344	
112.68961334228516	172.0915069580078	264.37152099609375	34.170448303222656	
137.71539306640625	179.9115753173828	268.776611328125	34.73981475830078	
127.71882629394531	175.62814331054688	273.98126220703125	35.41251754760742	
146.0293426513672	177.84463500976562	269.00286865234375	34.76905059814453	
137.44924926757812	174.49464416503906	264.32366943359375	34.16425704956055	
113.6559829711914	158.2866668701172	266.07855224609375	34.391082763671875	
106.7212142944336	154.2423553466797	264.6736755371094	34.209503173828125	
142.92831420898438	175.77587890625	268.1246032714844	34.655540466308594	
139.7658233642578	181.1917266845703	280.38299560546875	36.23995590209961	
125.7293701171875	165.29820251464844	286.52801513671875	37.034210205078125	
127.87007904052734	177.99862670898438	289.77362060546875	37.453712463378906	
132.93472290039062	176.54379272460938	302.886962890625	39.14863204956055	
117.13618469238281	164.92135620117188	318.5450744628906	41.17246627807617	
112.0374984741211	174.114501953125	319.801025390625	41.33480453491211	
123.61711120605469	177.8660430908203	317.3717041015625	41.02080535888672	
69.45320129394531	138.19253540039062	317.8245849609375	41.079341888427734	
99.1223373413086	130.46597290039062	327.31170654296875	42.305572509765625	
91.36788177490234	105.7748031616211	328.48223876953125	42.45686721801758	
69.1361083984375	75.52032470703125	329.72723388671875	42.61778259277344	
93.42494201660156	56.011314392089844	343.0411376953125	44.33863067626953	
80.29693603515625	62.818809509277344	330.03729248046875	42.657859802246094	
91.35972595214844	38.36716842651367	335.1441345214844	43.31792449951172	
75.8148193359375	57.276588439941406	341.0072021484375	44.07573699951172	
107.68098449707031	93.4704360961914	337.6680908203125	43.64414596557617	
99.37617492675781	79.90921783447266	344.7393493652344	44.5581169128418	
75.33090209960938	55.18190383911133	336.0068359375	43.429420471191406	
95.99259948730469	103.6617431640625	327.4478759765625	42.32316207885742	
121.02813720703125	112.0177993774414	322.48468017578125	41.681663513183594	
107.71955871582031	91.97564697265625	319.90106201171875	41.34772872924805	
101.3025894165039	83.56538391113281	315.79193115234375	40.816619873046875	
91.79719543457031	87.2918472290039	309.85211181640625	40.048885345458984	
84.76214599609375	93.33494567871094	308.068603515625	39.818363189697266	
86.98391723632812	92.07073211669922	305.68023681640625	39.50966262817383	
102.7104721069336	67.62151336669922	301.6496276855469	38.98870086669922	
86.00443267822266	74.1978759765625	299.1419372558594	38.664581298828125	
119.1078872680664	104.4886703491211	295.1116638183594	38.14366149902344	
86.33890533447266	86.49730682373047	306.07025146484375	39.56007385253906	
115.85429382324219	103.42057800292969	303.62127685546875	39.24353790283203	
89.6903076171875	95.20008850097656	300.68817138671875	38.86442947387695	
123.0810317993164	89.09322357177734	297.685546875	38.47633743286133	
91.2876205444336	95.75859069824219	306.9305419921875	39.671268463134766	
99.32156372070312	82.88783264160156	301.7562255859375	39.002479553222656	
87.52803802490234	84.70225524902344	300.82855224609375	38.8825798034668	
116.59078216552734	75.92215728759766	305.1166076660156	39.43682098388672	
118.62776184082031	69.30827331542969	310.6875305175781	40.1568717956543	
128.50628662109375	91.91287231445312	306.62115478515625	39.631282806396484	
86.14787292480469	86.6376724243164	306.65911865234375	39.63618850708008	
80.82903289794922	88.39042663574219	298.2259216308594	38.54618453979492	
87.3423843383789	91.67955017089844	302.01544189453125	39.035987854003906	
128.52334594726562	110.7440185546875	315.5699157714844	40.787925720214844	
126.25435638427734	119.28157043457031	324.39227294921875	41.92823028564453	
104.72935485839844	106.3841552734375	324.5287170410156	41.945865631103516	
110.5032730102539	111.74827575683594	332.87030029296875	43.02402877807617	
94.81359100341797	111.84342956542969	337.25091552734375	43.59022903442383	
78.1770248413086	120.93082427978516	320.83782958984375	41.46881103515625	
112.38261413574219	116.74678802490234	322.13055419921875	41.635894775390625	
76.38109588623047	99.9673080444336	329.65936279296875	42.6090087890625	
100.22256469726562	113.646728515625	323.77081298828125	41.847904205322266	
93.4919662475586	107.36946868896484	331.1266174316406	42.79865264892578	
126.2652587890625	117.24405670166016	338.033935546875	43.691436767578125	
84.44681549072266	117.32337951660156	342.6551208496094	44.288734436035156	
91.83780670166016	105.46769714355469	333.15740966796875	43.06113815307617	
49.3544921875	87.84114074707031	329.94482421875	42.645904541015625	
98.2666015625	111.88739013671875	324.9609680175781	42.001731872558594	
96.34869384765625	101.03041076660156	311.63189697265625	40.2789306640625	
87.2355728149414	91.83418273925781	300.5046691894531	38.840721130371094	
78.11408996582031	92.8772964477539	301.5128479003906	38.97102737426758	
77.76342010498047	80.64238739013672	300.298828125	38.81411361694336	
67.58317565917969	69.13972473144531	305.3611145019531	39.468421936035156	
56.70428466796875	73.1116714477539	311.10028076171875	40.2102165222168	
49.10084533691406	69.54566955566406	302.71624755859375	58.624908447265625	
65.63380432128906	74.25534057617188	298.53350830078125	54.89921951293945	
74.66153717041016	78.31876373291016	298.6609191894531	59.34022903442383	
62.2216796875	102.09812927246094	321.81298828125	41.594844818115234	
88.69468688964844	94.7157211303711	295.2578125	59.97502899169922	
81.24746704101562	101.25885009765625	327.9754943847656	42.391353607177734	
77.44771575927734	88.22271728515625	343.92706298828125	44.45311737060547	
73.3940658569336	93.14033508300781	340.08294677734375	43.956260681152344	
76.87728118896484	91.0395736694336	336.615234375	43.50804901123047	
50.40021514892578	87.7869644165039	348.61602783203125	45.05916976928711	
52.8779296875	84.33946228027344	344.4266662597656	44.5176887512207	
34.06694412231445	85.29005432128906	343.5309143066406	44.40190887451172	
70.62216186523438	93.80445861816406	366.07061767578125	47.31520462036133	
62.838218688964844	95.14200592041016	368.11956787109375	47.58002853393555	
62.203041076660156	87.26313018798828	373.2770080566406	48.24663543701172	
50.409088134765625	85.49288177490234	363.71923828125	47.01128387451172	
104.13177490234375	104.8016357421875	353.37823486328125	45.6746940612793	
60.11567306518555	90.1944580078125	350.8350524902344	45.345985412597656	
38.17729949951172	95.79013061523438	349.4206237792969	45.163169860839844	
66.54277038574219	78.2098159790039	356.2723693847656	46.048770904541016	
83.52949523925781	97.52286529541016	339.1660461425781	43.837745666503906	
46.37751770019531	95.85543060302734	340.7060241699219	44.03679275512695	
72.36087799072266	97.0504379272461	328.76177978515625	42.492984771728516	
118.3257827758789	111.66572570800781	319.4049377441406	41.283599853515625	
96.15461730957031	106.1139907836914	321.07135009765625	41.498985290527344	
70.99723815917969	93.97379302978516	335.6551208496094	43.38396072387695	
77.39119720458984	106.74639892578125	326.0987243652344	42.14878463745117	
57.7349739074707	96.17214965820312	337.36376953125	43.60480880737305	
73.33885192871094	96.97108459472656	330.4969482421875	42.717262268066406	
96.78858947753906	100.83393859863281	331.87615966796875	42.895530700683594	
94.32746887207031	104.2713623046875	338.92095947265625	43.80608367919922	
91.87625885009766	96.75263977050781	345.724853515625	44.68549346923828	
81.30877685546875	98.21376037597656	356.95684814453125	46.13724899291992	
67.46549987792969	92.0546646118164	358.28875732421875	46.30940246582031	
105.50614929199219	98.39199829101562	347.90069580078125	44.966732025146484	
82.74305725097656	101.87336730957031	359.6764221191406	46.48876190185547	
55.8404541015625	89.37413024902344	356.86187744140625	46.124977111816406	
70.63484191894531	91.97038269042969	348.13348388671875	44.9968147277832	
41.49525451660156	84.00667572021484	349.58612060546875	45.18457794189453	
60.1967887878418	97.36211395263672	345.5553894042969	44.663604736328125	
40.46686935424805	89.46244812011719	345.9704284667969	44.71725082397461	
70.82328033447266	92.95687103271484	341.76239013671875	44.17335891723633	
95.56501770019531	98.68434143066406	339.9411315917969	43.937965393066406	
79.56378173828125	89.95201873779297	330.5213623046875	42.7204475402832	
66.54322814941406	92.85435485839844	318.80487060546875	41.20607376098633	
56.0142707824707	94.635986328125	320.18768310546875	41.38479995727539	
51.126094818115234	88.46041870117188	320.21734619140625	41.388633728027344	
90.22804260253906	93.48262023925781	319.9963073730469	41.36006546020508	
74.17012786865234	96.25379943847656	322.48681640625	41.681968688964844	
60.407501220703125	86.07667541503906	329.90887451171875	42.64128494262695	
64.537353515625	85.28187561035156	326.25604248046875	42.169151306152344	
61.182518005371094	75.77945709228516	329.15203857421875	42.543460845947266	
84.6551513671875	93.64451599121094	323.8546447753906	41.85875701904297	
55.4796028137207	91.70745849609375	323.9986267089844	41.87736511230469	
80.6236572265625	93.65016174316406	318.0343322753906	41.106468200683594	
72.62179565429688	94.40379333496094	324.8636474609375	41.989173889160156	
51.15843963623047	95.12355041503906	322.5364990234375	41.688385009765625	
73.84741973876953	89.1487045288086	325.4231872558594	42.06149673461914	
69.45133972167969	95.38386535644531	340.4536437988281	44.00420379638672	
27.101436614990234	84.98271179199219	345.5945129394531	44.668670654296875	
59.0378532409668	95.5804214477539	353.832275390625	45.73341751098633	
72.24076080322266	96.26445007324219	365.5559997558594	47.24872970581055	
37.10459899902344	86.60086822509766	374.10076904296875	48.3531608581543	
40.12866973876953	89.63679504394531	376.5924987792969	48.67522048950195	
40.155433654785156	64.29432678222656	380.719970703125	49.20869827270508	
44.67182922363281	88.2275390625	382.1607360839844	49.39491653442383	
15.775949478149414	85.68408966064453	392.97393798828125	50.792545318603516	
16.051883697509766	87.57099914550781	403.56524658203125	52.1614875793457	
43.714725494384766	109.02408599853516	400.73333740234375	51.79545974731445	
51.064945220947266	92.60865020751953	393.38177490234375	50.84525680541992	
58.65571975708008	101.48436737060547	391.1073913574219	50.551292419433594	
69.93502044677734	110.23394775390625	376.75262451171875	48.6959114074707	
50.291419982910156	94.76261901855469	383.2195739746094	49.531776428222656	
43.18739318847656	88.48936462402344	382.72998046875	49.46849822998047	
56.347679138183594	81.88253021240234	331.2843017578125	66.90601348876953	
47.784385681152344	73.66755676269531	329.619873046875	64.60377502441406	
51.597389221191406	74.88626861572266	311.84088134765625	65.4676284790039	
56.488258361816406	69.1731185913086	317.50091552734375	71.39570617675781	
53.1733512878418	67.7074966430664	312.60565185546875	74.93553924560547	
54.547828674316406	68.49256896972656	323.031005859375	74.182373046875	
56.65680694580078	69.15504455566406	321.6978454589844	71.76665496826172	
38.87976837158203	87.39786529541016	365.65411376953125	47.261417388916016	
52.91721725463867	70.3553237915039	322.7610778808594	71.6318130493164	
50.923397064208984	67.47026062011719	339.642822265625	75.03581237792969	
49.0832633972168	63.45873260498047	335.07501220703125	78.38875579833984	
53.7503547668457	69.87245178222656	335.2170715332031	75.1203384399414	
50.38541793823242	70.27195739746094	331.82403564453125	75.22813415527344	
46.22623062133789	63.900001525878906	335.9753723144531	77.65159606933594	
51.22282791137695	74.64959716796875	355.13861083984375	76.90168762207031	
51.17038345336914	66.77803802490234	350.09381103515625	79.9228286743164	
50.823020935058594	71.38044738769531	346.9703063964844	77.7761459350586	
58.03501510620117	73.1245346069336	345.9662170410156	77.39237213134766	
48.744483947753906	63.318580627441406	348.32525634765625	79.97201538085938	
49.86295700073242	69.93672180175781	334.04095458984375	78.04048156738281	
56.55743408203125	76.31095886230469	347.4827575683594	75.70606994628906	
53.8566780090332	66.93162536621094	338.83856201171875	79.62544250488281	
49.935447692871094	67.99508666992188	329.5497131347656	77.46101379394531	
51.29630661010742	66.11672973632812	336.9270324707031	78.28543853759766	
56.82158279418945	76.38582611083984	352.02471923828125	76.9200210571289	
57.94952392578125	83.3237533569336	346.6817321777344	75.2764663696289	
60.38786697387695	75.90841674804688	347.6441955566406	75.2694320678711	
55.75014114379883	67.14131927490234	339.07830810546875	77.76216125488281	
57.19826126098633	72.77397155761719	333.1696472167969	74.83375549316406	
61.67097091674805	76.47383880615234	332.7857666015625	72.63182830810547	
57.3199348449707	74.60734558105469	341.46685791015625	74.6922836303711	
63.01395797729492	80.66250610351562	341.7041320800781	73.88443756103516	
58.5836296081543	74.15643310546875	341.2420654296875	74.46630096435547	
65.4118423461914	77.14094543457031	341.8226623535156	74.01339721679688	
65.36656188964844	78.5799331665039	328.50665283203125	70.81201934814453	
59.11027908325195	76.4052505493164	321.89044189453125	72.59678649902344	
62.94329833984375	76.2896499633789	322.0635681152344	71.81292724609375	
62.515380859375	76.31077575683594	328.1494140625	74.91468811035156	
62.172454833984375	77.99163055419922	332.630126953125	74.83283996582031	
56.325218200683594	80.0892105102539	326.1144104003906	74.70047760009766	
71.91800689697266	86.86280822753906	317.45941162109375	69.61415100097656	
65.91178131103516	86.52264404296875	323.37347412109375	68.92549133300781	
77.95536804199219	94.08663177490234	339.44366455078125	71.81423950195312	
53.5022087097168	107.2089614868164	391.29974365234375	50.57612991333008	
62.3049201965332	79.14081573486328	331.14996337890625	73.5194320678711	
66.33426666259766	81.00688934326172	318.9247741699219	72.12085723876953	
67.13780212402344	81.3274917602539	321.75506591796875	71.16458129882812	
58.90262985229492	77.6728744506836	322.60418701171875	73.83473205566406	
64.2552719116211	82.68157958984375	331.17230224609375	68.9266357421875	
58.471778869628906	78.23548889160156	331.3095703125	65.07686614990234	
64.36924743652344	75.99658966064453	332.6146240234375	74.04499053955078	
67.42802429199219	79.69619750976562	330.94952392578125	72.71675109863281	
60.4867057800293	72.94721984863281	327.0892639160156	75.21678161621094	
65.91673278808594	80.31443786621094	320.2656555175781	70.36384582519531	
66.90846252441406	77.85301208496094	320.98345947265625	71.6795883178711	
66.66680908203125	78.46761322021484	314.09478759765625	70.28533935546875	
67.4888687133789	79.66554260253906	313.41064453125	69.30690002441406	
60.466835021972656	75.38594055175781	314.4200439453125	72.29862213134766	
60.8673210144043	76.26481628417969	320.1541748046875	73.41085052490234	
63.445518493652344	77.50016021728516	338.68212890625	75.1406478881836	
61.551910400390625	80.98066711425781	338.1625671386719	74.59568786621094	
63.82927703857422	74.9093246459961	342.31976318359375	77.07195281982422	
61.0426139831543	76.80696105957031	329.1921691894531	75.50086975097656	
63.4619140625	75.10493469238281	324.24017333984375	76.60128021240234	
59.89434814453125	72.2996597290039	337.4977722167969	77.4816665649414	
64.35893249511719	82.55482482910156	343.45465087890625	75.9284439086914	
64.74552917480469	77.33468627929688	328.4975280761719	75.80259704589844	
56.7213249206543	76.92220306396484	333.72686767578125	77.96125793457031	
53.6799430847168	76.35235595703125	328.4325256347656	78.24308776855469	
58.619140625	75.63436126708984	337.47900390625	79.07067108154297	
59.64794158935547	79.46600341796875	333.4186096191406	76.35124969482422	
63.402015686035156	76.96900939941406	339.7933044433594	76.75634765625	
60.458152770996094	83.16680908203125	314.91143798828125	71.81815338134766	
57.487998962402344	76.35437774658203	323.2734069824219	73.2164306640625	
65.73023986816406	82.27735900878906	314.81341552734375	71.2540283203125	
73.66522216796875	84.7718505859375	321.4681091308594	69.93932342529297	
69.51856231689453	81.90648651123047	320.4808349609375	70.3585433959961	
58.20270919799805	74.90586853027344	315.6372985839844	70.55989074707031	
59.61497116088867	79.38642883300781	303.07403564453125	69.56379699707031	
57.86628341674805	75.3676986694336	323.1700439453125	72.1225357055664	
54.179527282714844	73.96502685546875	328.40069580078125	72.51078796386719	
57.4547233581543	77.89613342285156	316.2408447265625	71.93661499023438	
57.0208740234375	79.9701919555664	325.5899658203125	69.80875396728516	
58.6099853515625	78.23670959472656	325.083984375	71.59712982177734	
60.267295837402344	83.11053466796875	309.14117431640625	67.34358978271484	
59.74092483520508	81.65361022949219	311.7076721191406	66.52433013916016	
60.004608154296875	81.96539306640625	303.24444580078125	65.84478759765625	
57.5772705078125	82.85073852539062	299.7276916503906	64.90855407714844	
53.803672790527344	82.55464172363281	286.60321044921875	63.697425842285156	
62.25141525268555	86.28083801269531	298.7673645019531	63.20659255981445	
54.76050567626953	83.84681701660156	302.0746154785156	65.64527893066406	
58.933624267578125	83.35133361816406	314.0752868652344	65.63774871826172	
64.62550354003906	86.10035705566406	305.1573181152344	64.2706527709961	
65.68681335449219	83.6193618774414	313.65618896484375	65.78306579589844	
62.47820281982422	81.11366271972656	311.8651123046875	65.9440689086914	
65.7076416015625	81.73847198486328	310.48370361328125	64.6780014038086	
64.16839599609375	84.69866180419922	306.24432373046875	64.37132263183594	
49.909183502197266	75.47492980957031	316.2027893066406	69.49425506591797	
53.4831657409668	77.98832702636719	330.8480224609375	69.1220703125	
57.429100036621094	82.46709442138672	314.0392150878906	68.99624633789062	
53.09273147583008	82.0358657836914	321.55169677734375	69.3584213256836	
56.478431701660156	82.9929428100586	317.0939025878906	69.5335693359375	
53.31023025512695	79.0735855102539	323.2469177246094	70.83326721191406	
53.09382247924805	79.80665588378906	327.0498046875	71.23929595947266	
51.942298889160156	77.76228332519531	333.3225402832031	71.56117248535156	
53.35418701171875	76.05360412597656	340.39080810546875	73.48482513427734	
55.329750061035156	75.621826171875	350.4516296386719	74.94517517089844	
53.87760543823242	76.91919708251953	343.8332214355469	73.79777526855469	
59.54827880859375	78.50154113769531	349.1060791015625	75.37788391113281	
53.90497970581055	78.71235656738281	350.19842529296875	75.81922912597656	
53.0463981628418	82.55503845214844	336.98150634765625	74.11927795410156	
53.31072235107422	79.6636734008789	347.63232421875	74.734619140625	
55.75421142578125	82.27528381347656	331.447021484375	73.31070709228516	
50.43474578857422	77.56941986083984	335.5144958496094	75.4588394165039	
50.31306838989258	78.03498840332031	346.6116027832031	75.61366271972656	
54.527099609375	77.44210052490234	344.6025695800781	76.16800689697266	
52.7658805847168	76.81846618652344	350.59552001953125	75.34855651855469	
46.85478210449219	72.69558715820312	339.87908935546875	77.27838897705078	
48.735755920410156	73.95645904541016	350.2008361816406	78.1307601928711	
53.7500114440918	77.172119140625	341.5606994628906	77.31333923339844	
51.48884201049805	78.02483367919922	347.9623718261719	76.85025024414062	
55.030731201171875	79.27653503417969	342.25201416015625	77.31060791015625	
54.441993713378906	79.58204650878906	343.11468505859375	79.1919174194336	
53.78485107421875	80.98887634277344	319.68804931640625	74.63046264648438	
53.113006591796875	79.37372589111328	342.0753479003906	75.19007110595703	
52.056236267089844	75.37309265136719	358.8416748046875	79.1555404663086	
54.1996955871582	77.37355041503906	364.4344177246094	78.55516815185547	
52.18817901611328	71.33382415771484	355.64459228515625	81.092041015625	
52.35826873779297	70.64436340332031	362.0711364746094	81.1148681640625	
47.802101135253906	71.2061767578125	360.3770446777344	80.39830017089844	
51.67193603515625	76.29444122314453	349.1968688964844	79.69210815429688	
45.58158493041992	72.96087646484375	358.84954833984375	83.12269592285156	
55.50202178955078	74.79117584228516	355.230224609375	82.1326675415039	
49.46461486816406	70.9344482421875	356.09619140625	81.9251480102539	
52.27058029174805	72.42646789550781	367.2508850097656	82.9178695678711	
47.907474517822266	70.39338684082031	351.1672058105469	81.8227767944336	
54.4570426940918	78.26860809326172	356.1373596191406	76.5925064086914	
50.19538116455078	74.67987060546875	338.64617919921875	78.33712768554688	
51.245140075683594	77.50386047363281	350.1933898925781	78.2890853881836	
57.526222229003906	78.6986083984375	351.6065368652344	77.73880767822266	
56.236106872558594	78.41553497314453	360.8924865722656	75.51124572753906	
54.5654411315918	78.19930267333984	344.2940673828125	75.92433166503906	
52.46613693237305	75.165283203125	354.33721923828125	77.7085189819336	
55.2716064453125	77.23638153076172	344.96478271484375	76.02098846435547	
47.617332458496094	75.48524475097656	336.49505615234375	75.3511962890625	
52.37685012817383	76.63653564453125	343.33270263671875	75.9199447631836	
52.72880935668945	76.96631622314453	346.11346435546875	75.95314025878906	
57.560791015625	81.63905334472656	349.62335205078125	76.58509826660156	
51.45123291015625	75.30469512939453	358.85369873046875	79.22285461425781	
57.8253173828125	81.04180908203125	349.00433349609375	77.05470275878906	
49.9815673828125	76.78623962402344	341.12744140625	78.5723648071289	
50.91973876953125	76.84652709960938	340.6094055175781	76.51805877685547	
55.32232666015625	80.24910736083984	352.7182922363281	75.63551330566406	
51.205604553222656	78.70915222167969	352.0238037109375	75.64348602294922	
51.02595520019531	79.61898040771484	339.1256103515625	76.69709777832031	
48.857460021972656	76.2237548828125	351.04736328125	77.5442886352539	
51.75201416015625	75.95481872558594	352.27178955078125	78.71134185791016	
49.06999969482422	72.7906494140625	344.5328063964844	80.11196899414062	
53.90715408325195	75.00288391113281	351.59039306640625	78.74713134765625	
55.6093864440918	76.8740463256836	344.35552978515625	76.95326232910156	
57.6622428894043	76.3874740600586	347.6648864746094	78.45048522949219	
58.742271423339844	79.5895767211914	343.68133544921875	76.28597259521484	
54.4420051574707	75.8451919555664	343.9590759277344	80.18803405761719	
55.97194290161133	78.39045715332031	354.6480712890625	77.98503112792969	
50.99181365966797	76.88911437988281	346.83001708984375	78.04365539550781	
52.1252326965332	76.50492095947266	343.29705810546875	78.81904602050781	
56.60064697265625	78.3326644897461	352.0221862792969	78.14628601074219	
51.927345275878906	72.96627044677734	359.15631103515625	80.66059112548828	
58.392494201660156	80.1780776977539	344.77178955078125	77.24236297607422	
53.888671875	78.60054779052734	345.19195556640625	77.76373291015625	
48.37220001220703	76.25712585449219	357.6998596191406	80.26649475097656	
49.02509307861328	81.2227554321289	352.74298095703125	79.7370376586914	
49.74408721923828	80.28968048095703	352.6349792480469	80.3883056640625	
52.6323127746582	81.51078796386719	348.4583435058594	81.45709991455078	
48.35388946533203	78.7686767578125	345.267822265625	82.52460479736328	
56.115440368652344	81.55146789550781	354.2988586425781	80.61272430419922	
58.14386749267578	85.29154205322266	345.71014404296875	82.33161926269531	
52.21648406982422	77.2147216796875	355.48614501953125	84.04437255859375	
