369.0	48.0	12.0	71.0	
369.05035400390625	47.57251739501953	11.306933403015137	70.17512512207031	
369.32916259765625	46.18199157714844	10.462791442871094	72.08428955078125	
369.1329650878906	47.027305603027344	11.405227661132812	72.44886779785156	
369.2734375	47.130226135253906	10.57037353515625	69.4613037109375	
368.946533203125	46.794532775878906	11.814252853393555	72.58097839355469	
369.3507080078125	47.2759895324707	10.738889694213867	72.0600357055664	
369.4275817871094	46.26934051513672	10.621106147766113	73.32727813720703	
369.2657165527344	46.66514587402344	11.241273880004883	75.0638427734375	
369.3505554199219	46.66485595703125	11.338940620422363	75.59282684326172	
369.146484375	46.66960144042969	11.501508712768555	74.67796325683594	
369.1231384277344	46.4172477722168	11.319241523742676	75.74409484863281	
369.39532470703125	46.32158660888672	10.527273178100586	76.85914611816406	
369.14227294921875	46.993995666503906	10.698266983032227	73.80934143066406	
369.03790283203125	47.464927673339844	11.533955574035645	70.78797149658203	
369.07574462890625	47.408775329589844	11.622032165527344	71.56854248046875	
369.06158447265625	46.25554656982422	10.9370698928833	76.04859924316406	
369.03485107421875	46.69132995605469	11.210227966308594	81.19708251953125	
368.68133544921875	47.892601013183594	11.287005424499512	70.4986572265625	
368.8465881347656	47.32758331298828	11.057446479797363	71.64073181152344	
368.97137451171875	47.709014892578125	11.366067886352539	71.41236877441406	
368.87103271484375	47.09319305419922	11.697755813598633	71.0909423828125	
368.8136901855469	47.699134826660156	12.300649642944336	70.72773742675781	
369.0077819824219	46.42780685424805	12.026222229003906	73.77056884765625	
369.6002197265625	46.632659912109375	10.970298767089844	75.93302917480469	
370.05853271484375	46.23102569580078	10.303693771362305	77.11785888671875	
370.2032165527344	46.72550582885742	10.746243476867676	75.8707504272461	
369.88323974609375	47.290367126464844	11.191062927246094	72.3270492553711	
370.01483154296875	47.218345642089844	11.227718353271484	71.5445556640625	
369.9345703125	47.22700500488281	11.48311996459961	70.27574157714844	
370.1202697753906	47.35211944580078	11.502551078796387	71.98639678955078	
369.9214782714844	47.569969177246094	11.330678939819336	71.66279602050781	
370.0734558105469	46.46350860595703	10.604583740234375	77.7223129272461	
369.8992614746094	46.72435760498047	10.390859603881836	76.3878402709961	
368.9580993652344	47.059906005859375	12.080355644226074	72.41743469238281	
369.1244201660156	47.478721618652344	11.558869361877441	68.99824523925781	
369.2695007324219	46.793846130371094	11.141156196594238	71.8799057006836	
369.0271911621094	47.82676696777344	11.508118629455566	70.92387390136719	
369.0561828613281	47.80786895751953	11.272490501403809	70.78791809082031	
368.72833251953125	47.158897399902344	11.155729293823242	70.58745574951172	
368.39373779296875	46.15059280395508	11.11684513092041	74.31831359863281	
368.7099304199219	47.08391571044922	10.482535362243652	74.99491119384766	
368.6299743652344	46.88253402709961	10.27830982208252	72.6070327758789	
368.63824462890625	45.32027053833008	10.92900562286377	76.11215209960938	
369.2537536621094	46.818809509277344	11.718957901000977	72.7334213256836	
370.2906494140625	46.363502502441406	11.299427032470703	73.61846923828125	
371.479736328125	46.75961685180664	10.94101619720459	72.7726821899414	
372.37078857421875	46.87385940551758	11.083141326904297	73.48053741455078	
373.1686706542969	47.05951690673828	10.970881462097168	71.96163940429688	
374.32281494140625	46.70734405517578	10.816838264465332	76.92274475097656	
374.4841003417969	46.4670295715332	11.2686767578125	73.72810363769531	
374.94500732421875	46.436283111572266	11.028226852416992	75.24615478515625	
375.0501403808594	46.145713806152344	11.417170524597168	73.52982330322266	
376.182373046875	45.73464584350586	11.426706314086914	71.61000061035156	
376.89971923828125	46.98336410522461	10.875458717346191	69.6473388671875	
377.9974670410156	46.07421112060547	10.461525917053223	69.7451400756836	
378.9772033691406	45.719730377197266	10.90893840789795	72.95143127441406	
379.88775634765625	45.17361831665039	10.836454391479492	72.86761474609375	
380.8755187988281	45.53719711303711	11.022333145141602	72.5161361694336	
382.1630554199219	45.39956283569336	10.541665077209473	71.83903503417969	
383.1595153808594	46.14516830444336	10.999279022216797	70.38117980957031	
383.97491455078125	46.231685638427734	11.250645637512207	70.13246154785156	
384.85601806640625	45.227203369140625	12.046680450439453	72.30711364746094	
386.5589294433594	45.34017562866211	11.360977172851562	71.66095733642578	
387.69354248046875	45.529136657714844	11.142759323120117	70.29898834228516	
389.1585388183594	45.28168869018555	11.416498184204102	68.23313903808594	
390.35321044921875	45.022544860839844	11.355222702026367	68.9012451171875	
392.23468017578125	44.231422424316406	9.90807056427002	69.79088592529297	
392.9036865234375	44.605125427246094	10.666380882263184	70.09232330322266	
394.03643798828125	45.26112365722656	10.658869743347168	68.28578186035156	
395.9845275878906	43.97529983520508	10.197975158691406	69.26010131835938	
397.5208435058594	44.114959716796875	10.287546157836914	69.1469497680664	
398.0291442871094	43.25026321411133	11.515817642211914	71.56499481201172	
399.77093505859375	43.65289306640625	11.611310005187988	70.27015686035156	
400.9972839355469	44.122013092041016	11.38847541809082	69.34432220458984	
402.920166015625	43.32164764404297	9.632501602172852	66.74459075927734	
403.04730224609375	42.572330474853516	11.87405014038086	70.55506896972656	
404.2679443359375	42.99323272705078	11.089566230773926	66.52952575683594	
405.43536376953125	43.200008392333984	11.65657901763916	65.72317504882812	
406.71728515625	43.49890899658203	11.570562362670898	65.07534790039062	
408.571044921875	42.71599578857422	9.839811325073242	67.97505187988281	
409.0840148925781	43.83216094970703	11.295504570007324	64.09001159667969	
409.713623046875	43.66968536376953	12.304431915283203	64.07484436035156	
411.006103515625	43.23942184448242	11.78459358215332	64.89494323730469	
413.41485595703125	42.99663543701172	10.304708480834961	62.8717155456543	
414.1476135253906	43.22575378417969	11.469762802124023	62.813446044921875	
414.93939208984375	42.58604049682617	11.980307579040527	62.312477111816406	
417.064697265625	43.31544494628906	10.917679786682129	64.13063049316406	
418.86376953125	42.73610305786133	10.465303421020508	62.8779411315918	
419.6752014160156	42.05892562866211	11.294660568237305	60.1907958984375	
421.16302490234375	43.233184814453125	11.301424026489258	63.17626953125	
422.35833740234375	43.073890686035156	11.951521873474121	61.67896270751953	
423.781494140625	43.024147033691406	11.990062713623047	59.36920166015625	
424.7535705566406	42.3592529296875	12.703394889831543	60.230934143066406	
426.5537109375	42.854759216308594	12.016031265258789	63.10639190673828	
426.68096923828125	42.59154510498047	12.913103103637695	61.725982666015625	
426.85498046875	42.062965393066406	12.458440780639648	60.40740203857422	
426.46258544921875	41.028564453125	11.382427215576172	61.89122772216797	
425.23016357421875	42.79106903076172	11.50383186340332	62.589385986328125	
423.17510986328125	42.67021179199219	11.941319465637207	63.66851043701172	
421.0203552246094	43.32372283935547	11.167198181152344	63.19330978393555	
417.80096435546875	43.541786193847656	11.567273139953613	62.85467529296875	
414.3426818847656	42.00176239013672	11.12833023071289	61.557716369628906	
410.59796142578125	42.979888916015625	12.270875930786133	64.6578140258789	
408.69097900390625	41.91454315185547	12.062796592712402	61.230384826660156	
405.57354736328125	43.06244659423828	12.06352424621582	66.78874969482422	
402.3343200683594	43.88420867919922	12.220084190368652	67.22371673583984	
399.6578674316406	42.41999053955078	12.908506393432617	76.37529754638672	
397.5404357910156	44.310630798339844	12.547917366027832	62.63484573364258	
395.95233154296875	44.09300994873047	12.069060325622559	60.55971145629883	
393.5368347167969	45.290611267089844	12.213922500610352	65.57781982421875	
391.2611083984375	46.036651611328125	12.361736297607422	66.81251525878906	
389.78271484375	45.87171936035156	12.023305892944336	65.13874816894531	
388.3355712890625	44.782691955566406	11.734262466430664	62.46044921875	
386.36285400390625	45.26018524169922	11.940847396850586	62.751373291015625	
384.92962646484375	45.42379379272461	11.546050071716309	59.19538497924805	
383.28192138671875	45.90386199951172	11.732841491699219	58.612281799316406	
381.8060302734375	45.619266510009766	11.897489547729492	59.69853591918945	
380.4111328125	45.0851936340332	11.826128005981445	58.931846618652344	
378.92608642578125	45.30034255981445	11.87174129486084	59.8927116394043	
376.87615966796875	46.538185119628906	12.196807861328125	66.03474426269531	
375.96539306640625	47.04448699951172	12.026704788208008	60.59321975708008	
374.1896057128906	47.101951599121094	12.020231246948242	57.638031005859375	
373.00390625	46.121620178222656	11.910395622253418	59.98457717895508	
371.2408142089844	47.103736877441406	12.041894912719727	58.978607177734375	
370.15191650390625	46.67460250854492	11.851465225219727	57.83049392700195	
369.1316833496094	45.95069885253906	11.703808784484863	59.50279998779297	
367.65618896484375	47.18790817260742	11.920696258544922	58.50334548950195	
366.10821533203125	47.597679138183594	12.213343620300293	56.714508056640625	
364.890869140625	46.846336364746094	12.209993362426758	59.21270751953125	
363.76458740234375	44.98686599731445	11.847978591918945	61.571266174316406	
362.3795166015625	46.81467056274414	11.83494758605957	59.448768615722656	
361.2337341308594	47.14283752441406	12.030407905578613	59.56714630126953	
359.0238037109375	48.64661407470703	12.195245742797852	66.59382629394531	
357.3090515136719	48.275150299072266	11.833967208862305	60.694549560546875	
355.44610595703125	47.32914352416992	11.928682327270508	57.98846435546875	
353.95294189453125	45.18218231201172	11.912508010864258	59.5955696105957	
352.6004333496094	46.39063262939453	12.05947208404541	59.178001403808594	
351.3355712890625	46.576210021972656	11.819087982177734	59.902740478515625	
349.85015869140625	48.437767028808594	11.702763557434082	62.16545867919922	
348.37689208984375	47.59063720703125	11.768054008483887	57.78220748901367	
346.9300231933594	46.49662399291992	12.043901443481445	58.13459014892578	
345.5150451660156	49.427696228027344	12.761548042297363	67.78047943115234	
345.2294921875	48.82176208496094	12.133224487304688	65.18218231201172	
343.6658630371094	48.132198333740234	11.7073392868042	58.33345413208008	
342.4524841308594	48.14064407348633	11.76267147064209	59.14501190185547	
341.1188049316406	48.18317413330078	12.01384449005127	57.89397048950195	
340.0152282714844	47.22007369995117	11.479655265808105	58.16852951049805	
338.38995361328125	49.88154983520508	11.86131477355957	61.1796875	
336.8372802734375	50.027130126953125	12.640398025512695	69.00259399414062	
335.8135986328125	49.010589599609375	11.69613265991211	55.3121223449707	
334.54986572265625	48.86456298828125	11.87275505065918	56.2518424987793	
332.5827331542969	50.459075927734375	11.653929710388184	58.97841262817383	
331.3555603027344	49.58004379272461	11.59958267211914	55.487457275390625	
329.08544921875	50.10527038574219	12.33984088897705	65.82979583740234	
328.53033447265625	50.724395751953125	11.734052658081055	62.573707580566406	
327.15338134765625	50.820899963378906	12.040779113769531	59.19233322143555	
326.0680236816406	50.73283004760742	12.310015678405762	59.18291473388672	
325.2796325683594	50.55048751831055	11.816398620605469	57.427085876464844	
324.35516357421875	48.018592834472656	12.079402923583984	57.3986930847168	
323.61578369140625	48.8892936706543	12.012558937072754	55.79103469848633	
323.5235290527344	48.96038055419922	11.66413402557373	58.637535095214844	
322.54595947265625	51.59466552734375	12.059762954711914	60.50177764892578	
322.19268798828125	51.794921875	12.267385482788086	65.75135803222656	
321.44818115234375	51.359893798828125	12.240130424499512	64.166015625	
320.60113525390625	52.043067932128906	11.814040184020996	64.96124267578125	
319.5887756347656	51.70746612548828	11.788763046264648	59.7230110168457	
318.61456298828125	51.564971923828125	11.991975784301758	54.453880310058594	
318.11993408203125	49.16991424560547	12.132787704467773	55.17993927001953	
317.2840270996094	49.85715866088867	11.924416542053223	58.50929641723633	
316.5469665527344	50.909088134765625	11.986553192138672	66.2424087524414	
315.50457763671875	49.36583709716797	11.818397521972656	64.03602600097656	
314.8997497558594	49.75911331176758	12.4476900100708	64.87178802490234	
314.5009765625	51.20680618286133	11.600390434265137	67.41325378417969	
313.78753662109375	51.101043701171875	11.971738815307617	65.97380065917969	
313.041259765625	50.167869567871094	12.738327980041504	63.4504280090332	
311.83050537109375	46.096519470214844	12.284082412719727	65.07807922363281	
311.5078125	46.41703796386719	11.42376708984375	65.99099731445312	
310.68841552734375	48.4208869934082	12.355634689331055	64.0988998413086	
309.9901428222656	51.258766174316406	12.711392402648926	71.12559509277344	
308.95855712890625	50.269874572753906	11.80286979675293	70.42103576660156	
308.4118347167969	49.09076690673828	11.650374412536621	63.74866485595703	
307.48956298828125	52.220298767089844	12.001188278198242	67.73236846923828	
306.184326171875	50.628684997558594	11.78594970703125	62.60772705078125	
304.9969482421875	52.12413787841797	12.342804908752441	67.00899505615234	
303.36346435546875	49.93486022949219	11.776187896728516	61.61121368408203	
302.1793518066406	50.754188537597656	11.741676330566406	62.954627990722656	
301.14459228515625	49.18606948852539	11.731727600097656	63.413177490234375	
299.7442321777344	52.76256561279297	12.74940013885498	69.61663818359375	
298.81219482421875	52.23482131958008	12.133766174316406	62.57012176513672	
297.517578125	49.78774642944336	12.207402229309082	60.2075309753418	
295.8953552246094	52.61519241333008	12.5787353515625	68.15707397460938	
294.5755920410156	51.529640197753906	12.547767639160156	73.30873107910156	
293.212158203125	49.3726921081543	12.036506652832031	74.9234390258789	
292.1580505371094	49.76351547241211	11.782061576843262	71.62794494628906	
290.99078369140625	47.0003547668457	12.44700813293457	92.63642883300781	
290.35821533203125	45.892208099365234	11.853984832763672	91.5823974609375	
289.3441162109375	46.77880859375	11.939743041992188	92.09403228759766	
287.6531677246094	43.01032638549805	13.071246147155762	107.81396484375	
285.88067626953125	45.06757354736328	13.397459030151367	98.11961364746094	
284.0892333984375	43.56999588012695	13.980287551879883	82.71678161621094	
283.5785217285156	44.27251434326172	12.007566452026367	85.57066345214844	
281.69500732421875	39.163841247558594	12.924871444702148	102.8565902709961	
279.4067077636719	38.13102340698242	13.254969596862793	104.7823486328125	
275.3728942871094	35.822593688964844	14.690902709960938	86.92127990722656	
276.6083068847656	43.56114196777344	14.883593559265137	88.0613784790039	
272.98577880859375	43.365028381347656	14.931981086730957	88.34767150878906	
271.34698486328125	45.101253509521484	15.277830123901367	90.39395141601562	
269.63531494140625	43.8442497253418	15.140851974487305	89.58349609375	
270.40081787109375	36.05052947998047	15.216157913208008	90.02904510498047	
267.38653564453125	37.78697967529297	15.628416061401367	92.4682388305664	
262.167724609375	32.44306182861328	15.735357284545898	93.10098266601562	
263.232177734375	31.40459632873535	13.754646301269531	88.98844909667969	
262.58673095703125	39.035606384277344	15.657376289367676	92.63957977294922	
261.5400695800781	29.874343872070312	13.275334358215332	86.760009765625	
260.22479248046875	38.43996047973633	13.161145210266113	77.58845520019531	
258.4815368652344	30.33089256286621	13.146883010864258	83.9938735961914	
258.1021423339844	34.55908203125	12.946537971496582	78.05108642578125	
257.0544738769531	35.78791809082031	12.758816719055176	80.74378204345703	
255.3173370361328	30.583398818969727	13.529345512390137	83.2200698852539	
255.1134490966797	35.72311019897461	13.277605056762695	78.95072174072266	
255.0699462890625	38.44241714477539	13.124188423156738	77.10196685791016	
253.6760711669922	35.50078582763672	13.118463516235352	81.09959411621094	
252.7090301513672	40.028892517089844	12.758143424987793	80.9131088256836	
250.49508666992188	29.388147354125977	13.305154800415039	84.46266174316406	
250.68936157226562	34.97825241088867	12.455561637878418	81.3554458618164	
249.6697998046875	31.553955078125	12.758967399597168	83.70497131347656	
247.46755981445312	32.772666931152344	13.425593376159668	84.04412841796875	
246.9434356689453	31.095983505249023	13.257820129394531	83.55072021484375	
245.09188842773438	26.89974594116211	14.415797233581543	86.70036315917969	
243.9964141845703	26.498937606811523	14.311361312866211	89.15736389160156	
243.47677612304688	33.7608642578125	14.406603813171387	85.85240173339844	
242.04232788085938	25.48909568786621	14.320777893066406	88.16215515136719	
241.26046752929688	25.48771095275879	14.262105941772461	89.79288482666016	
240.49386596679688	24.859745025634766	14.889300346374512	90.83003234863281	
240.34872436523438	25.935192108154297	13.650289535522461	89.46478271484375	
239.1377410888672	22.655933380126953	13.651609420776367	92.66097259521484	
238.20175170898438	27.24403953552246	14.878927230834961	91.32801818847656	
237.89480590820312	21.863101959228516	14.572964668273926	94.9293441772461	
237.017578125	17.0946102142334	15.428024291992188	100.16593170166016	
236.01284790039062	19.560487747192383	14.98939323425293	96.30039978027344	
235.0438995361328	21.25187873840332	14.830044746398926	96.88928985595703	
234.3511199951172	19.145954132080078	15.143533706665039	98.4568099975586	
233.6272430419922	19.510164260864258	14.523544311523438	98.82469177246094	
232.9285430908203	18.603607177734375	14.995803833007812	99.36163330078125	
231.48165893554688	14.217313766479492	15.488325119018555	99.08769226074219	
229.92617797851562	19.398334503173828	16.195968627929688	96.7174301147461	
230.15771484375	21.230754852294922	15.101036071777344	96.70314025878906	
229.2459259033203	16.355178833007812	15.331697463989258	99.66600036621094	
228.6045684814453	18.34830665588379	15.433300971984863	97.24251556396484	
227.3333740234375	19.336124420166016	15.522994995117188	97.9188232421875	
226.1564483642578	19.5816707611084	16.054187774658203	98.23744201660156	
225.1124267578125	15.89538288116455	16.244770050048828	101.13703918457031	
224.8107452392578	17.194242477416992	15.566614151000977	95.76371765136719	
225.4107208251953	18.342409133911133	15.233630180358887	95.91346740722656	
225.2297821044922	19.502212524414062	15.367718696594238	94.19403076171875	
225.6829833984375	20.206539154052734	15.91174602508545	92.19095611572266	
226.22549438476562	20.121055603027344	15.716595649719238	92.38117980957031	
227.3288116455078	20.822246551513672	15.351529121398926	93.45921325683594	
226.9073944091797	15.797038078308105	16.10732078552246	95.84500122070312	
228.20053100585938	23.37181854248047	15.700352668762207	95.26632690429688	
228.1646270751953	19.340030670166016	16.33572006225586	97.3087158203125	
229.26675415039062	19.189645767211914	16.472482681274414	98.45254516601562	
230.36856079101562	19.549232482910156	16.18007469177246	96.32910919189453	
231.09243774414062	15.236262321472168	16.721105575561523	103.714599609375	
232.3628387451172	19.794086456298828	16.23927879333496	102.54051208496094	
233.23257446289062	19.283308029174805	16.59261703491211	107.18934631347656	
234.9934844970703	22.170215606689453	15.888877868652344	105.59696960449219	
236.97476196289062	24.55157470703125	15.545896530151367	102.65653228759766	
237.1643524169922	23.733877182006836	16.787548065185547	106.14029693603516	
236.72946166992188	26.663278579711914	18.331790924072266	108.4633560180664	
240.8521728515625	13.354700088500977	15.388765335083008	108.4517822265625	
240.84530639648438	14.615270614624023	16.18349266052246	112.60453796386719	
242.2052764892578	1.4965728521347046	15.43603801727295	118.75765228271484	
242.4702911376953	0.38352662324905396	16.44083023071289	120.94944763183594	
243.0806427001953	1.5792983770370483	16.427583694458008	131.08558654785156	
242.37301635742188	2.7910842895507812	17.04912567138672	130.47767639160156	
243.01431274414062	0.7819839715957642	16.53377914428711	130.09246826171875	
243.6914520263672	2.555504560470581	15.69703483581543	134.00216674804688	
243.94100952148438	1.1542327404022217	16.195011138916016	133.04147338867188	
244.44113159179688	0.0	16.165742874145508	138.1904296875	
244.7649383544922	6.012712001800537	15.716814994812012	127.691162109375	
245.0167694091797	6.437173366546631	15.7869234085083	126.4836196899414	
245.3704833984375	7.1248273849487305	15.955665588378906	131.25758361816406	
245.17660522460938	2.829659938812256	16.344165802001953	133.56689453125	
245.5481414794922	1.3449485301971436	17.076574325561523	136.97438049316406	
246.573486328125	3.726536512374878	16.41115379333496	136.2388916015625	
245.69247436523438	7.8136396408081055	16.259517669677734	126.42362213134766	
245.7394561767578	5.074756622314453	16.239315032958984	127.5901870727539	
246.2554931640625	9.064915657043457	16.463592529296875	125.03840637207031	
246.35617065429688	6.72197961807251	16.649499893188477	127.18387603759766	
245.7963104248047	11.605905532836914	19.352617263793945	114.50321960449219	
247.0099639892578	11.318429946899414	17.25071907043457	126.62184143066406	
247.16458129882812	12.38426399230957	18.255687713623047	129.33193969726562	
248.0701904296875	15.562509536743164	17.914958953857422	128.4783477783203	
248.0121307373047	15.150787353515625	17.55664825439453	128.724609375	
247.28842163085938	20.647077560424805	17.926462173461914	126.44224548339844	
246.8997802734375	18.776241302490234	18.008495330810547	125.22245788574219	
246.89468383789062	13.987020492553711	18.461578369140625	130.94052124023438	
246.5247344970703	8.317439079284668	18.891958236694336	131.2133331298828	
246.557373046875	14.669837951660156	18.955150604248047	128.94638061523438	
246.1348876953125	10.408464431762695	18.9405574798584	135.29913330078125	
246.46240234375	10.024940490722656	18.937965393066406	133.43698120117188	
246.9186553955078	14.065518379211426	19.044231414794922	130.70555114746094	
247.03909301757812	21.17560386657715	19.402950286865234	128.04881286621094	
246.92190551757812	20.945674896240234	20.347064971923828	125.5963363647461	
246.5023956298828	22.56227684020996	21.9754638671875	124.9736328125	
246.11184692382812	27.900537490844727	22.25333595275879	127.4549331665039	
246.0027618408203	18.887615203857422	23.469951629638672	129.0846405029297	
245.61972045898438	14.336984634399414	23.136402130126953	135.6919708251953	
245.9910888671875	21.451343536376953	23.014633178710938	125.906005859375	
248.16738891601562	22.526073455810547	22.028060913085938	129.0095977783203	
247.67886352539062	16.902721405029297	22.54936408996582	136.20834350585938	
249.26004028320312	25.52598762512207	21.203210830688477	133.12442016601562	
247.747314453125	8.948413848876953	23.776336669921875	134.55892944335938	
248.01779174804688	9.797928810119629	23.56264305114746	138.93064880371094	
247.80419921875	15.767873764038086	23.404125213623047	134.07925415039062	
248.7875213623047	7.604252815246582	24.25509262084961	141.58395385742188	
248.1910858154297	10.12010669708252	23.792036056518555	140.04989624023438	
248.61123657226562	14.144287109375	23.59223747253418	134.610595703125	
247.9520263671875	10.433708190917969	25.07387924194336	137.66746520996094	
246.70913696289062	4.007416725158691	26.17990493774414	134.65478515625	
248.0729522705078	8.365358352661133	24.590877532958984	142.2238006591797	
249.2943572998047	5.6025071144104	24.248706817626953	147.40310668945312	
248.8570098876953	7.208249092102051	24.911121368408203	146.11952209472656	
248.9957275390625	22.07969856262207	24.015872955322266	138.4712677001953	
250.89370727539062	16.791847229003906	23.052310943603516	152.13888549804688	
250.3594512939453	19.861186981201172	23.840442657470703	139.81907653808594	
249.1483917236328	13.492441177368164	25.195064544677734	147.84336853027344	
250.0232696533203	14.0507173538208	24.61200523376465	151.07131958007812	
249.06338500976562	18.793289184570312	23.38783836364746	143.43182373046875	
248.13705444335938	18.777080535888672	24.174314498901367	135.11578369140625	
249.93252563476562	24.635711669921875	23.33405113220215	137.56851196289062	
248.9476318359375	10.866544723510742	24.604045867919922	147.36929321289062	
250.08206176757812	23.303861618041992	23.43360137939453	141.12606811523438	
249.896240234375	19.903255462646484	23.77442741394043	143.74105834960938	
248.24984741210938	3.8647537231445312	25.457246780395508	144.7969970703125	
249.9406280517578	8.023866653442383	24.489971160888672	146.18934631347656	
250.54067993164062	12.140345573425293	23.662599563598633	146.9052276611328	
252.4906463623047	8.342547416687012	22.854028701782227	149.22607421875	
251.0111541748047	13.44781494140625	22.479087829589844	136.41786193847656	
252.2133331298828	12.989700317382812	22.28483772277832	143.89114379882812	
251.97079467773438	2.384970188140869	23.29816436767578	149.93521118164062	
255.6756134033203	16.99064064025879	20.837072372436523	144.00686645507812	
257.5309143066406	11.506030082702637	21.56025505065918	154.7911834716797	
258.1239929199219	16.076135635375977	21.369359970092773	153.95346069335938	
261.1485595703125	30.689477920532227	20.24032211303711	138.3883514404297	
262.2086486816406	27.047870635986328	20.167396545410156	137.85031127929688	
263.2596130371094	26.12485694885254	19.501358032226562	144.58163452148438	
265.311767578125	29.73322105407715	19.317657470703125	140.98013305664062	
265.67572021484375	36.99622344970703	19.737071990966797	132.97476196289062	
266.25543212890625	37.94805908203125	20.6002140045166	129.83499145507812	
266.9856872558594	45.363258361816406	21.198850631713867	123.086181640625	
269.7947082519531	36.18029022216797	19.661455154418945	134.78318786621094	
271.65679931640625	32.717079162597656	19.3411808013916	144.99856567382812	
271.63189697265625	42.51778030395508	22.111495971679688	137.51095581054688	
271.79388427734375	40.1829833984375	21.615238189697266	138.77963256835938	
273.66748046875	36.80653762817383	21.05612564086914	143.4261016845703	
274.53814697265625	28.719707489013672	20.3099422454834	148.07528686523438	
274.5736389160156	33.047447204589844	22.15409278869629	147.80270385742188	
276.7226257324219	30.997756958007812	28.013225555419922	165.74533081054688	
280.6465759277344	23.341049194335938	22.791919708251953	154.27377319335938	
283.48272705078125	22.620542526245117	23.043651580810547	156.5808868408203	
285.84332275390625	22.990652084350586	23.284513473510742	162.0252227783203	
287.73114013671875	23.58144187927246	21.483245849609375	152.9279022216797	
288.6811218261719	29.07145118713379	21.76528549194336	150.3434295654297	
289.3821716308594	31.367712020874023	22.32195472717285	153.63929748535156	
289.2433166503906	32.79613494873047	23.00140953063965	146.97396850585938	
289.63458251953125	31.90289306640625	25.2040958404541	153.0308074951172	
290.7308044433594	25.3779354095459	24.749467849731445	153.64590454101562	
291.60943603515625	30.3922176361084	25.879596710205078	159.4811553955078	
292.4842834472656	28.482421875	25.540660858154297	157.90151977539062	
293.15814208984375	30.006702423095703	26.327831268310547	159.791015625	
291.6575012207031	44.9576416015625	28.425079345703125	168.1820831298828	
297.38262939453125	26.101306915283203	25.704326629638672	172.52491760253906	
297.6697692871094	22.714487075805664	25.3820743560791	171.26376342773438	
300.5542907714844	23.980379104614258	26.55361557006836	184.9051971435547	
296.48974609375	25.308277130126953	28.4980411529541	180.02072143554688	
303.90216064453125	20.651655197143555	26.661235809326172	189.61827087402344	
305.57159423828125	18.84573745727539	26.9353084564209	196.5831756591797	
305.60687255859375	20.47395896911621	26.479084014892578	190.15493774414062	
307.89141845703125	20.067331314086914	26.441791534423828	190.72808837890625	
311.294189453125	19.597402572631836	25.28569984436035	196.24154663085938	
311.40631103515625	18.282583236694336	26.08327293395996	193.53494262695312	
312.7445983886719	20.083452224731445	24.704317092895508	185.92642211914062	
312.3233947753906	20.878271102905273	26.553104400634766	196.54592895507812	
315.027587890625	19.859092712402344	25.543027877807617	192.07315063476562	
313.52325439453125	25.104312896728516	30.90176773071289	182.83584594726562	
315.3475646972656	16.938594818115234	27.377376556396484	197.02239990234375	
317.32855224609375	17.714616775512695	25.986629486083984	189.40025329589844	
319.0760192871094	16.150615692138672	26.98688316345215	196.4248046875	
319.88958740234375	16.796594619750977	26.82559585571289	198.5900421142578	
322.4110412597656	15.819544792175293	26.376657485961914	195.50039672851562	
321.26385498046875	18.24534797668457	28.443872451782227	196.6085662841797	
324.8116455078125	14.5881929397583	26.358749389648438	190.24891662597656	
326.6949768066406	15.215100288391113	26.950576782226562	196.35513305664062	
327.2508850097656	17.822731018066406	27.652210235595703	198.39401245117188	
329.9248962402344	12.193896293640137	26.7614803314209	199.4247283935547	
332.1037292480469	13.809736251831055	26.804058074951172	195.08958435058594	
333.4080505371094	13.079254150390625	27.359054565429688	201.7141571044922	
337.00347900390625	14.665945053100586	24.93266487121582	193.08193969726562	
338.6485290527344	14.17859935760498	26.798852920532227	200.27395629882812	
338.8235778808594	16.20527458190918	25.498027801513672	192.67872619628906	
338.49896240234375	18.561214447021484	26.791168212890625	192.3956298828125	
339.32818603515625	19.835247039794922	25.743450164794922	188.04092407226562	
341.64178466796875	18.721912384033203	24.891738891601562	191.35089111328125	
342.17474365234375	18.105375289916992	25.630847930908203	193.16598510742188	
343.04248046875	18.547191619873047	24.820646286010742	190.17977905273438	
344.5111083984375	16.76248550415039	25.174989700317383	196.7327880859375	
341.28271484375	19.569236755371094	27.567861557006836	194.19796752929688	
343.5438537597656	16.38945198059082	25.97907066345215	189.00778198242188	
346.19598388671875	14.09379768371582	25.812658309936523	198.5796356201172	
346.71966552734375	16.75971031188965	25.77923583984375	194.11331176757812	
347.48394775390625	19.394672393798828	25.13485336303711	183.60389709472656	
348.484130859375	17.37415885925293	25.699810028076172	188.25949096679688	
349.26776123046875	19.05740737915039	25.548213958740234	189.12588500976562	
350.27825927734375	18.1617374420166	25.57040786743164	190.1517333984375	
351.982177734375	17.757328033447266	25.80489158630371	195.27780151367188	
353.1278076171875	19.03696060180664	24.856143951416016	188.85719299316406	
354.1055908203125	19.331438064575195	25.152008056640625	186.29898071289062	
353.664794921875	19.184246063232422	25.950042724609375	189.69107055664062	
356.19232177734375	15.14777660369873	25.305444717407227	197.26290893554688	
357.9390869140625	17.780317306518555	24.373687744140625	198.06002807617188	
358.4488220214844	17.77556037902832	25.543027877807617	192.00518798828125	
360.00506591796875	16.534347534179688	24.811664581298828	197.0891876220703	
362.87969970703125	14.89704418182373	24.25726890563965	205.4949493408203	
362.6990966796875	14.149409294128418	25.03188705444336	200.31961059570312	
365.9833679199219	13.031875610351562	24.33163070678711	211.09524536132812	
367.2916564941406	15.564550399780273	23.212671279907227	200.63742065429688	
367.4991149902344	19.106592178344727	23.051956176757812	197.8063507080078	
368.232177734375	18.906091690063477	23.720163345336914	193.39178466796875	
370.83819580078125	21.485010147094727	22.796100616455078	199.2054901123047	
368.88897705078125	21.163665771484375	24.721235275268555	190.8692626953125	
371.59503173828125	21.733047485351562	23.097240447998047	193.54974365234375	
372.7366943359375	22.148948669433594	23.154216766357422	197.0429229736328	
373.6197509765625	21.07595443725586	23.621761322021484	196.31361389160156	
374.378173828125	23.25599479675293	23.183765411376953	195.7488250732422	
374.1473083496094	21.71923828125	24.146276473999023	194.35191345214844	
374.27496337890625	19.874969482421875	24.306686401367188	198.5825653076172	
374.7572937011719	24.425121307373047	23.363887786865234	193.20909118652344	
375.03460693359375	26.243732452392578	23.070093154907227	189.34825134277344	
374.3546447753906	23.287792205810547	24.21036720275879	186.77603149414062	
375.7802429199219	26.7758731842041	22.911521911621094	192.07635498046875	
375.9236145019531	25.78731346130371	23.305500030517578	185.83737182617188	
376.9122619628906	20.829792022705078	23.434574127197266	192.89723205566406	
377.9483642578125	25.220672607421875	22.42679786682129	192.59481811523438	
376.69549560546875	24.138469696044922	24.20418930053711	196.06710815429688	
376.55792236328125	18.95755386352539	24.595483779907227	195.21786499023438	
375.8968811035156	19.669483184814453	25.952194213867188	185.7425994873047	
377.7380676269531	23.561382293701172	24.482860565185547	194.87710571289062	
377.76092529296875	22.658180236816406	24.24814224243164	197.42086791992188	
378.7841796875	23.220447540283203	24.35113525390625	195.49160766601562	
377.4872131347656	16.423015594482422	25.689422607421875	193.54525756835938	
378.8808898925781	20.13787078857422	24.92197608947754	201.97108459472656	
379.2867736816406	23.86387062072754	23.86931037902832	197.73532104492188	
378.70458984375	21.097911834716797	24.742704391479492	195.07760620117188	
378.7485656738281	21.05280876159668	24.914281845092773	187.25868225097656	
378.40765380859375	18.816349029541016	25.686161041259766	190.61221313476562	
378.7120056152344	24.631122589111328	24.694759368896484	192.28652954101562	
380.1219177246094	21.547853469848633	24.810922622680664	194.5428924560547	
380.0691833496094	23.070558547973633	24.855533599853516	198.4107208251953	
379.69256591796875	21.064706802368164	25.956798553466797	197.70516967773438	
380.7110290527344	18.781129837036133	25.42992401123047	201.8672332763672	
379.63775634765625	21.88450813293457	25.717540740966797	189.04998779296875	
379.1927185058594	20.326087951660156	26.450374603271484	195.9469451904297	
379.34552001953125	20.020435333251953	25.803091049194336	196.6568145751953	
379.5996398925781	19.718969345092773	26.250905990600586	197.59649658203125	
379.5670166015625	20.43714714050293	25.558292388916016	195.5408935546875	
380.29156494140625	24.08456802368164	25.035646438598633	195.85145568847656	
380.4087829589844	18.029922485351562	25.161937713623047	196.73751831054688	
381.201416015625	25.44577407836914	23.603313446044922	192.24093627929688	
380.855224609375	29.502832412719727	22.931833267211914	190.26663208007812	
380.12945556640625	25.80840492248535	23.978473663330078	184.519287109375	
378.5984191894531	24.88596534729004	25.401662826538086	187.09326171875	
380.8811950683594	28.86916160583496	23.077104568481445	189.63009643554688	
381.78607177734375	32.583709716796875	22.092342376708984	189.9186248779297	
379.3917541503906	27.65724754333496	24.520078659057617	184.56105041503906	
381.1692810058594	30.083148956298828	23.295473098754883	190.61660766601562	
380.95684814453125	27.526453018188477	23.565065383911133	187.37997436523438	
381.9991149902344	27.186023712158203	23.109304428100586	183.2726287841797	
380.5694580078125	30.63462257385254	23.732526779174805	181.05142211914062	
381.3562316894531	23.48882293701172	24.023746490478516	191.132568359375	
380.66046142578125	27.38422203063965	24.019628524780273	186.8752899169922	
380.30023193359375	25.636768341064453	24.25245475769043	187.6062469482422	
381.81903076171875	31.113880157470703	22.4373836517334	184.42471313476562	
381.63470458984375	32.32204818725586	22.639820098876953	184.63253784179688	
381.32366943359375	32.710018157958984	22.08772850036621	184.83526611328125	
381.245849609375	36.62358856201172	21.433975219726562	178.3836212158203	
381.05596923828125	37.00360107421875	21.531131744384766	172.62193298339844	
381.32012939453125	33.96647262573242	21.31197738647461	179.99298095703125	
380.6979064941406	36.29377365112305	21.548686981201172	181.06558227539062	
379.8554992675781	32.36295700073242	22.188777923583984	178.4941864013672	
378.87799072265625	33.661739349365234	22.7041015625	183.45179748535156	
379.70941162109375	34.94801712036133	20.584030151367188	186.46604919433594	
375.10894775390625	35.07787322998047	22.250890731811523	176.87294006347656	
374.6126403808594	27.970752716064453	22.07261848449707	191.0086212158203	
371.62591552734375	27.545618057250977	22.61029052734375	188.62112426757812	
370.0135498046875	32.75438690185547	21.87101936340332	185.7767333984375	
368.6366271972656	30.408227920532227	21.54014778137207	187.34811401367188	
367.4989318847656	31.29705238342285	21.025386810302734	190.29830932617188	
365.35052490234375	33.336387634277344	21.221200942993164	180.4089813232422	
361.5628967285156	31.754383087158203	23.37255859375	186.21083068847656	
360.2253112792969	28.934154510498047	22.557144165039062	189.72244262695312	
357.27667236328125	34.33732604980469	22.63591957092285	185.87838745117188	
354.63067626953125	28.40488624572754	23.962890625	186.10137939453125	
351.5320129394531	31.218719482421875	24.655715942382812	185.09327697753906	
348.9867858886719	25.883764266967773	25.6215763092041	196.26739501953125	
347.46624755859375	21.25295639038086	25.960927963256836	190.07443237304688	
346.30450439453125	24.427570343017578	26.040273666381836	188.11334228515625	
342.97705078125	23.022357940673828	26.74697494506836	192.25650024414062	
341.1268615722656	22.13079071044922	27.350027084350586	181.76666259765625	
339.1220397949219	20.32969093322754	28.395095825195312	195.68301391601562	
336.11053466796875	29.369970321655273	30.228160858154297	178.85009765625	
336.00396728515625	22.291492462158203	28.22454261779785	187.45364379882812	
333.0636291503906	24.986194610595703	28.794580459594727	175.1402587890625	
330.5055847167969	22.850317001342773	28.81778907775879	192.5139923095703	
331.897705078125	20.019250869750977	30.341571807861328	199.53012084960938	
328.60247802734375	20.04178810119629	32.08759689331055	201.84078979492188	
325.8738708496094	22.494495391845703	31.0242919921875	200.7683868408203	
328.78619384765625	23.487668991088867	29.829944610595703	193.9335174560547	
331.5247802734375	22.408710479736328	29.549936294555664	190.93968200683594	
335.2314453125	19.735074996948242	29.416263580322266	189.11477661132812	
336.03369140625	19.964275360107422	28.141860961914062	197.9567413330078	
339.1573791503906	18.317655563354492	28.78302001953125	196.71878051757812	
343.92633056640625	17.89166831970215	28.036596298217773	192.7474822998047	
345.97491455078125	18.643251419067383	28.232128143310547	193.5408477783203	
348.74566650390625	18.934045791625977	26.938720703125	205.75930786132812	
348.90277099609375	16.327468872070312	27.29933738708496	196.0138702392578	
351.0439758300781	15.995794296264648	27.132665634155273	203.2067413330078	
353.9462890625	14.679095268249512	25.899038314819336	202.08204650878906	
356.50958251953125	15.74584674835205	25.927215576171875	208.1648712158203	
360.39971923828125	13.584538459777832	24.925735473632812	207.68795776367188	
364.67559814453125	13.109556198120117	24.3536376953125	210.5085906982422	
366.37799072265625	15.04365348815918	24.31355857849121	206.50314331054688	
366.37286376953125	17.27507972717285	26.282390594482422	194.8057098388672	
370.59735107421875	19.93282699584961	26.55105209350586	197.54925537109375	
372.97247314453125	23.61922264099121	26.909006118774414	189.84988403320312	
374.8345642089844	22.107316970825195	29.759069442749023	193.16697692871094	
375.89215087890625	22.404430389404297	31.592655181884766	189.1273956298828	
377.7571716308594	30.381521224975586	30.524343490600586	180.6025848388672	
378.0169677734375	23.070632934570312	34.547325134277344	191.010498046875	
382.68096923828125	22.25833511352539	33.42892074584961	191.70693969726562	
381.48358154296875	25.453044891357422	34.23082733154297	184.96156311035156	
382.9891052246094	28.950735092163086	32.7212028503418	173.17283630371094	
387.56298828125	29.492809295654297	30.44610023498535	180.13958740234375	
387.7547912597656	25.57293128967285	35.095924377441406	186.08148193359375	
388.06817626953125	27.005884170532227	33.41511535644531	182.35336303710938	
392.68853759765625	21.96054458618164	34.231685638427734	191.08108520507812	
395.9183654785156	18.03367042541504	35.242820739746094	201.23110961914062	
395.0755615234375	16.33175277709961	36.208717346191406	202.10897827148438	
397.57025146484375	14.810140609741211	36.38145446777344	202.92059326171875	
396.63018798828125	14.729856491088867	38.3466682434082	206.38491821289062	
399.8876953125	12.211026191711426	36.34798049926758	208.2337646484375	
398.39361572265625	13.621713638305664	39.02771759033203	204.61810302734375	
400.243408203125	10.579340934753418	38.91377639770508	215.84619140625	
398.4976501464844	12.923772811889648	39.016639709472656	208.73046875	
398.0508117675781	15.56206226348877	38.354408264160156	198.44717407226562	
401.28216552734375	10.289300918579102	38.199913024902344	211.98843383789062	
399.49578857421875	10.28154182434082	38.8210563659668	216.02880859375	
395.7335510253906	11.300321578979492	40.26527404785156	214.64932250976562	
392.2269287109375	17.710582733154297	37.86177444458008	198.88027954101562	
385.95416259765625	23.1851806640625	36.14867401123047	185.77767944335938	
385.2767333984375	20.406230926513672	35.04697799682617	194.0043182373047	
383.16119384765625	19.70681381225586	32.74673080444336	197.31625366210938	
380.86090087890625	20.364952087402344	30.488849639892578	191.7725830078125	
378.2734680175781	20.446352005004883	27.921371459960938	190.36932373046875	
372.2901611328125	21.884075164794922	29.31730079650879	193.62445068359375	
371.9031677246094	16.685218811035156	26.569839477539062	199.1162567138672	
366.7383728027344	18.63729476928711	25.528696060180664	204.66061401367188	
365.1620178222656	18.489404678344727	24.33827781677246	198.19955444335938	
362.501220703125	15.857914924621582	25.097991943359375	200.4869842529297	
359.29510498046875	18.565670013427734	24.689224243164062	198.45335388183594	
357.1130065917969	22.533466339111328	23.445240020751953	189.67372131347656	
354.48785400390625	19.45657730102539	25.04328155517578	199.9456329345703	
351.03076171875	22.431909561157227	25.5802001953125	190.28387451171875	
347.47320556640625	22.830425262451172	25.209701538085938	181.7396240234375	
342.9280090332031	22.25759506225586	25.93600082397461	186.3124542236328	
340.56524658203125	24.158950805664062	26.23163414001465	190.38165283203125	
335.8740539550781	24.374637603759766	26.882049560546875	187.9473876953125	
333.78985595703125	22.467824935913086	27.575109481811523	192.9297332763672	
331.5909729003906	24.962787628173828	27.836929321289062	187.91680908203125	
328.9871520996094	27.345867156982422	27.886144638061523	179.6212158203125	
324.09576416015625	24.96380043029785	29.9501895904541	194.9337158203125	
319.3059387207031	26.47405433654785	30.1682071685791	191.00466918945312	
318.6021423339844	26.86383628845215	29.85721778869629	182.8385009765625	
315.03619384765625	27.479700088500977	29.125722885131836	184.33425903320312	
313.78167724609375	26.686691284179688	30.53548812866211	190.1426544189453	
313.2681579589844	27.78378677368164	30.289941787719727	190.94918823242188	
310.88104248046875	29.090373992919922	28.755889892578125	182.5098419189453	
311.185546875	34.99004364013672	28.815643310546875	170.49273681640625	
310.14532470703125	30.58621597290039	27.702987670898438	172.47117614746094	
309.56463623046875	30.343067169189453	25.161020278930664	166.1432342529297	
306.92474365234375	28.006006240844727	26.34097671508789	175.74070739746094	
306.61175537109375	28.992694854736328	25.67363929748535	166.05520629882812	
304.21087646484375	34.470333099365234	29.098949432373047	172.1689453125	
302.2540283203125	28.35447120666504	27.06122398376465	165.1375274658203	
301.71380615234375	31.098928451538086	26.95524024963379	160.07679748535156	
300.662353515625	26.510791778564453	27.641857147216797	163.46029663085938	
304.16192626953125	29.801956176757812	27.038082122802734	171.8217010498047	
307.90838623046875	27.591144561767578	26.99700355529785	168.56173706054688	
313.85198974609375	27.6066951751709	29.018550872802734	184.50535583496094	
324.21026611328125	27.685718536376953	28.666629791259766	180.93255615234375	
339.51287841796875	24.166494369506836	25.92047691345215	190.18336486816406	
345.18804931640625	20.449214935302734	26.874713897705078	188.89108276367188	
352.5588684082031	15.736572265625	27.2032470703125	198.49972534179688	
359.0025634765625	10.810819625854492	27.06768798828125	205.00357055664062	
363.71490478515625	9.781660079956055	27.692209243774414	203.9998016357422	
371.5421447753906	7.795541286468506	27.115665435791016	202.87063598632812	
378.25128173828125	6.352726936340332	28.45256996154785	206.078125	
385.37213134765625	4.487251281738281	30.063060760498047	211.9286346435547	
387.36444091796875	2.592327833175659	33.38103485107422	209.8251953125	
394.35552978515625	0.8312942385673523	36.24174118041992	226.5015106201172	
398.7622375488281	0.15071411430835724	36.86022186279297	222.095703125	
407.1924133300781	1.7926452159881592	36.28130340576172	229.6957550048828	
412.13275146484375	0.07642517238855362	34.91643524169922	227.22726440429688	
418.65521240234375	1.9644591808319092	33.428382873535156	224.03964233398438	
420.66253662109375	2.7883362770080566	35.377601623535156	219.9387664794922	
425.79461669921875	26.452228546142578	32.66663360595703	193.27772521972656	
421.47821044921875	4.4675612449646	39.000064849853516	219.5752410888672	
420.02947998046875	4.502392768859863	39.86729431152344	210.1019744873047	
432.0818786621094	15.810811996459961	35.01411819458008	203.41493225097656	
428.7146911621094	11.960662841796875	35.207489013671875	209.73965454101562	
422.6546325683594	4.298164367675781	37.757667541503906	217.2674560546875	
421.32501220703125	2.747013807296753	36.7897834777832	223.2861785888672	
420.14910888671875	0.652435302734375	36.86516189575195	229.15341186523438	
415.2154846191406	1.0925719738006592	35.269554138183594	224.878173828125	
407.91064453125	0.0	34.77702713012695	225.134033203125	
400.41131591796875	2.172041416168213	33.111080169677734	223.9118194580078	
396.58221435546875	3.524487257003784	31.572256088256836	222.67166137695312	
387.4898986816406	5.17901611328125	30.826416015625	214.71188354492188	
379.90350341796875	7.539178371429443	28.521862030029297	209.6717071533203	
373.2524108886719	5.9555511474609375	28.346935272216797	212.05026245117188	
364.74786376953125	7.016548156738281	28.40439796447754	212.8297576904297	
357.6789245605469	7.046200752258301	29.249282836914062	213.8536834716797	
351.74273681640625	8.772819519042969	28.825328826904297	207.5739288330078	
344.42523193359375	11.386860847473145	30.059017181396484	202.04739379882812	
340.19976806640625	12.108738899230957	30.564544677734375	202.7694549560547	
335.2786560058594	12.925578117370605	31.093791961669922	213.8461456298828	
325.472412109375	16.72432518005371	32.721519470214844	205.6962432861328	
317.7508239746094	15.752223014831543	34.681617736816406	196.3900909423828	
312.52581787109375	20.449932098388672	34.52511215209961	196.20767211914062	
309.96478271484375	19.466846466064453	33.020137786865234	188.5417022705078	
303.67034912109375	23.365711212158203	33.026485443115234	195.4067840576172	
301.7466735839844	23.600866317749023	31.658761978149414	181.46746826171875	
301.2113037109375	27.09134864807129	28.085887908935547	173.76576232910156	
294.5921936035156	30.7261962890625	32.78825759887695	171.90054321289062	
290.77301025390625	33.918914794921875	30.6633358001709	181.42483520507812	
292.7449645996094	33.13969802856445	28.93100357055664	152.6349639892578	
293.0830078125	28.959209442138672	28.096933364868164	150.31698608398438	
292.4106140136719	32.28718948364258	30.0109806060791	148.23715209960938	
291.68365478515625	17.130857467651367	24.92754364013672	150.1435089111328	
291.83587646484375	14.68824577331543	30.781848907470703	182.12606811523438	
290.65277099609375	32.6638069152832	32.38298034667969	157.3197784423828	
295.5306396484375	25.607690811157227	27.718835830688477	156.98861694335938	
298.3939208984375	27.2738037109375	31.122167587280273	169.4585723876953	
307.8525390625	26.142419815063477	31.652545928955078	184.2255096435547	
312.67327880859375	25.204355239868164	32.01653289794922	183.7064208984375	
321.60797119140625	22.591747283935547	31.40450096130371	188.39450073242188	
330.44427490234375	19.74046516418457	29.0441837310791	194.18063354492188	
342.73974609375	15.505334854125977	27.783472061157227	210.37661743164062	
343.8255615234375	12.40917682647705	28.879573822021484	203.26046752929688	
352.30780029296875	7.393515110015869	28.6252384185791	202.25863647460938	
363.1611328125	3.771893262863159	27.08413314819336	210.758056640625	
371.8922119140625	3.371478319168091	26.275440216064453	206.7613983154297	
378.5855407714844	4.58740234375	26.82192611694336	203.9585723876953	
386.55291748046875	5.888308525085449	30.503366470336914	212.62973022460938	
394.7127990722656	6.426403999328613	34.691253662109375	214.7445068359375	
401.12432861328125	15.28028678894043	32.31562805175781	193.8175811767578	
406.5641784667969	19.215444564819336	32.54425048828125	196.0382080078125	
416.15045166015625	24.83740997314453	31.933704376220703	188.6636962890625	
426.22003173828125	26.825428009033203	31.42416763305664	195.2953643798828	
431.60614013671875	27.985698699951172	30.927764892578125	196.484130859375	
434.72003173828125	27.908977508544922	31.433887481689453	187.52749633789062	
434.3709411621094	31.198223114013672	31.875244140625	188.59539794921875	
427.2931213378906	28.723196029663086	30.835302352905273	182.44241333007812	
433.63531494140625	27.781463623046875	30.808303833007812	182.2826690673828	
437.7665100097656	30.614788055419922	30.309616088867188	179.3321075439453	
444.07061767578125	27.385461807250977	30.97324562072754	183.25857543945312	
432.61669921875	29.870147705078125	30.39697265625	179.8489532470703	
436.359375	27.8137149810791	31.491323471069336	183.94241333007812	
431.37567138671875	27.415241241455078	30.87813949584961	179.1768341064453	
424.938232421875	16.44503402709961	32.85139846801758	203.87374877929688	
418.4366149902344	4.709739685058594	31.896892547607422	215.16110229492188	
412.7213439941406	5.347227573394775	31.4548282623291	218.350341796875	
406.05133056640625	2.095306396484375	30.286983489990234	215.6779022216797	
397.7248229980469	8.672345161437988	29.707122802734375	211.42373657226562	
390.93182373046875	10.649374008178711	25.92287254333496	210.0425262451172	
381.97540283203125	9.574974060058594	25.533245086669922	208.19595336914062	
373.9552307128906	10.894798278808594	24.764476776123047	209.44320678710938	
364.5419921875	9.659685134887695	25.6052188873291	204.48419189453125	
351.744384765625	9.468592643737793	28.80721664428711	212.3134307861328	
340.6093444824219	14.65075969696045	28.987600326538086	205.7978515625	
332.83477783203125	16.223386764526367	29.831676483154297	203.99893188476562	
322.974365234375	16.840089797973633	31.698740005493164	197.8530731201172	
314.01251220703125	22.198226928710938	33.987186431884766	206.9721221923828	
306.6440734863281	23.274702072143555	32.807193756103516	180.3294677734375	
295.41259765625	19.392223358154297	35.40877151489258	182.9541778564453	
290.63934326171875	23.388805389404297	33.3157844543457	167.34555053710938	
291.76727294921875	25.31638526916504	32.8598518371582	163.36041259765625	
293.27752685546875	16.2470760345459	26.794504165649414	161.02316284179688	
286.88909912109375	19.942520141601562	33.7023811340332	199.40597534179688	
289.1098937988281	28.346227645874023	33.10747146606445	158.02142333984375	
291.3277282714844	27.667211532592773	26.871227264404297	152.26400756835938	
288.05731201171875	25.693267822265625	29.67569923400879	158.3837432861328	
291.21710205078125	21.270017623901367	27.38669776916504	148.7332000732422	
288.7279357910156	19.52116584777832	30.175268173217773	155.9532928466797	
293.29644775390625	24.067249298095703	29.27866554260254	155.10020446777344	
291.92022705078125	29.146747589111328	32.013179779052734	158.369384765625	
300.5455017089844	28.145959854125977	31.79726219177246	174.16685485839844	
303.89019775390625	26.521398544311523	33.45564270019531	183.87844848632812	
318.9145202636719	25.252046585083008	31.82440185546875	183.16580200195312	
328.372314453125	26.08392333984375	28.31797218322754	185.10081481933594	
336.11376953125	25.806604385375977	24.7327938079834	188.02127075195312	
344.268310546875	20.059078216552734	25.588436126708984	194.79808044433594	
351.2056884765625	12.711759567260742	26.737911224365234	199.60813903808594	
357.7002868652344	5.810381889343262	26.812744140625	205.1668243408203	
368.2434997558594	6.425973415374756	26.246322631835938	207.01193237304688	
370.7975769042969	3.4383225440979004	26.95785140991211	205.6395721435547	
379.9581604003906	4.175611972808838	26.739673614501953	209.28805541992188	
386.27813720703125	5.828126430511475	27.373275756835938	211.4900360107422	
392.7965087890625	10.37439250946045	30.284465789794922	209.4743194580078	
399.906005859375	17.802532196044922	28.22994041442871	196.06057739257812	
409.17474365234375	25.145599365234375	30.251358032226562	188.9231719970703	
418.62762451171875	27.218307495117188	30.249897003173828	193.6746826171875	
428.77630615234375	32.044639587402344	28.406164169311523	193.21707153320312	
428.0675354003906	40.482460021972656	30.455657958984375	180.1961669921875	
427.99285888671875	38.99938201904297	30.302669525146484	179.29098510742188	
422.1914978027344	35.19793701171875	30.90708351135254	182.86709594726562	
421.8943786621094	34.48020553588867	31.92574119567871	188.89414978027344	
395.9866943359375	27.560592651367188	31.631277084350586	187.15191650390625	
294.4622497558594	29.64043617248535	33.38377380371094	166.74057006835938	
294.30401611328125	31.1894588470459	30.145492553710938	157.11734008789062	
293.35260009765625	25.42677879333496	27.753185272216797	149.62966918945312	
290.7056579589844	29.954992294311523	27.68667221069336	142.7973175048828	
292.42498779296875	30.648212432861328	25.513263702392578	140.05165100097656	
285.5155944824219	31.418537139892578	30.245037078857422	143.59945678710938	
291.34344482421875	31.709793090820312	27.471065521240234	147.60870361328125	
294.03277587890625	31.809534072875977	27.621456146240234	143.52041625976562	
298.56427001953125	29.018871307373047	27.7205867767334	153.46963500976562	
304.2021789550781	28.366592407226562	29.335956573486328	166.75930786132812	
317.7657470703125	26.858531951904297	30.96451759338379	183.20248413085938	
340.32037353515625	19.711233139038086	26.338573455810547	199.97946166992188	
347.3443603515625	12.18396282196045	28.40180015563965	197.46865844726562	
365.10723876953125	2.6945083141326904	26.02984046936035	206.02371215820312	
378.4014587402344	3.4564146995544434	25.492141723632812	212.82797241210938	
392.2445373535156	15.067296028137207	31.68359375	188.05361938476562	
406.15423583984375	25.451311111450195	29.663137435913086	185.72665405273438	
432.134033203125	31.67806625366211	28.97605323791504	201.17477416992188	
431.35357666015625	45.069923400878906	30.04048728942871	177.73963928222656	
432.1151428222656	45.1472053527832	29.13922119140625	172.40713500976562	
431.3421936035156	38.09459686279297	29.461978912353516	174.31678771972656	
428.38153076171875	41.3475227355957	29.8775634765625	176.77566528320312	
429.87939453125	39.293556213378906	30.854679107666016	182.55691528320312	
431.17657470703125	31.185983657836914	31.212020874023438	194.03378295898438	
421.3104553222656	28.486536026000977	28.883392333984375	193.48348999023438	
399.41650390625	24.965476989746094	26.82819175720215	191.4044952392578	
387.3174743652344	7.07363748550415	27.940027236938477	209.5047607421875	
373.8347473144531	8.412808418273926	25.40235710144043	200.82022094726562	
357.3058166503906	9.643948554992676	24.074390411376953	194.85122680664062	
336.7577209472656	24.741518020629883	23.367687225341797	186.29495239257812	
317.50518798828125	31.460330963134766	26.124120712280273	163.53749084472656	
299.748291015625	35.447853088378906	27.018707275390625	156.87551879882812	
290.45867919921875	36.85637664794922	24.52599334716797	125.94766998291016	
285.5332946777344	31.162063598632812	24.890125274658203	127.6639175415039	
291.0150451660156	32.680320739746094	23.311397552490234	122.7506332397461	
286.22283935546875	32.323585510253906	26.670024871826172	129.24066162109375	
296.022216796875	32.15125274658203	23.524761199951172	129.5273895263672	
305.0747985839844	31.759174346923828	23.49046516418457	142.58876037597656	
312.1956481933594	31.876384735107422	28.85013771057129	162.53590393066406	
