83.0	155.0	6.0	6.0	
83.20722961425781	155.74093627929688	6.033699989318848	6.033699989318848	
82.82588195800781	156.08334350585938	6.098752021789551	6.098752021789551	
82.95880889892578	155.00619506835938	6.142268180847168	6.142268180847168	
80.94856262207031	157.21246337890625	6.178769111633301	6.19081974029541	
80.84297180175781	158.0120086669922	6.5845794677734375	6.5845794677734375	
82.46299743652344	157.59585571289062	6.699284553527832	6.699284553527832	
81.0352783203125	156.8934783935547	6.617434501647949	6.630341529846191	
81.44974517822266	156.78543090820312	6.795693397521973	6.8089494705200195	
81.890869140625	156.72640991210938	6.955594539642334	6.969160556793213	
83.11094665527344	156.98095703125	7.0483245849609375	7.062071323394775	
84.2972640991211	157.02349853515625	7.118870735168457	7.132753849029541	
84.46208953857422	156.89559936523438	7.451332092285156	7.4658637046813965	
84.5718002319336	156.82559204101562	7.432791233062744	7.447286128997803	
84.89984893798828	156.99124145507812	7.592421054840088	7.607228755950928	
83.9766845703125	156.06387329101562	7.879759311676025	7.879759311676025	
83.52552795410156	156.8352813720703	7.66711950302124	7.66711950302124	
83.65860748291016	156.60964965820312	7.452946662902832	7.452946662902832	
86.40291595458984	156.8609619140625	7.169778347015381	7.183762550354004	
84.85862731933594	157.93389892578125	7.354331970214844	7.354331970214844	
83.45330810546875	158.85690307617188	7.3462982177734375	7.3462982177734375	
83.10123443603516	159.74293518066406	7.456663608551025	7.456663608551025	
87.63118743896484	155.31370544433594	7.6185407638549805	7.6185407638549805	
89.08354949951172	154.76939392089844	7.404528617858887	7.404528617858887	
89.30211639404297	154.82876586914062	7.418158531188965	7.418158531188965	
86.93498229980469	155.28150939941406	7.293683052062988	7.293683052062988	
87.8643798828125	154.5447998046875	7.399942874908447	7.399942874908447	
90.92938232421875	155.67660522460938	7.565213203430176	7.565213203430176	
90.47749328613281	151.39743041992188	7.542204856872559	7.542204856872559	
90.44962310791016	150.1269073486328	7.382440090179443	7.382440090179443	
92.21022033691406	152.1262664794922	7.474509239196777	7.474509239196777	
93.07832336425781	148.55874633789062	7.6723480224609375	7.6723480224609375	
89.10842895507812	152.6774139404297	8.002238273620605	8.002238273620605	
87.20748901367188	153.7491912841797	8.149981498718262	8.149981498718262	
87.73470306396484	153.53775024414062	7.916342258453369	7.916342258453369	
83.29468536376953	152.61590576171875	7.827523708343506	7.827523708343506	
77.97200012207031	152.3389434814453	8.033403396606445	8.033403396606445	
81.57450866699219	155.43824768066406	8.262351989746094	8.262351989746094	
93.16029357910156	155.1382598876953	8.287067413330078	8.287067413330078	
93.90705108642578	154.81997680664062	8.211015701293945	8.211015701293945	
92.21440887451172	156.3699951171875	8.003998756408691	8.003998756408691	
91.88679504394531	157.60983276367188	8.071771621704102	8.071771621704102	
95.94564056396484	159.00399780273438	8.403146743774414	8.403146743774414	
92.25837707519531	161.7586212158203	8.533671379089355	8.533671379089355	
97.35797119140625	158.9503173828125	8.363836288452148	8.363836288452148	
96.11598205566406	160.26663208007812	8.50071907043457	8.50071907043457	
98.18868255615234	164.25277709960938	8.498910903930664	8.498910903930664	
95.47679901123047	163.15542602539062	8.679447174072266	8.679447174072266	
99.09358215332031	166.08470153808594	8.531270980834961	8.531270980834961	
101.60306549072266	168.08152770996094	8.646258354187012	8.646258354187012	
104.05335998535156	166.74295043945312	8.567023277282715	8.567023277282715	
97.81950378417969	164.4033203125	9.014421463012695	9.014421463012695	
97.52433776855469	164.58595275878906	8.660711288452148	8.660711288452148	
100.13328552246094	167.63182067871094	8.59592056274414	8.59592056274414	
97.90318298339844	165.33551025390625	8.212945938110352	8.212945938110352	
91.77882385253906	165.26040649414062	8.171571731567383	8.171571731567383	
92.59651184082031	167.1636962890625	8.133962631225586	8.133962631225586	
91.95237731933594	165.1039581298828	8.420483589172363	8.420483589172363	
93.36676025390625	164.8265380859375	8.653979301452637	8.653979301452637	
89.25452423095703	171.0679931640625	8.704434394836426	8.704434394836426	
91.21551513671875	166.9117889404297	8.569571495056152	8.569571495056152	
90.44137573242188	166.84898376464844	8.548380851745605	8.548380851745605	
90.03073120117188	165.8689727783203	8.284329414367676	8.284329414367676	
89.3701400756836	166.1355743408203	8.314379692077637	8.314379692077637	
87.49311828613281	168.845703125	8.210466384887695	8.210466384887695	
85.3720932006836	170.33905029296875	8.257200241088867	8.257200241088867	
81.85834503173828	167.74502563476562	8.36109733581543	8.36109733581543	
81.40460205078125	164.25082397460938	8.465677261352539	8.465677261352539	
84.50567626953125	160.9023895263672	8.315531730651855	8.315531730651855	
81.80723571777344	163.54873657226562	8.337733268737793	8.337733268737793	
84.88676452636719	161.51292419433594	8.649754524230957	8.649754524230957	
82.30924987792969	161.70794677734375	8.665997505187988	8.665997505187988	
81.55948638916016	162.77908325195312	8.85290241241455	8.85290241241455	
83.0882568359375	162.1236572265625	8.957136154174805	8.957136154174805	
83.15202331542969	157.96768188476562	8.821439743041992	8.821439743041992	
87.56834411621094	151.46055603027344	8.743931770324707	8.743931770324707	
84.14715576171875	157.1603546142578	8.814239501953125	8.814239501953125	
79.93254089355469	153.4130401611328	8.901394844055176	8.901394844055176	
82.19577026367188	155.1256561279297	9.046640396118164	9.046640396118164	
89.17338562011719	152.50692749023438	9.021023750305176	9.021023750305176	
86.01667785644531	151.8113555908203	9.368410110473633	9.368410110473633	
86.46695709228516	152.91830444335938	9.3142671585083	9.3142671585083	
85.7601547241211	146.2041778564453	9.259800910949707	9.259800910949707	
84.61820220947266	149.71421813964844	9.521533012390137	9.521533012390137	
82.00105285644531	152.4055938720703	9.360448837280273	9.360448837280273	
77.30824279785156	149.7836151123047	9.460440635681152	9.460440635681152	
81.6070785522461	152.48355102539062	9.388814926147461	9.388814926147461	
87.09217071533203	152.0498046875	8.997535705566406	8.997535705566406	
85.25613403320312	154.4987030029297	8.910592079162598	8.910592079162598	
84.6292724609375	146.5062713623047	8.933267593383789	8.933267593383789	
84.30882263183594	144.19993591308594	8.655106544494629	8.655106544494629	
82.6522216796875	149.07955932617188	8.671380996704102	8.671380996704102	
81.3214111328125	143.2200469970703	8.424335479736328	8.424335479736328	
81.11323547363281	146.77378845214844	8.455492973327637	8.455492973327637	
82.34184265136719	145.4971160888672	8.778762817382812	8.778762817382812	
82.8732681274414	148.5941619873047	8.681333541870117	8.681333541870117	
83.35094451904297	156.568359375	9.097434997558594	9.097434997558594	
81.94558715820312	155.90249633789062	9.24934196472168	9.24934196472168	
83.7683334350586	156.28219604492188	9.576927185058594	9.576927185058594	
89.83839416503906	159.26522827148438	9.698099136352539	9.698099136352539	
92.40201568603516	157.03781127929688	9.883657455444336	9.883657455444336	
92.04415130615234	157.862060546875	9.926051139831543	9.926051139831543	
90.03960418701172	161.7341766357422	9.785795211791992	9.785795211791992	
90.86072540283203	162.98634338378906	9.86313533782959	9.86313533782959	
93.86467742919922	163.04165649414062	9.544612884521484	9.544612884521484	
104.3108139038086	161.11410522460938	9.5422945022583	9.5422945022583	
104.9351806640625	155.87078857421875	9.767792701721191	9.767792701721191	
105.7215805053711	163.25125122070312	10.025181770324707	10.025181770324707	
108.52415466308594	167.62637329101562	10.059491157531738	10.059491157531738	
108.7774658203125	168.52821350097656	10.000524520874023	10.000524520874023	
113.5413589477539	163.91629028320312	10.30129623413086	10.30129623413086	
115.27470397949219	164.4897003173828	10.344718933105469	10.344718933105469	
119.03983306884766	165.57241821289062	10.258785247802734	10.258785247802734	
117.50439453125	164.1025848388672	10.141888618469238	10.141888618469238	
122.29817199707031	162.86984252929688	10.399772644042969	10.399772644042969	
124.14864349365234	164.69786071777344	10.055177688598633	10.055177688598633	
119.41800689697266	165.38327026367188	9.734493255615234	9.734493255615234	
121.68272399902344	167.8086700439453	9.311552047729492	9.311552047729492	
116.06803131103516	170.94862365722656	9.134182929992676	9.134182929992676	
113.821533203125	173.42251586914062	9.381204605102539	9.381204605102539	
118.8349838256836	171.82138061523438	9.176135063171387	9.176135063171387	
121.7516860961914	167.69570922851562	9.067686080932617	9.067686080932617	
124.342041015625	162.70059204101562	8.895341873168945	8.895341873168945	
125.80210876464844	161.2042694091797	9.36422348022461	9.36422348022461	
130.66464233398438	164.8755340576172	9.290040969848633	9.290040969848633	
125.78328704833984	163.14785766601562	9.562541961669922	9.562541961669922	
125.10958099365234	166.1648406982422	9.524805068969727	9.524805068969727	
124.92547607421875	168.5211639404297	9.472675323486328	9.472675323486328	
119.7295913696289	170.8476104736328	9.470398902893066	9.470398902893066	
119.486328125	168.65167236328125	9.232063293457031	9.232063293457031	
118.05928802490234	165.40101623535156	8.78388786315918	8.78388786315918	
122.58055114746094	168.36927795410156	8.62380599975586	8.62380599975586	
121.20865631103516	167.56454467773438	9.00622844696045	9.00622844696045	
116.51301574707031	168.0198516845703	8.735727310180664	8.735727310180664	
111.44190979003906	169.4267120361328	9.005304336547852	9.005304336547852	
112.5531997680664	170.3493194580078	8.764787673950195	8.764787673950195	
111.99385070800781	173.9604949951172	8.638468742370605	8.638468742370605	
112.40910339355469	171.36033630371094	8.794442176818848	8.794442176818848	
111.96044921875	175.1074676513672	8.982495307922363	8.982495307922363	
113.24620056152344	178.198974609375	9.290005683898926	9.290005683898926	
111.88157653808594	178.35072326660156	8.993314743041992	8.993314743041992	
112.10163879394531	178.59646606445312	8.99360466003418	8.99360466003418	
111.02561950683594	181.36871337890625	8.915794372558594	8.915794372558594	
115.4564437866211	181.23770141601562	9.175336837768555	9.175336837768555	
115.13432312011719	180.3127899169922	9.002984046936035	9.002984046936035	
115.5224838256836	182.5654754638672	8.856806755065918	8.856806755065918	
109.18318939208984	177.7422637939453	8.925567626953125	8.925567626953125	
108.77392578125	177.02120971679688	8.963010787963867	8.963010787963867	
106.96490478515625	178.74038696289062	9.096426010131836	9.096426010131836	
104.28475189208984	181.89186096191406	9.0293550491333	9.0293550491333	
104.27278137207031	183.9706573486328	8.737144470214844	8.737144470214844	
103.76481628417969	176.20172119140625	8.563045501708984	8.563045501708984	
103.47216796875	176.00424194335938	8.455484390258789	8.455484390258789	
102.96722412109375	176.35137939453125	8.46640682220459	8.46640682220459	
102.97789001464844	177.89710998535156	9.031161308288574	9.031161308288574	
106.71112060546875	171.77955627441406	8.953265190124512	8.953265190124512	
108.65716552734375	168.90097045898438	9.246366500854492	9.246366500854492	
109.06925201416016	169.94984436035156	8.934930801391602	8.934930801391602	
111.1192626953125	165.15711975097656	8.852950096130371	8.852950096130371	
107.98197937011719	171.915283203125	8.708263397216797	8.708263397216797	
104.18087005615234	169.6529083251953	8.841116905212402	8.841116905212402	
102.7018051147461	171.3690643310547	8.774410247802734	8.774410247802734	
102.50252532958984	171.8786163330078	8.510685920715332	8.510685920715332	
101.68865966796875	169.55502319335938	8.63360595703125	8.63360595703125	
99.933837890625	167.8340301513672	8.49201774597168	8.49201774597168	
101.04975128173828	167.6525115966797	8.482728004455566	8.482728004455566	
99.91781616210938	174.2534942626953	8.479223251342773	8.479223251342773	
100.14434051513672	175.83518981933594	8.828230857849121	8.828230857849121	
101.57949829101562	180.74620056152344	8.611729621887207	8.611729621887207	
104.35505676269531	182.9042510986328	8.820235252380371	8.820235252380371	
99.32984924316406	184.37173461914062	8.689237594604492	8.689237594604492	
98.95775604248047	184.47288513183594	8.672967910766602	8.672967910766602	
103.18647766113281	185.75326538085938	8.715600967407227	8.715600967407227	
95.55305480957031	183.41590881347656	8.792757987976074	8.792757987976074	
99.62711334228516	182.22799682617188	8.83686637878418	8.83686637878418	
98.28016662597656	182.3211669921875	9.076741218566895	9.076741218566895	
93.29691314697266	181.3878936767578	9.219854354858398	9.219854354858398	
99.30657958984375	183.36251831054688	8.985221862792969	8.985221862792969	
99.92192077636719	187.7439727783203	8.609994888305664	8.609994888305664	
97.77289581298828	188.08306884765625	8.630292892456055	8.630292892456055	
98.22786712646484	189.66180419921875	8.634504318237305	8.634504318237305	
95.9366683959961	185.81362915039062	8.573659896850586	8.573659896850586	
92.65180969238281	184.94631958007812	8.74614429473877	8.74614429473877	
95.02579498291016	188.49769592285156	9.012674331665039	9.012674331665039	
99.69593811035156	186.66322326660156	9.005132675170898	9.005132675170898	
98.29544067382812	182.85545349121094	9.095995903015137	9.095995903015137	
95.25810241699219	181.79263305664062	9.04940414428711	9.04940414428711	
98.0003662109375	184.9453582763672	9.052526473999023	9.052526473999023	
95.18342590332031	181.64315795898438	8.969415664672852	8.969415664672852	
97.63246154785156	179.91275024414062	9.053442001342773	9.053442001342773	
96.83045959472656	181.0575408935547	9.0752534866333	9.0752534866333	
91.97921752929688	181.39730834960938	8.966706275939941	8.966706275939941	
84.5823974609375	176.25424194335938	9.271896362304688	9.271896362304688	
86.8156967163086	177.1177520751953	9.05576229095459	9.05576229095459	
86.67058563232422	176.02064514160156	9.209569931030273	9.209569931030273	
85.02327728271484	178.37979125976562	9.409875869750977	9.409875869750977	
80.38465881347656	175.67529296875	9.656567573547363	9.656567573547363	
79.9081802368164	177.3524627685547	9.916959762573242	9.916959762573242	
84.71534729003906	178.00576782226562	9.994682312011719	9.994682312011719	
86.14659118652344	182.048828125	10.09278392791748	10.09278392791748	
89.10186767578125	184.69338989257812	10.050193786621094	10.050193786621094	
85.21256256103516	188.81834411621094	9.724846839904785	9.724846839904785	
78.11184692382812	192.61239624023438	9.776226997375488	9.776226997375488	
76.02628326416016	195.18435668945312	9.777815818786621	9.777815818786621	
74.84765625	194.9084930419922	9.981752395629883	9.981752395629883	
71.81194305419922	198.90890502929688	10.110321044921875	10.110321044921875	
71.40708923339844	198.9401092529297	10.399545669555664	10.399545669555664	
70.86431121826172	198.5618438720703	10.595452308654785	10.595452308654785	
74.31031799316406	201.89048767089844	10.525252342224121	10.525252342224121	
68.47681427001953	200.53707885742188	10.770090103149414	10.770090103149414	
68.09940338134766	203.9539794921875	10.718057632446289	10.718057632446289	
62.96406173706055	206.27490234375	11.238483428955078	11.238483428955078	
63.4394645690918	211.6381378173828	11.579532623291016	11.579532623291016	
61.60701370239258	213.6736602783203	11.62212085723877	11.62212085723877	
62.66355514526367	218.32247924804688	11.34030818939209	11.34030818939209	
62.061073303222656	222.1650390625	10.865522384643555	10.865522384643555	
65.58622741699219	226.69381713867188	10.716337203979492	10.716337203979492	
61.2298469543457	230.49014282226562	10.902127265930176	10.902127265930176	
65.57933044433594	243.65689086914062	11.38380241394043	11.38380241394043	
64.13013458251953	243.7505340576172	11.316335678100586	11.316335678100586	
66.90626525878906	243.69058227539062	11.36235237121582	11.36235237121582	
66.74334716796875	243.4686737060547	11.527603149414062	11.527603149414062	
65.8811264038086	243.2606658935547	12.074767112731934	12.074767112731934	
70.23995208740234	236.92886352539062	11.932004928588867	11.932004928588867	
65.51437377929688	242.4482879638672	12.440413475036621	12.440413475036621	
58.87468719482422	243.1780548095703	11.977216720581055	11.977216720581055	
58.071815490722656	242.81820678710938	12.213308334350586	12.213308334350586	
60.0544548034668	237.0947265625	12.654622077941895	12.654622077941895	
57.380104064941406	242.2294921875	12.89655876159668	12.89655876159668	
54.84210968017578	242.0289764404297	13.018716812133789	13.018716812133789	
61.854454040527344	242.3162384033203	12.749902725219727	12.749902725219727	
59.55491256713867	242.0328369140625	12.95536994934082	12.95536994934082	
64.26484680175781	241.53506469726562	13.596389770507812	13.596389770507812	
64.41490936279297	241.8448486328125	13.252988815307617	13.252988815307617	
64.4016342163086	241.8391571044922	13.080101013183594	13.080101013183594	
57.069313049316406	236.05862426757812	13.542917251586914	13.542917251586914	
53.916160583496094	241.18130493164062	13.749551773071289	13.749551773071289	
51.03522491455078	240.5330810546875	14.048736572265625	14.048736572265625	
53.20952606201172	240.6842041015625	14.446771621704102	14.446771621704102	
52.84941864013672	240.40176391601562	14.588006973266602	14.588006973266602	
56.26923751831055	238.6403350830078	14.92212200164795	14.92212200164795	
56.96039962768555	239.62112426757812	15.159257888793945	15.159257888793945	
56.63129806518555	239.45748901367188	15.481271743774414	15.481271743774414	
58.75775909423828	239.5886688232422	15.529596328735352	15.529596328735352	
54.412376403808594	239.21365356445312	15.751751899719238	15.751751899719238	
61.163658142089844	239.2149200439453	15.806665420532227	15.806665420532227	
76.55902099609375	238.7355194091797	16.246295928955078	16.246295928955078	
79.97188568115234	238.74020385742188	16.398052215576172	16.398052215576172	
81.00181579589844	238.45358276367188	16.465076446533203	16.465076446533203	
79.59138488769531	238.6219024658203	16.419780731201172	16.419780731201172	
77.11197662353516	234.2456817626953	17.00132179260254	17.00132179260254	
77.96251678466797	234.92349243164062	17.515472412109375	17.515472412109375	
65.2538070678711	234.9226531982422	17.95675277709961	17.95675277709961	
64.17745971679688	235.71633911132812	18.067630767822266	18.067630767822266	
74.32169342041016	236.17459106445312	18.006351470947266	18.006351470947266	
68.68974304199219	236.6858367919922	18.30704116821289	18.30704116821289	
67.47687530517578	236.90274047851562	18.24747657775879	18.24747657775879	
64.82451629638672	236.85995483398438	18.315675735473633	18.315675735473633	
60.32720947265625	236.702392578125	18.44961166381836	18.44961166381836	
55.547142028808594	235.8396759033203	18.732494354248047	18.732494354248047	
61.07172393798828	236.21011352539062	18.80047607421875	18.80047607421875	
54.70177459716797	235.98397827148438	19.171619415283203	19.171619415283203	
62.5869140625	235.94113159179688	19.077070236206055	19.077070236206055	
54.72553634643555	235.52059936523438	19.463565826416016	19.463565826416016	
57.482635498046875	236.53042602539062	18.455951690673828	18.455951690673828	
57.92222213745117	236.073974609375	18.335187911987305	18.335187911987305	
62.99321746826172	236.24459838867188	18.85972023010254	18.85972023010254	
74.04261779785156	236.42916870117188	18.59210777282715	18.59210777282715	
71.02790069580078	236.55911254882812	18.417089462280273	18.417089462280273	
78.4376220703125	236.18801879882812	18.45440673828125	18.45440673828125	
87.8073501586914	237.1425323486328	17.89884376525879	17.89884376525879	
79.87602233886719	237.6221160888672	17.30393409729004	17.30393409729004	
86.50459289550781	237.17965698242188	17.821914672851562	17.821914672851562	
85.06623840332031	236.11160278320312	18.385974884033203	18.385974884033203	
77.42933654785156	236.624267578125	18.549198150634766	18.549198150634766	
88.65620422363281	236.2901611328125	18.562061309814453	18.562061309814453	
86.71923828125	236.39028930664062	18.59574317932129	18.59574317932129	
87.39936828613281	236.5199737548828	18.26116943359375	18.26116943359375	
89.80147552490234	237.22232055664062	17.746910095214844	17.746910095214844	
78.5798110961914	236.34228515625	17.63601303100586	17.63601303100586	
79.55567932128906	236.7509307861328	18.240703582763672	18.240703582763672	
79.07585906982422	236.66018676757812	18.330978393554688	18.330978393554688	
83.05445861816406	236.31918334960938	18.361011505126953	18.361011505126953	
84.85768127441406	236.46902465820312	18.608505249023438	18.608505249023438	
84.40406036376953	236.51882934570312	18.322696685791016	18.322696685791016	
84.49771118164062	230.20889282226562	19.370685577392578	19.370685577392578	
87.56732177734375	234.9289093017578	19.6396484375	19.6396484375	
90.54827880859375	234.6947479248047	20.403759002685547	20.403759002685547	
90.62620544433594	235.3204345703125	19.666683197021484	19.666683197021484	
96.87342834472656	234.8719940185547	20.175668716430664	20.175668716430664	
86.5066146850586	232.7939453125	20.220104217529297	20.220104217529297	
87.93180847167969	234.8172607421875	20.18146514892578	20.18146514892578	
90.95760345458984	235.15438842773438	19.856277465820312	19.856277465820312	
93.92144775390625	235.66702270507812	18.951583862304688	18.951583862304688	
93.80747985839844	235.2613067626953	19.63176727294922	19.63176727294922	
92.06770324707031	231.6392822265625	20.18136978149414	20.18136978149414	
85.72840881347656	234.3241424560547	20.721433639526367	20.721433639526367	
89.41981506347656	234.4282684326172	20.580965042114258	20.580965042114258	
86.58797454833984	234.80526733398438	20.136592864990234	20.136592864990234	
80.89183807373047	234.6380615234375	19.786006927490234	19.786006927490234	
82.91484069824219	235.39010620117188	19.61465835571289	19.61465835571289	
82.72825622558594	234.9632110595703	20.0047550201416	20.0047550201416	
77.07324981689453	232.5040283203125	20.830049514770508	20.830049514770508	
88.73764038085938	234.17495727539062	20.831470489501953	20.831470489501953	
87.64713287353516	234.26962280273438	20.571691513061523	20.571691513061523	
90.90325927734375	234.37857055664062	20.588214874267578	20.588214874267578	
93.11888122558594	233.93798828125	21.003997802734375	21.003997802734375	
92.4333267211914	233.037109375	21.23202133178711	21.23202133178711	
86.06664276123047	233.9237060546875	20.93175506591797	20.93175506591797	
73.29933166503906	234.47286987304688	21.173946380615234	21.173946380615234	
78.1801528930664	233.64285278320312	20.671142578125	20.671142578125	
72.00653076171875	233.6307830810547	20.994531631469727	20.994531631469727	
78.95318603515625	234.46817016601562	20.537673950195312	20.537673950195312	
81.60074615478516	233.46084594726562	21.45534896850586	21.45534896850586	
70.14433288574219	234.07369995117188	20.96767234802246	20.96767234802246	
65.11616516113281	221.4992218017578	21.748687744140625	21.748687744140625	
59.741111755371094	233.0864715576172	22.136667251586914	22.136667251586914	
57.74983596801758	232.1853790283203	22.863807678222656	22.863807678222656	
61.32789993286133	226.8739776611328	22.060047149658203	22.060047149658203	
56.12648391723633	232.94180297851562	22.06631088256836	22.06631088256836	
44.25886917114258	233.71774291992188	21.404964447021484	21.404964447021484	
29.69741439819336	209.48196411132812	22.144432067871094	22.144432067871094	
31.50771713256836	231.4275360107422	22.792362213134766	22.792362213134766	
25.752227783203125	231.80099487304688	23.11170768737793	23.11170768737793	
7.508339881896973	238.4167022705078	23.5489559173584	23.5489559173584	
-10.993657112121582	244.1342315673828	23.423351287841797	23.423351287841797	
-11.273321151733398	244.1348419189453	23.7303524017334	23.7303524017334	
-11.397478103637695	243.8051300048828	24.389753341674805	24.389753341674805	
-11.382373809814453	243.54855346679688	24.663644790649414	24.663644790649414	
-11.842735290527344	243.59451293945312	24.33338165283203	24.33338165283203	
-11.92841911315918	243.6014404296875	24.509424209594727	24.509424209594727	
-11.141317367553711	244.0771942138672	23.845577239990234	23.845577239990234	
-11.63196086883545	243.5184326171875	24.7072696685791	24.7072696685791	
-11.332109451293945	243.83609008789062	24.235843658447266	24.235843658447266	
-11.87342643737793	243.79345703125	24.028934478759766	24.028934478759766	
-11.640315055847168	243.66616821289062	24.293672561645508	24.293672561645508	
-11.204352378845215	244.09304809570312	23.71145248413086	23.71145248413086	
-11.330710411071777	243.2899627685547	24.16407012939453	24.16407012939453	
-11.347837448120117	243.8231658935547	24.353641510009766	24.353641510009766	
-11.553457260131836	243.572998046875	24.854034423828125	24.854034423828125	
-12.212535858154297	242.6873779296875	25.689462661743164	25.689462661743164	
-12.242919921875	243.2575225830078	24.77313995361328	24.77313995361328	
-12.007732391357422	243.1508331298828	25.531780242919922	25.531780242919922	
-11.615518569946289	243.15316772460938	25.495872497558594	25.495872497558594	
-12.096717834472656	242.9303741455078	25.85562515258789	25.85562515258789	
-11.954170227050781	243.1872100830078	25.461837768554688	25.461837768554688	
-11.65926742553711	243.22488403320312	25.550256729125977	25.550256729125977	
-12.264631271362305	242.3665313720703	25.724239349365234	25.724239349365234	
-12.039693832397461	242.55899047851562	25.882549285888672	25.882549285888672	
-11.428953170776367	243.41580200195312	24.807910919189453	24.807910919189453	
-11.469327926635742	243.18783569335938	25.03011131286621	25.03011131286621	
-12.252239227294922	242.91146850585938	25.456104278564453	25.456104278564453	
-12.216649055480957	242.9534912109375	25.85787582397461	25.85787582397461	
-12.198107719421387	242.3324432373047	27.066064834594727	27.066064834594727	
-12.830490112304688	242.0037078857422	27.331707000732422	27.331707000732422	
-12.165121078491211	242.75546264648438	26.48904800415039	26.48904800415039	
-12.346508026123047	242.6933135986328	26.431686401367188	26.431686401367188	
-11.791658401489258	242.8553466796875	25.974695205688477	25.974695205688477	
-12.268162727355957	241.8982696533203	26.725412368774414	26.725412368774414	
-13.37743854522705	241.46044921875	27.420848846435547	27.420848846435547	
-12.779744148254395	242.3092803955078	27.381418228149414	27.381418228149414	
-12.889933586120605	242.0595703125	27.7111759185791	27.7111759185791	
-12.294914245605469	242.6044921875	26.791004180908203	26.791004180908203	
-13.471353530883789	241.9561309814453	27.602285385131836	27.602285385131836	
-13.03869915008545	241.59866333007812	28.085098266601562	28.085098266601562	
-12.941644668579102	241.54263305664062	28.914743423461914	28.914743423461914	
-13.304036140441895	241.43832397460938	29.123363494873047	29.123363494873047	
-12.984519958496094	241.3812255859375	28.500125885009766	28.500125885009766	
-13.063699722290039	241.43637084960938	28.176340103149414	28.176340103149414	
-14.224380493164062	241.3268585205078	29.273263931274414	29.273263931274414	
-15.48808479309082	240.2414093017578	31.517166137695312	31.517166137695312	
-14.03258228302002	239.99203491210938	31.8907470703125	31.8907470703125	
-14.704379081726074	239.7939453125	32.41208267211914	32.41208267211914	
-12.605095863342285	233.0155029296875	33.0203857421875	33.0203857421875	
-5.2089715003967285	224.6156005859375	33.05883026123047	33.05883026123047	
21.733509063720703	196.3358154296875	32.7978630065918	32.7978630065918	
18.615352630615234	209.16586303710938	32.79949188232422	32.79949188232422	
-15.440231323242188	238.97314453125	32.9561653137207	32.9561653137207	
-15.066995620727539	239.4102783203125	33.17947769165039	33.17947769165039	
-16.154918670654297	238.71017456054688	33.63092803955078	33.63092803955078	
-16.114248275756836	238.88540649414062	34.08209228515625	34.08209228515625	
-15.179441452026367	239.43136596679688	33.137245178222656	33.137245178222656	
-14.733983993530273	239.23373413085938	33.53253173828125	33.53253173828125	
-14.960592269897461	239.5392608642578	32.92150115966797	32.92150115966797	
-16.011198043823242	239.0825958251953	32.85158157348633	32.85158157348633	
-16.17078399658203	239.3546905517578	32.43160629272461	32.43160629272461	
-15.33166217803955	239.9674835205078	31.86343765258789	31.86343765258789	
-15.292192459106445	239.25155639648438	33.1207160949707	33.1207160949707	
-15.479413986206055	239.2994384765625	33.14142608642578	33.14142608642578	
-15.497068405151367	239.0547332763672	33.890533447265625	33.890533447265625	
-15.139213562011719	239.3426513671875	33.105873107910156	33.105873107910156	
-15.611579895019531	239.2686767578125	32.868553161621094	32.868553161621094	
-15.813817977905273	239.0386199951172	33.65217208862305	33.65217208862305	
-15.30169677734375	239.2245635986328	33.07411193847656	33.07411193847656	
-15.265889167785645	239.0673065185547	33.079673767089844	33.079673767089844	
-15.970672607421875	238.69937133789062	33.50507736206055	33.50507736206055	
-16.11286735534668	238.5660858154297	33.68050003051758	33.68050003051758	
-15.550201416015625	239.0382537841797	33.61636734008789	33.61636734008789	
-15.872143745422363	239.13687133789062	33.2635612487793	33.2635612487793	
-15.287768363952637	239.371826171875	33.256309509277344	33.256309509277344	
-15.476366996765137	239.54592895507812	32.705413818359375	32.705413818359375	
-14.6904296875	239.8177947998047	31.93271255493164	31.93271255493164	
-15.198333740234375	239.1316680908203	32.954383850097656	32.954383850097656	
-14.685976028442383	239.5863800048828	32.669029235839844	32.669029235839844	
-16.313758850097656	239.2586212158203	33.19623565673828	33.19623565673828	
-15.291295051574707	239.2191619873047	33.40226745605469	33.40226745605469	
-15.685800552368164	238.345458984375	34.09728240966797	34.09728240966797	
-14.972393989562988	239.3513641357422	33.297271728515625	33.297271728515625	
-15.016863822937012	239.677978515625	32.52923583984375	32.52923583984375	
-14.886309623718262	239.9823455810547	32.035308837890625	32.035308837890625	
-15.048383712768555	239.0683135986328	33.194679260253906	33.194679260253906	
-15.113789558410645	239.0197296142578	32.419471740722656	32.419471740722656	
-14.790186882019043	238.43826293945312	32.878318786621094	32.878318786621094	
-14.870779037475586	239.6123046875	32.77538299560547	32.77538299560547	
-15.126489639282227	239.46908569335938	33.06182098388672	33.06182098388672	
-14.959007263183594	239.7237548828125	32.55249786376953	32.55249786376953	
-15.102251052856445	239.1024932861328	33.795021057128906	33.795021057128906	
-15.729609489440918	239.0084228515625	33.98318099975586	33.98318099975586	
-15.72620677947998	238.19271850585938	34.585418701171875	34.585418701171875	
-16.73106575012207	238.8028564453125	34.374141693115234	34.374141693115234	
-15.439732551574707	238.4068603515625	34.14422607421875	34.14422607421875	
-14.838177680969238	239.1220703125	33.40920639038086	33.40920639038086	
-16.018125534057617	238.6943817138672	33.8740234375	33.8740234375	
-16.011669158935547	238.823974609375	34.10942459106445	34.10942459106445	
-15.055841445922852	238.83743286132812	33.17192459106445	33.17192459106445	
-15.181904792785645	239.3819580078125	33.23609161376953	33.23609161376953	
-15.9320650100708	238.91482543945312	34.170387268066406	34.170387268066406	
-15.400921821594238	238.9511260986328	34.09773635864258	34.09773635864258	
-16.880535125732422	238.6403350830078	34.43735122680664	34.43735122680664	
-15.94287395477295	239.0076141357422	33.7009162902832	33.7009162902832	
-15.98559284210205	238.92715454101562	33.65156173706055	33.65156173706055	
-15.932319641113281	238.8833770751953	33.65140151977539	33.65140151977539	
-15.519432067871094	239.0685577392578	33.86288070678711	33.86288070678711	
-15.924909591674805	238.6931915283203	34.613609313964844	34.613609313964844	
-15.462835311889648	239.07034301757812	33.66621398925781	33.66621398925781	
-16.0086669921875	238.25039672851562	34.411399841308594	34.411399841308594	
-16.35321617126465	238.6766815185547	33.99808120727539	33.99808120727539	
-15.165596008300781	239.26229858398438	33.47538375854492	33.47538375854492	
-15.631793022155762	239.03018188476562	33.939666748046875	33.939666748046875	
-16.077322006225586	238.809326171875	34.087486267089844	34.087486267089844	
-15.511171340942383	239.0048065185547	33.99040603637695	33.99040603637695	
-16.21097183227539	238.7496337890625	34.34484100341797	34.34484100341797	
-16.342702865600586	238.3376922607422	35.32460403442383	35.32460403442383	
-16.812618255615234	237.7556610107422	36.30341339111328	36.30341339111328	
-17.38400650024414	237.6321258544922	36.49399948120117	36.49399948120117	
-17.539470672607422	237.5213623046875	36.42742156982422	36.42742156982422	
-17.293933868408203	237.4227752685547	36.9444694519043	36.9444694519043	
-16.67009925842285	237.80429077148438	36.39141082763672	36.39141082763672	
-17.39717674255371	236.988037109375	36.84495544433594	36.84495544433594	
-16.881067276000977	237.6610565185547	36.677894592285156	36.677894592285156	
-16.7816219329834	236.50601196289062	36.64789581298828	36.64789581298828	
2.3036937713623047	208.72891235351562	37.4338264465332	37.4338264465332	
-17.766916275024414	237.95840454101562	36.08320999145508	36.08320999145508	
-16.827232360839844	237.8778076171875	35.483333587646484	35.483333587646484	
-15.839014053344727	238.63766479492188	34.42073059082031	34.42073059082031	
-15.740716934204102	238.8581085205078	34.28380584716797	34.28380584716797	
-5.8285698890686035	231.6136016845703	33.31521224975586	33.31521224975586	
-15.607610702514648	239.56137084960938	32.87725067138672	32.87725067138672	
-15.83685302734375	238.67471313476562	33.716773986816406	33.716773986816406	
-15.937095642089844	239.09231567382812	33.26819610595703	33.26819610595703	
-14.851774215698242	239.3397674560547	33.320472717285156	33.320472717285156	
-15.105339050292969	239.2480926513672	33.50383758544922	33.50383758544922	
-15.065567016601562	239.291015625	33.417938232421875	33.417938232421875	
-15.832852363586426	239.5005645751953	32.875389099121094	32.875389099121094	
-15.546667098999023	239.44345092773438	32.09727096557617	32.09727096557617	
-14.91374683380127	239.85317993164062	31.752147674560547	31.752147674560547	
-14.780679702758789	239.5614013671875	31.615182876586914	31.615182876586914	
-14.320428848266602	240.413818359375	31.172378540039062	31.172378540039062	
-15.103509902954102	240.4036865234375	30.693401336669922	30.693401336669922	
-14.757669448852539	240.19857788085938	31.60284423828125	31.60284423828125	
-14.439689636230469	240.20602416992188	31.49082374572754	31.49082374572754	
-14.554208755493164	239.7578582763672	32.06683349609375	32.06683349609375	
-15.134587287902832	239.8397979736328	31.892141342163086	31.892141342163086	
-14.996418952941895	239.48800659179688	32.316654205322266	32.316654205322266	
-15.656664848327637	239.3970489501953	33.205928802490234	33.205928802490234	
-14.903142929077148	239.4923095703125	33.015342712402344	33.015342712402344	
-15.371831893920898	239.6095428466797	32.47455596923828	32.47455596923828	
-14.927014350891113	239.04794311523438	32.87238311767578	32.87238311767578	
-16.571826934814453	238.8592987060547	33.86513137817383	33.86513137817383	
20.348981857299805	200.447509765625	33.77424621582031	33.77424621582031	
-16.26647186279297	239.2676544189453	33.464698791503906	33.464698791503906	
-15.408967971801758	239.30117797851562	33.39763259887695	33.39763259887695	
-15.656648635864258	239.08016967773438	33.5365104675293	33.5365104675293	
11.85032844543457	204.4004669189453	33.35520935058594	33.35520935058594	
43.6571044921875	186.6456756591797	34.580955505371094	34.580955505371094	
55.92919158935547	161.18515014648438	35.555030822753906	35.555030822753906	
74.63551330566406	156.20681762695312	36.06919479370117	36.06919479370117	
90.1637954711914	157.1175079345703	35.4685173034668	35.4685173034668	
106.66253662109375	147.40200805664062	33.94099807739258	34.00715255737305	
99.2208023071289	147.7239532470703	34.13322067260742	34.19976043701172	
100.10968017578125	146.03456115722656	34.665008544921875	34.732582092285156	
99.20506286621094	146.7475128173828	35.11616516113281	35.11616516113281	
101.79750061035156	145.531494140625	35.60325622558594	35.67266082763672	
103.61494445800781	138.13558959960938	38.38934326171875	38.38934326171875	
109.56571197509766	132.23348999023438	39.4705810546875	39.4705810546875	
88.04862213134766	134.4127655029297	38.87517547607422	38.87517547607422	
93.86631774902344	129.6629638671875	38.7256965637207	38.7256965637207	
93.20947265625	148.36972045898438	39.31511688232422	39.31511688232422	
93.65240478515625	155.62960815429688	40.127288818359375	40.127288818359375	
86.18878173828125	161.7980194091797	39.785247802734375	39.785247802734375	
99.797607421875	147.59371948242188	39.66912841796875	39.66912841796875	
97.49246215820312	146.13339233398438	39.60847854614258	39.60847854614258	
112.07981872558594	144.1602325439453	39.972190856933594	39.972190856933594	
138.4898223876953	143.77813720703125	38.26480484008789	38.26480484008789	
137.16163635253906	130.7001953125	38.55510330200195	38.55510330200195	
113.71064758300781	117.85396575927734	38.194854736328125	38.194854736328125	
83.44384765625	103.1895751953125	37.40611267089844	37.40611267089844	
62.58262252807617	118.8682861328125	38.221519470214844	38.221519470214844	
47.954002380371094	101.4839859008789	38.499534606933594	38.499534606933594	
48.25458908081055	102.32421875	39.0349235534668	39.0349235534668	
80.23247528076172	111.50494384765625	38.71692657470703	38.71692657470703	
89.5990219116211	123.89082336425781	39.47908401489258	39.47908401489258	
104.00419616699219	127.4131851196289	38.5408935546875	38.5408935546875	
86.18603515625	145.88534545898438	37.32562255859375	37.39838409423828	
80.77323913574219	152.3116455078125	38.56409454345703	38.56409454345703	
83.43827056884766	156.87744140625	37.75141906738281	37.75141906738281	
83.33081817626953	156.49301147460938	38.941856384277344	38.941856384277344	
76.744384765625	144.63003540039062	37.63734817504883	37.71070861816406	
68.00598907470703	137.97683715820312	38.223548889160156	38.223548889160156	
70.75857543945312	146.98355102539062	36.225059509277344	36.2956657409668	
69.47789764404297	145.10543823242188	36.34840393066406	36.41926574707031	
68.30540466308594	144.32679748535156	36.431583404541016	36.502593994140625	
76.77684020996094	151.314697265625	38.14426040649414	38.14426040649414	
65.34244537353516	146.23648071289062	36.4368896484375	36.50790786743164	
55.36830520629883	142.57911682128906	37.40818786621094	37.40818786621094	
61.51381301879883	144.28762817382812	35.68434143066406	35.75389862060547	
60.90189743041992	137.8645782470703	37.72400665283203	37.72400665283203	
58.384544372558594	144.8939666748047	35.89008712768555	35.96002960205078	
53.245445251464844	139.4791717529297	35.77044677734375	35.77044677734375	
56.2809944152832	146.61123657226562	34.51972961425781	34.587005615234375	
52.361427307128906	145.57778930664062	35.91840744018555	35.9884147644043	
51.721519470214844	145.24769592285156	36.120277404785156	36.19068145751953	
47.22500228881836	143.31690979003906	37.424190521240234	37.49713897705078	
45.482364654541016	143.52598571777344	37.401878356933594	37.47478485107422	
45.953460693359375	145.3999786376953	35.99358367919922	36.063743591308594	
44.97962188720703	145.43603515625	34.94879150390625	35.01689910888672	
40.48729705810547	137.47695922851562	37.077293395996094	37.077293395996094	
30.748111724853516	136.3147430419922	37.35216522216797	37.35216522216797	
23.559165954589844	137.14674377441406	37.072547912597656	37.072547912597656	
33.062042236328125	144.49945068359375	35.947166442871094	36.01722717285156	
34.702430725097656	135.52049255371094	37.63079071044922	37.63079071044922	
41.63008499145508	128.5959930419922	36.99224090576172	36.99224090576172	
39.35498809814453	128.86050415039062	36.25132369995117	36.25132369995117	
43.84294128417969	135.66639709472656	35.52750778198242	35.52750778198242	
27.31039810180664	144.72848510742188	35.451271057128906	35.52037811279297	
24.45963478088379	146.46908569335938	34.266326904296875	34.33312225341797	
23.171443939208984	142.9023895263672	35.30414962768555	35.30414962768555	
27.68975257873535	140.6750946044922	35.32631301879883	35.32631301879883	
19.081966400146484	144.18075561523438	35.318538665771484	35.318538665771484	
15.265055656433105	143.06253051757812	34.80805206298828	34.80805206298828	
20.30588722229004	145.3239288330078	35.436073303222656	35.436073303222656	
32.637996673583984	131.78091430664062	35.68412780761719	35.68412780761719	
32.0086555480957	136.36306762695312	35.50493621826172	35.50493621826172	
30.356897354125977	150.46640014648438	35.93064880371094	35.93064880371094	
16.40204429626465	140.23861694335938	36.26864242553711	36.26864242553711	
14.339559555053711	149.65628051757812	35.03414535522461	35.102447509765625	
15.524432182312012	145.8838653564453	34.11186599731445	34.1783561706543	
14.672099113464355	146.07583618164062	34.082550048828125	34.14899444580078	
14.98187255859375	145.1266632080078	35.31231689453125	35.38115692138672	
11.052387237548828	140.60682678222656	38.18821334838867	38.18821334838867	
16.258895874023438	140.6900634765625	38.10447692871094	38.10447692871094	
19.14322853088379	132.76954650878906	38.87507629394531	38.87507629394531	
24.83792495727539	128.12562561035156	38.92145538330078	38.92145538330078	
19.542797088623047	119.92315673828125	39.44224166870117	39.44224166870117	
21.38089370727539	134.37310791015625	39.91054153442383	39.91054153442383	
34.01549530029297	138.84121704101562	39.254913330078125	39.254913330078125	
40.51247024536133	154.01214599609375	39.48183059692383	39.48183059692383	
45.36464309692383	143.72573852539062	39.65797805786133	39.65797805786133	
37.16547775268555	158.0418243408203	39.43036651611328	39.43036651611328	
33.05683517456055	157.09317016601562	38.15914535522461	38.15914535522461	
14.9100923538208	146.067138671875	36.57969665527344	36.650997161865234	
10.848576545715332	142.9914093017578	38.5115966796875	38.5115966796875	
14.478780746459961	136.277099609375	38.55756378173828	38.55756378173828	
6.8752241134643555	139.78506469726562	36.965599060058594	36.965599060058594	
13.065622329711914	131.49560546875	37.571014404296875	37.571014404296875	
17.020442962646484	133.2875213623047	38.14326477050781	38.14326477050781	
28.767223358154297	135.3408966064453	38.05963897705078	38.05963897705078	
31.845333099365234	137.97500610351562	37.839927673339844	37.839927673339844	
28.532299041748047	126.19283294677734	38.97922134399414	38.97922134399414	
33.035438537597656	110.26334381103516	38.44200897216797	38.44200897216797	
25.615070343017578	135.49130249023438	38.68863296508789	38.68863296508789	
