150.0	112.0	20.0	11.0	
148.83636474609375	111.64811706542969	19.70546531677246	10.643080711364746	
147.9920654296875	111.62065124511719	19.441648483276367	10.578052520751953	
146.92787170410156	111.8653564453125	19.523883819580078	10.853057861328125	
144.28579711914062	111.68280029296875	21.47943878173828	11.227182388305664	
142.51414489746094	111.35621643066406	22.264171600341797	11.321247100830078	
141.19662475585938	112.03887939453125	21.511058807373047	11.831083297729492	
139.56619262695312	111.83451080322266	22.081546783447266	11.165963172912598	
137.8758087158203	111.07308197021484	22.517927169799805	12.149734497070312	
136.9087677001953	111.28767395019531	21.609355926513672	12.358654975891113	
136.21676635742188	111.53594970703125	20.794689178466797	12.097265243530273	
135.4464111328125	111.03035736083984	22.05219078063965	12.394868850708008	
134.6167449951172	111.6839370727539	21.601835250854492	12.032538414001465	
133.39869689941406	112.2772216796875	20.907367706298828	11.562859535217285	
133.17581176757812	112.91682434082031	22.286649703979492	12.257661819458008	
130.52310180664062	111.02067565917969	20.5916690826416	12.947935104370117	
129.1088409423828	111.32319641113281	20.320995330810547	12.49330997467041	
127.61270904541016	111.46673583984375	20.949344635009766	12.667269706726074	
126.51176452636719	111.8001937866211	20.52543067932129	12.188665390014648	
125.7691879272461	112.2739028930664	20.20661735534668	11.735093116760254	
125.03629302978516	112.47874450683594	19.684072494506836	11.175714492797852	
124.07476806640625	112.30615234375	20.342004776000977	11.484407424926758	
123.31047058105469	111.94564056396484	20.205392837524414	11.734261512756348	
121.74528503417969	112.46500396728516	20.389795303344727	11.153032302856445	
120.3592529296875	112.39581298828125	20.067773818969727	11.326223373413086	
119.64973449707031	111.63505554199219	20.36446762084961	12.393242835998535	
118.14642333984375	111.91789245605469	20.47714614868164	11.711045265197754	
116.26409912109375	111.34029388427734	21.63144302368164	12.04546070098877	
115.9618148803711	111.91169738769531	21.06805419921875	11.709405899047852	
115.73143005371094	111.86590576171875	20.76640510559082	11.342855453491211	
114.73048400878906	111.73497009277344	19.753400802612305	11.701709747314453	
114.69734954833984	113.72994232177734	19.075511932373047	10.491536140441895	
113.64283752441406	114.274169921875	18.349409103393555	10.092180252075195	
112.2612533569336	114.3751449584961	18.201358795166016	10.010751724243164	
111.8978271484375	114.0120849609375	18.15309715270996	9.984207153320312	
111.073974609375	113.9299545288086	17.505752563476562	9.628168106079102	
111.25955963134766	113.47330474853516	17.47273826599121	9.610011100769043	
114.86030578613281	112.25370788574219	17.008914947509766	9.354907035827637	
110.1427001953125	109.46177673339844	16.82657241821289	9.254617691040039	
111.3342514038086	106.98472595214844	15.998344421386719	8.799093246459961	
109.93867492675781	106.59059143066406	15.681680679321289	8.62492847442627	
114.74763488769531	108.1907958984375	15.426015853881836	8.484313011169434	
115.91789245605469	109.60200500488281	15.400907516479492	8.470503807067871	
115.70384216308594	105.11470031738281	14.993188858032227	8.246258735656738	
114.62174987792969	106.87943267822266	14.955137252807617	8.22533130645752	
117.53914642333984	105.5208511352539	14.549383163452148	8.002164840698242	
116.612060546875	105.83380126953125	14.372532844543457	7.9048967361450195	
120.44309997558594	106.64561462402344	13.564971923828125	7.460737705230713	
123.6842269897461	105.33784484863281	13.52013111114502	7.436075687408447	
118.44062805175781	107.19026184082031	13.398585319519043	7.36922550201416	
120.920166015625	107.42396545410156	13.144575119018555	7.229518890380859	
121.3777847290039	107.7606430053711	12.879786491394043	7.083885192871094	
119.31072998046875	104.5678482055664	15.509733200073242	7.2548089027404785	
119.63912200927734	104.8768081665039	15.001355171203613	7.092371940612793	
120.24603271484375	104.79335021972656	14.765501022338867	6.97885799407959	
120.54463195800781	105.11651611328125	14.113470077514648	6.728121757507324	
120.30062103271484	105.32659912109375	13.979650497436523	6.519863128662109	
120.43157958984375	105.46893310546875	13.842577934265137	6.390513896942139	
120.32342529296875	105.52021789550781	13.415044784545898	6.252621173858643	
120.87957763671875	105.57603454589844	12.858781814575195	6.145043849945068	
120.3332748413086	105.3302993774414	13.51362419128418	6.299586296081543	
122.91957092285156	106.4334487915039	10.869725227355957	6.171187400817871	
120.8435287475586	105.6119384765625	12.82811164855957	6.292818069458008	
120.3870620727539	105.9300537109375	13.08386516571045	6.178676605224609	
120.91241455078125	105.78401947021484	12.4971923828125	6.017319679260254	
120.64198303222656	105.5340576171875	12.429228782653809	5.95751428604126	
120.64430236816406	105.79969787597656	12.492621421813965	6.0724406242370605	
120.29548645019531	105.30020904541016	12.547355651855469	6.060147285461426	
120.78263092041016	104.9456558227539	12.32880973815918	6.153257846832275	
120.82955169677734	104.80717468261719	12.180147171020508	5.992997169494629	
120.79499816894531	105.18623352050781	12.173986434936523	6.112292289733887	
120.52503967285156	105.25099182128906	12.397727966308594	6.1718316078186035	
120.64433288574219	105.2206039428711	12.234711647033691	6.18569278717041	
120.75090026855469	104.8209457397461	12.314852714538574	6.317446231842041	
120.720703125	105.22640228271484	12.026444435119629	6.269551753997803	
120.2016372680664	104.85931396484375	12.5084228515625	6.525919437408447	
120.75053405761719	105.07051086425781	12.155067443847656	6.391886234283447	
120.88478088378906	105.1146011352539	12.03913688659668	6.260812282562256	
120.29158782958984	105.25537109375	12.346168518066406	6.292312145233154	
120.92259216308594	105.20918273925781	11.879497528076172	6.11676025390625	
120.5374526977539	105.1915054321289	12.04469108581543	6.193202018737793	
120.61006164550781	105.4325942993164	11.953126907348633	6.087351322174072	
120.18400573730469	104.9734878540039	12.368742942810059	6.314789772033691	
120.57965087890625	105.03736877441406	12.105549812316895	6.138001441955566	
120.57234191894531	105.31843566894531	12.040826797485352	6.1961445808410645	
120.9014663696289	104.9894027709961	12.320472717285156	6.1817626953125	
120.33097839355469	105.1271743774414	12.545628547668457	6.2630815505981445	
120.7072525024414	105.135009765625	12.533472061157227	6.401885986328125	
120.7894058227539	104.57064056396484	12.573965072631836	6.433866024017334	
120.7466049194336	104.9520034790039	12.958663940429688	6.6124982833862305	
120.5798110961914	104.81904602050781	12.735557556152344	6.601383209228516	
120.37408447265625	104.79573822021484	12.568805694580078	6.510504245758057	
120.7576675415039	104.958984375	12.350109100341797	6.398354530334473	
120.77264404296875	104.84724426269531	12.636331558227539	6.627863883972168	
120.48796081542969	104.99784851074219	12.46988296508789	6.315857887268066	
120.4885025024414	104.89717864990234	12.648530960083008	6.393826007843018	
121.14842224121094	104.77970886230469	12.221847534179688	6.305394172668457	
121.840576171875	104.8042984008789	12.336661338806152	6.240044593811035	
122.59130859375	104.63018798828125	12.391921997070312	6.341793537139893	
122.87248229980469	104.76776123046875	12.329294204711914	6.3249406814575195	
123.34278869628906	104.7131576538086	12.456830978393555	6.470705986022949	
123.78739166259766	104.94187927246094	11.893389701843262	6.15109395980835	
125.25850677490234	104.8165283203125	12.053054809570312	6.054265975952148	
125.63069152832031	105.26957702636719	11.521306991577148	5.99164342880249	
126.93741607666016	104.93403625488281	11.617883682250977	6.071759223937988	
128.1148681640625	105.0955581665039	11.464365005493164	6.081882476806641	
127.88985443115234	105.43415832519531	11.426589012145996	6.019566535949707	
128.43992614746094	105.17228698730469	11.690109252929688	6.254083633422852	
128.7342987060547	105.1600341796875	12.188944816589355	6.540383815765381	
128.8879852294922	105.35081481933594	12.351372718811035	6.577394962310791	
129.6759033203125	105.53944396972656	12.380409240722656	6.682338714599609	
129.8614044189453	105.75323486328125	12.667556762695312	6.731236457824707	
131.22195434570312	106.396484375	12.447629928588867	6.606774806976318	
132.148193359375	106.6286392211914	12.585628509521484	6.767108917236328	
134.32022094726562	107.4249038696289	12.325756072998047	6.592886447906494	
136.23182678222656	107.72602844238281	12.844462394714355	6.836357116699219	
143.0435791015625	108.81961822509766	10.013427734375	6.585643768310547	
142.20797729492188	110.64337158203125	9.673490524291992	6.3620734214782715	
140.548583984375	107.91793060302734	9.599028587341309	6.344872951507568	
141.34197998046875	109.78724670410156	11.860440254211426	6.00612735748291	
139.62643432617188	110.38004302978516	9.101003646850586	6.148253440856934	
136.0955047607422	109.76568603515625	10.927628517150879	6.482613563537598	
136.86740112304688	109.6337661743164	8.950854301452637	6.098177909851074	
139.52023315429688	110.29820251464844	8.740527153015137	6.088165283203125	
136.07232666015625	113.3906478881836	8.619114875793457	6.048108100891113	
135.9120330810547	110.81131744384766	8.7910737991333	6.186098098754883	
132.26657104492188	106.95943450927734	8.969308853149414	6.313735485076904	
134.00889587402344	102.94815826416016	9.285356521606445	6.5362091064453125	
137.23822021484375	100.77369689941406	9.52243423461914	6.703094482421875	
137.55458068847656	99.69549560546875	9.800126075744629	6.898568630218506	
139.26113891601562	97.99581146240234	9.624792098999023	6.775146484375	
129.78961181640625	97.58271789550781	11.133065223693848	7.239906311035156	
128.40264892578125	96.05009460449219	11.514059066772461	7.5181732177734375	
127.81707763671875	95.8093032836914	10.888894081115723	7.309121608734131	
127.59332275390625	96.83509826660156	9.29929256439209	6.546018123626709	
125.8779296875	95.54203033447266	11.516786575317383	7.255743980407715	
125.65401458740234	95.22528076171875	11.30781078338623	7.320442199707031	
125.5274887084961	95.2768325805664	11.477018356323242	7.2720441818237305	
125.97904205322266	95.00569915771484	11.36933422088623	7.569296360015869	
125.54085540771484	95.30535888671875	11.606794357299805	7.36379861831665	
125.83756256103516	95.10765075683594	11.398468017578125	7.5562238693237305	
126.00425720214844	95.14644622802734	11.488679885864258	7.529093265533447	
126.2635726928711	95.09010314941406	11.262781143188477	7.348602294921875	
127.67803955078125	96.43037414550781	9.64987850189209	6.792804718017578	
126.24229431152344	95.16698455810547	11.47019100189209	7.406564235687256	
126.6780776977539	94.98282623291016	11.026994705200195	7.4429612159729	
126.1005630493164	95.17156219482422	11.570159912109375	7.523613929748535	
126.11128997802734	95.16634368896484	11.353920936584473	7.421324253082275	
125.4256362915039	95.13507843017578	11.787033081054688	7.515493869781494	
125.57200622558594	95.28297424316406	11.697793960571289	7.406951904296875	
125.40779876708984	95.21041870117188	11.994532585144043	7.5763068199157715	
125.81504821777344	94.78561401367188	12.386037826538086	8.286581039428711	
126.4505386352539	95.00748443603516	11.94492244720459	7.848628044128418	
126.7745132446289	94.73265075683594	12.379323959350586	8.09339714050293	
127.3219223022461	95.1895523071289	12.661541938781738	7.782389163970947	
130.55300903320312	94.73934936523438	11.306056022644043	7.872882843017578	
135.22689819335938	96.94825744628906	10.455763816833496	7.3600873947143555	
136.7467041015625	96.42442321777344	12.205546379089355	7.724252223968506	
141.05068969726562	97.58305358886719	11.678778648376465	7.776031494140625	
141.25729370117188	99.35974884033203	10.490553855895996	7.384576320648193	
143.01400756835938	101.2396240234375	10.20334529876709	7.182403564453125	
146.5133056640625	103.7979736328125	9.991144180297852	7.033029079437256	
144.1795196533203	108.30072021484375	9.922855377197266	6.984959602355957	
139.79415893554688	108.44429016113281	9.867757797241211	6.946175575256348	
140.92298889160156	105.15531921386719	9.887486457824707	6.9600629806518555	
144.56253051757812	101.96226501464844	9.712685585021973	6.8370161056518555	
144.2742919921875	104.0491943359375	9.81175708770752	6.906754970550537	
142.70338439941406	106.03123474121094	9.830628395080566	6.920039176940918	
146.25387573242188	114.99161529541016	10.035476684570312	7.064236640930176	
146.17530822753906	113.98175048828125	10.002729415893555	7.041184902191162	
153.80191040039062	114.95684814453125	10.1666259765625	7.156556606292725	
156.19186401367188	108.60272216796875	10.023935317993164	7.056112766265869	
155.2911834716797	103.82835388183594	9.824013710021973	6.915382385253906	
152.66226196289062	103.24114990234375	9.925989151000977	6.987165927886963	
155.15023803710938	103.64522552490234	9.798425674438477	6.8973708152771	
153.3656005859375	103.41624450683594	9.724742889404297	6.845503330230713	
153.47781372070312	103.10368347167969	9.181211471557617	6.462897300720215	
154.8970184326172	103.00284576416016	9.554962158203125	6.725990295410156	
157.12057495117188	102.48554992675781	9.787535667419434	6.889705657958984	
152.98782348632812	103.3521499633789	9.722394943237305	6.843850612640381	
153.4260711669922	103.3195571899414	9.68217658996582	6.815539360046387	
153.55918884277344	103.3180160522461	9.783465385437012	6.886839389801025	
153.33932495117188	103.14078521728516	9.86052417755127	6.941082954406738	
154.1585235595703	103.3600845336914	9.87165355682373	6.948917388916016	
154.36129760742188	103.7204360961914	9.694999694824219	6.824566841125488	
153.84144592285156	103.08076477050781	9.469825744628906	6.6660614013671875	
152.09384155273438	103.39579010009766	9.565666198730469	6.733526706695557	
153.56515502929688	103.71546936035156	9.815813064575195	6.909611701965332	
152.80783081054688	103.46293640136719	9.826464653015137	6.917110443115234	
153.04689025878906	103.56526184082031	9.716740608215332	6.83987283706665	
153.89210510253906	105.2594223022461	9.416173934936523	6.6282958984375	
151.7464599609375	104.71369934082031	9.388839721679688	6.609055519104004	
153.0125274658203	103.7024917602539	9.029583930969238	6.356165885925293	
153.27200317382812	104.1897201538086	9.294751167297363	6.542845249176025	
151.79751586914062	103.74725341796875	9.518017768859863	6.700009346008301	
151.18511962890625	103.54029846191406	9.806117057800293	6.902810573577881	
149.8919677734375	105.9588851928711	9.413047790527344	6.6261186599731445	
153.4814453125	104.24842834472656	9.430408477783203	6.638339042663574	
153.3946075439453	102.90234375	9.281801223754883	6.533729553222656	
152.596923828125	104.23670959472656	9.054695129394531	6.373863220214844	
154.73907470703125	106.09309387207031	9.143068313598633	6.436070919036865	
152.79815673828125	103.60456848144531	9.255830764770508	6.534090518951416	
152.63833618164062	105.77961730957031	9.103094100952148	6.426266670227051	
150.1847381591797	103.77603912353516	9.19453239440918	6.490817070007324	
152.53176879882812	103.65474700927734	9.030529975891113	6.375040531158447	
151.04559326171875	105.29296875	9.240312576293945	6.5640363693237305	
150.5581512451172	105.17437744140625	9.00332260131836	6.402224540710449	
151.61865234375	105.06004333496094	8.910113334655762	6.335943698883057	
152.49813842773438	104.68559265136719	8.875216484069824	6.359138488769531	
151.93255615234375	103.70527648925781	8.866622924804688	6.396407127380371	
152.27725219726562	104.03761291503906	8.519277572631836	6.145831108093262	
151.80661010742188	103.9677963256836	8.730524063110352	6.3089094161987305	
151.00071716308594	104.0622787475586	8.551774024963379	6.2255449295043945	
152.26162719726562	103.55302429199219	8.567644119262695	6.23709774017334	
154.36892700195312	103.38951110839844	8.53152084350586	6.276782512664795	
152.93515014648438	103.57551574707031	8.700647354125977	6.401211738586426	
152.90159606933594	105.76799011230469	8.642473220825195	6.379108428955078	
152.4298858642578	103.4072036743164	8.518129348754883	6.327491283416748	
152.56007385253906	105.07496643066406	8.16692066192627	6.094595432281494	
152.54525756835938	103.4710693359375	8.053186416625977	6.105360984802246	
152.39950561523438	103.61033630371094	8.238381385803223	6.245762825012207	
152.69412231445312	103.12532043457031	8.352104187011719	6.361515522003174	
151.90687561035156	103.78717041015625	8.50986099243164	6.481673240661621	
151.96153259277344	103.72721862792969	8.300479888916016	6.328645706176758	
153.13990783691406	103.150390625	8.199528694152832	6.258284568786621	
153.25564575195312	103.54957580566406	8.188985824584961	6.285388946533203	
152.50595092773438	103.45658874511719	8.4593505859375	6.492906093597412	
150.81594848632812	103.97013092041016	8.297279357910156	6.387981414794922	
151.1056671142578	103.6395492553711	8.62925910949707	6.643568515777588	
153.2758026123047	105.7946548461914	8.838824272155762	6.804911136627197	
153.79098510742188	106.0029067993164	8.999247550964355	6.928419589996338	
152.64376831054688	105.08428955078125	8.961639404296875	6.899466037750244	
153.23558044433594	103.52021789550781	8.886810302734375	6.841855525970459	
153.42967224121094	103.53839111328125	9.069948196411133	6.982851505279541	
152.78993225097656	103.3646240234375	9.058161735534668	6.973776817321777	
152.7218475341797	103.06071472167969	9.213716506958008	7.093536376953125	
154.4566192626953	103.52425384521484	9.182441711425781	7.069458961486816	
153.6381072998047	103.20645904541016	9.063010215759277	6.97750997543335	
152.81472778320312	103.07359313964844	9.176608085632324	7.064968109130859	
154.0170135498047	103.23216247558594	9.097880363464355	7.00435733795166	
152.60897827148438	103.13851165771484	9.127507209777832	7.027166843414307	
155.94607543945312	105.83354187011719	9.04482650756836	6.9635114669799805	
152.6990509033203	103.22303771972656	9.418510437011719	7.251206874847412	
152.5692138671875	102.92219543457031	9.411604881286621	7.245890140533447	
157.06893920898438	106.00423431396484	9.911267280578613	7.630574703216553	
158.50637817382812	104.10621643066406	9.973485946655273	7.678475856781006	
155.26702880859375	103.2252197265625	10.082647323608398	7.76251745223999	
153.1741180419922	100.34777069091797	10.172438621520996	7.831646919250488	
153.41253662109375	97.79894256591797	10.209686279296875	7.860323429107666	
152.4321746826172	103.00894927978516	10.246207237243652	7.8884406089782715	
151.98428344726562	102.7494125366211	10.101936340332031	7.777368068695068	
152.379150390625	102.62886047363281	10.436869621276855	8.035229682922363	
151.9095001220703	102.8071517944336	10.49263858795166	8.078165054321289	
151.78005981445312	102.28636169433594	10.63867473602295	8.190595626831055	
152.9187774658203	102.78144836425781	10.231691360473633	7.87726354598999	
155.15377807617188	103.36128997802734	10.153929710388184	7.817396640777588	
153.16116333007812	102.88981628417969	10.167140007019043	7.827566623687744	
155.2314453125	103.33164978027344	9.924493789672852	7.640755653381348	
153.2853240966797	109.6256103515625	10.066171646118164	7.7498321533203125	
154.3643035888672	105.82177734375	10.120336532592773	7.791532039642334	
153.0211944580078	105.1204605102539	10.337924003601074	7.959050178527832	
152.84616088867188	101.87306213378906	10.01608657836914	7.7112717628479	
151.75537109375	102.54414367675781	9.934822082519531	7.648707389831543	
153.2706298828125	103.09629821777344	9.89202880859375	7.615760803222656	
152.2518310546875	102.68548583984375	9.815434455871582	7.55679178237915	
153.300537109375	99.73995208740234	9.718905448913574	7.482474327087402	
153.79983520507812	103.01080322265625	9.728248596191406	7.489666938781738	
153.51177978515625	102.92927551269531	10.122846603393555	7.793463230133057	
153.32748413085938	102.6720962524414	9.90881061553955	7.628678798675537	
154.7655029296875	100.93882751464844	9.846368789672852	7.580605506896973	
152.2566375732422	102.6095199584961	9.812398910522461	7.554452419281006	
150.0660858154297	105.24581146240234	9.60014533996582	7.391039848327637	
153.46080017089844	105.56245422363281	9.764801979064941	7.5178070068359375	
152.88221740722656	102.7476806640625	9.498133659362793	7.312502384185791	
152.424072265625	102.76715087890625	9.241552352905273	7.114963531494141	
155.14505004882812	107.77052307128906	9.123578071594238	7.024136543273926	
157.38121032714844	107.7530517578125	8.856694221496582	6.818665981292725	
152.50466918945312	105.23905181884766	8.874250411987305	6.832182884216309	
153.42276000976562	102.75706481933594	8.862360000610352	6.823028564453125	
152.97265625	103.61579895019531	8.580384254455566	6.605937957763672	
154.36727905273438	103.6361312866211	8.47978401184082	6.528487205505371	
153.3650665283203	103.01102447509766	8.743404388427734	6.731446266174316	
155.43502807617188	103.91709899902344	8.68947696685791	6.6899285316467285	
152.94776916503906	103.3274917602539	8.2545804977417	6.355106830596924	
154.8377685546875	100.78734588623047	8.449808120727539	6.505409240722656	
151.06875610351562	104.41404724121094	8.534457206726074	6.570579528808594	
152.45034790039062	103.34228515625	8.426749229431152	6.487656593322754	
153.27133178710938	103.27848815917969	8.2730712890625	6.3693413734436035	
154.94912719726562	100.93707275390625	8.115076065063477	6.247702598571777	
152.769775390625	102.860107421875	8.412759780883789	6.476885795593262	
154.71188354492188	103.26756286621094	8.474210739135742	6.524195671081543	
154.41416931152344	103.3907470703125	8.581014633178711	6.606423377990723	
155.00271606445312	100.64253997802734	8.436182975769043	6.4949188232421875	
152.87228393554688	103.1905746459961	8.43847370147705	6.515787601470947	
150.2631072998047	105.90644836425781	8.43810749053955	6.525693416595459	
150.1710662841797	105.72052001953125	8.321062088012695	6.43517541885376	
153.82901000976562	102.95387268066406	8.326452255249023	6.4393439292907715	
156.9763641357422	101.6703872680664	8.236265182495117	6.398808002471924	
154.67593383789062	102.57539367675781	8.176801681518555	6.388915538787842	
153.3701629638672	102.96739196777344	8.171741485595703	6.419322967529297	
154.19595336914062	102.68953704833984	8.177589416503906	6.436335563659668	
155.0091094970703	101.64244079589844	7.733101844787598	6.1460065841674805	
154.2052459716797	103.00142669677734	7.605867862701416	6.10274076461792	
156.54666137695312	102.1839599609375	7.290461540222168	6.007102012634277	
156.8539581298828	104.494873046875	7.702152252197266	6.346322059631348	
155.14913940429688	103.60498046875	7.764307975769043	6.397536277770996	
155.07391357421875	103.30611419677734	7.796370029449463	6.423954010009766	
155.2108917236328	101.27986907958984	7.604722023010254	6.269860744476318	
154.26124572753906	103.4302978515625	7.5562639236450195	6.229908466339111	
153.94839477539062	103.32066345214844	7.4372453689575195	6.178224086761475	
153.52816772460938	103.24055480957031	7.2118988037109375	6.09441614151001	
154.11920166015625	103.35426330566406	6.9324235916137695	6.121618747711182	
152.91799926757812	102.89436340332031	6.803272247314453	6.0411376953125	
152.7950439453125	103.37530517578125	6.811591148376465	6.124797821044922	
153.4814910888672	103.18306732177734	6.89114236831665	6.228145599365234	
153.07498168945312	103.42635345458984	6.919914245605469	6.282013893127441	
152.8654327392578	103.1710205078125	6.72310733795166	6.129103183746338	
150.17221069335938	103.3548812866211	6.4830756187438965	6.027945518493652	
153.48080444335938	102.697265625	6.565174102783203	6.1652398109436035	
153.23080444335938	103.3610610961914	6.455697059631348	6.094928741455078	
152.06146240234375	104.11405181884766	7.907984733581543	5.9325270652771	
152.9130859375	103.17884826660156	6.446783542633057	6.148129463195801	
151.94557189941406	102.7855224609375	7.825601100921631	5.940850734710693	
151.78518676757812	102.68509674072266	7.54290771484375	5.771409511566162	
151.91761779785156	102.61556243896484	7.414660453796387	5.7378106117248535	
152.06610107421875	102.87974548339844	7.392664909362793	5.735009670257568	
151.92697143554688	102.7456283569336	7.2834038734436035	5.831446170806885	
151.86392211914062	102.68556213378906	7.338542938232422	5.835128307342529	
151.73867797851562	102.9151840209961	7.303605556488037	5.855944633483887	
151.4636993408203	102.6408462524414	7.532780647277832	6.024764060974121	
151.54531860351562	102.84552001953125	7.834002494812012	6.052437782287598	
151.4424591064453	102.6690902709961	7.492335319519043	6.042341709136963	
151.70310974121094	102.87027740478516	7.664717674255371	5.918547630310059	
151.77598571777344	102.60569763183594	8.015294075012207	6.108557224273682	
152.89407348632812	103.34590911865234	6.17356014251709	6.1734442710876465	
151.29928588867188	102.82132720947266	7.904153347015381	6.035813808441162	
151.59207153320312	102.67378234863281	7.984220027923584	6.231574058532715	
151.49801635742188	102.77409362792969	8.001389503479004	6.140267848968506	
151.4564208984375	102.5937728881836	8.179957389831543	6.3222150802612305	
151.80685424804688	102.68255615234375	7.618565559387207	6.021162509918213	
151.47543334960938	102.57550048828125	7.851005554199219	6.214098930358887	
151.64996337890625	102.6108627319336	7.6378936767578125	6.052738189697266	
151.4634246826172	102.68272399902344	7.63002872467041	6.123894691467285	
151.37313842773438	102.57698059082031	7.751649379730225	6.157224178314209	
151.57810974121094	102.4997787475586	7.910990238189697	6.2484941482543945	
151.74058532714844	102.39969635009766	7.927088737487793	6.259163856506348	
151.71560668945312	102.8093032836914	7.714941501617432	6.019333839416504	
151.77981567382812	102.72998046875	7.839703559875488	5.964325904846191	
151.84414672851562	102.8981704711914	7.562155723571777	5.802778720855713	
151.9338836669922	102.851806640625	7.427440643310547	5.716710090637207	
151.81698608398438	102.74202728271484	7.299832344055176	5.770538330078125	
151.95285034179688	102.85951232910156	7.252722263336182	5.694423198699951	
152.14462280273438	103.05601501464844	7.305539131164551	5.587590217590332	
152.21575927734375	102.79080963134766	7.464333534240723	5.708353519439697	
152.17269897460938	102.61146545410156	7.522485256195068	5.8690290451049805	
151.9805450439453	102.39555358886719	7.378613471984863	5.852897644042969	
152.12838745117188	102.92491149902344	7.443448543548584	5.656006336212158	
152.24256896972656	102.8144302368164	7.564878940582275	5.785549640655518	
152.12286376953125	102.9653549194336	7.6703596115112305	5.799761772155762	
151.90127563476562	102.88714599609375	7.600323677062988	5.773592948913574	
152.07485961914062	102.79603576660156	8.015087127685547	6.010540962219238	
152.23623657226562	102.78775787353516	7.991477966308594	5.9759111404418945	
152.1356964111328	102.8114242553711	7.833549499511719	5.985898971557617	
152.060791015625	102.56883239746094	7.973590850830078	6.059813976287842	
152.05105590820312	102.75569915771484	7.774676322937012	5.986988544464111	
152.19113159179688	102.91584777832031	7.813880920410156	5.822335243225098	
152.2269744873047	102.62068176269531	7.856833457946777	6.180002689361572	
152.0418243408203	102.79057312011719	7.699784278869629	5.871288299560547	
151.97146606445312	103.0001449584961	7.4896559715271	5.679904460906982	
151.66986083984375	102.8089828491211	7.4826250076293945	5.721766471862793	
152.1323699951172	102.87347412109375	7.513749122619629	5.730139255523682	
152.0680694580078	102.87068176269531	7.521894931793213	5.854727745056152	
152.04150390625	102.81571960449219	7.549816131591797	5.896725654602051	
151.96981811523438	102.66889953613281	7.7467241287231445	5.950353145599365	
151.91683959960938	102.69364166259766	7.68411111831665	6.006884574890137	
