116.0	98.0	92.0	50.0	
116.17462158203125	98.04366302490234	91.6478271484375	49.8173942565918	
115.32524108886719	97.64106750488281	92.72793579101562	50.194435119628906	
115.3926010131836	97.67186737060547	92.6819839477539	50.270835876464844	
116.26548767089844	97.24757385253906	93.100341796875	50.67371368408203	
116.6471176147461	97.17127990722656	94.85234069824219	50.9933967590332	
117.88676452636719	96.39741516113281	96.43135070800781	52.335968017578125	
120.27816009521484	96.30428314208984	98.77375793457031	52.955718994140625	
121.87223052978516	97.91941833496094	96.39815521240234	51.38740158081055	
117.4579849243164	97.81402587890625	97.38725280761719	50.41897201538086	
119.22908782958984	96.52223205566406	92.92984771728516	48.054786682128906	
124.64017486572266	92.31698608398438	94.73283386230469	45.370086669921875	
129.12966918945312	87.06487274169922	95.0197982788086	44.78543472290039	
138.04568481445312	81.19171905517578	89.86541748046875	48.97338104248047	
137.93580627441406	77.03033447265625	94.33582305908203	48.96417236328125	
140.55609130859375	69.78068542480469	99.59114837646484	51.41307830810547	
143.5364532470703	68.1299819946289	101.77708435058594	50.843040466308594	
128.32192993164062	89.13795471191406	86.49552154541016	48.408687591552734	
123.4207763671875	97.17198181152344	85.62556457519531	48.600467681884766	
125.70759582519531	98.3043441772461	83.41849517822266	47.68450164794922	
127.26884460449219	98.15971374511719	85.32415771484375	48.17319869995117	
128.48301696777344	96.8338394165039	87.07512664794922	49.44470977783203	
132.7840576171875	96.2509994506836	86.81965637207031	49.10974884033203	
134.03976440429688	92.58828735351562	89.00212097167969	52.83074188232422	
149.53147888183594	79.13411712646484	93.94300842285156	55.3413200378418	
150.8072509765625	74.71083068847656	100.1306381225586	52.03046798706055	
151.7188720703125	81.4666519165039	97.72843933105469	51.26721954345703	
147.0835418701172	85.52872467041016	96.21749114990234	52.07869338989258	
142.6935577392578	94.2471923828125	99.70603942871094	53.77043914794922	
137.6226806640625	106.2765884399414	98.28914642333984	49.64168167114258	
130.13558959960938	115.763427734375	99.82557678222656	50.14040756225586	
123.195556640625	123.74736022949219	95.77886962890625	48.640586853027344	
118.75016784667969	128.91558837890625	90.25588989257812	48.2348747253418	
115.99600982666016	130.9709014892578	89.13761901855469	47.49124526977539	
114.45296478271484	130.74386596679688	87.83869934082031	47.25077819824219	
112.40785217285156	130.70034790039062	86.10848999023438	46.647705078125	
110.4886474609375	130.93655395507812	85.14632415771484	45.958011627197266	
109.14495849609375	131.3057098388672	84.89622497558594	45.514862060546875	
107.88752746582031	131.5844268798828	86.61183166503906	45.6695671081543	
108.76371002197266	132.13221740722656	86.30046081542969	45.991302490234375	
108.9305191040039	133.66966247558594	86.71220397949219	46.009246826171875	
109.58439636230469	132.03160095214844	87.29251861572266	47.79074478149414	
112.33055114746094	130.26100158691406	88.31585693359375	47.87455749511719	
114.144287109375	127.31791687011719	91.87074279785156	48.217315673828125	
115.83128356933594	123.87629699707031	94.47166442871094	49.353675842285156	
124.95963287353516	115.95572662353516	92.24925231933594	48.79857635498047	
122.52864074707031	118.71623229980469	94.63009643554688	48.93050003051758	
123.87178039550781	117.00484466552734	97.13236236572266	48.062557220458984	
129.26072692871094	110.5382080078125	96.55643463134766	49.92748260498047	
132.30543518066406	106.92979431152344	98.19091033935547	49.46122360229492	
134.19973754882812	106.58138275146484	98.3356704711914	47.73741912841797	
135.41575622558594	105.49897766113281	97.49247741699219	47.49186325073242	
133.8419647216797	104.5114517211914	98.05078125	48.469486236572266	
135.62454223632812	102.24261474609375	96.03125762939453	48.17036056518555	
138.09446716308594	100.77157592773438	93.4655990600586	47.539817810058594	
137.06614685058594	99.99613952636719	95.68739318847656	47.53915023803711	
135.42825317382812	100.0101318359375	97.12981414794922	47.37144470214844	
133.17311096191406	101.75235748291016	97.17951202392578	46.889183044433594	
131.5762939453125	101.97129821777344	96.32911682128906	48.14798355102539	
129.7361602783203	101.64991760253906	100.27338409423828	48.2376823425293	
131.42239379882812	98.11567687988281	101.12553405761719	50.61028289794922	
131.33688354492188	96.4942626953125	103.89505767822266	50.000877380371094	
130.75845336914062	94.27403259277344	104.98683166503906	49.146446228027344	
128.87881469726562	91.88153839111328	107.2096176147461	49.38776397705078	
127.47160339355469	89.8283920288086	111.25041198730469	50.1478271484375	
128.06637573242188	88.49624633789062	111.07122802734375	50.41954803466797	
128.2129669189453	89.21333312988281	109.60453796386719	49.797576904296875	
126.78517150878906	90.98477935791016	110.03279876708984	50.41157531738281	
126.22061920166016	92.85382843017578	108.6810302734375	50.65022277832031	
124.81343841552734	92.01470184326172	109.7112045288086	51.605064392089844	
127.00526428222656	90.61588287353516	108.1412353515625	51.699073791503906	
125.14351654052734	87.59923553466797	111.02366638183594	52.132057189941406	
125.08573150634766	86.29466247558594	112.20719909667969	52.0011100769043	
125.98420715332031	85.49609375	113.25685119628906	50.78960418701172	
122.7126235961914	85.64041137695312	115.03597259521484	51.944183349609375	
123.88177490234375	84.93269348144531	114.38951110839844	51.505584716796875	
133.77255249023438	83.45094299316406	99.60092163085938	54.13091278076172	
125.54042053222656	82.55667114257812	118.1329345703125	52.68434524536133	
126.78132629394531	84.93830871582031	116.93416595458984	51.553375244140625	
127.7886962890625	83.88420867919922	113.2894058227539	49.4957275390625	
129.9862518310547	82.82727813720703	111.85260009765625	48.66537094116211	
131.26409912109375	84.53947448730469	106.9393539428711	46.61481475830078	
133.51821899414062	87.77958679199219	105.7483139038086	42.949100494384766	
136.71304321289062	88.09613037109375	102.04337310791016	41.26471710205078	
133.897705078125	90.71922302246094	106.0650863647461	41.401607513427734	
138.92373657226562	89.20597839355469	103.30458068847656	41.445823669433594	
139.4569091796875	91.12589263916016	102.94918060302734	39.814002990722656	
136.2517852783203	90.15375518798828	104.3533706665039	40.948219299316406	
136.51239013671875	86.89070129394531	106.0742416381836	42.00659942626953	
134.62417602539062	85.40116882324219	109.92500305175781	44.35240173339844	
130.75869750976562	85.21464538574219	109.07781982421875	44.79152297973633	
130.95953369140625	84.24473571777344	108.3658447265625	46.75871658325195	
132.73843383789062	80.39715576171875	94.1357421875	51.16071319580078	
136.743896484375	81.54115295410156	100.12580871582031	44.61773681640625	
136.1294708251953	82.03598022460938	99.27662658691406	44.159324645996094	
132.57479858398438	85.62784576416016	100.47421264648438	44.906883239746094	
136.1435089111328	85.5558090209961	95.15678405761719	44.14363479614258	
133.36526489257812	87.4892349243164	95.47705841064453	44.58357620239258	
129.5802001953125	90.0467300415039	101.69026947021484	44.08511734008789	
135.2896270751953	92.16319274902344	97.05320739746094	40.81165313720703	
135.29408264160156	95.8011245727539	95.92866516113281	39.4699821472168	
133.76296997070312	94.2617416381836	95.9033432006836	42.486061096191406	
127.34100341796875	88.934326171875	104.9751968383789	45.55846405029297	
120.93143463134766	87.76197814941406	116.75386047363281	48.948936462402344	
123.61148834228516	85.30236053466797	115.50004577636719	48.91514205932617	
123.08442687988281	81.79327392578125	115.24821472167969	50.41724395751953	
123.87623596191406	79.41566467285156	115.267822265625	51.21397018432617	
120.13409423828125	80.93467712402344	119.9089584350586	52.65547561645508	
122.37454986572266	80.80343627929688	114.16059875488281	52.51103591918945	
122.81990051269531	83.17720031738281	110.179931640625	49.87369155883789	
125.59130859375	85.45393371582031	110.0960922241211	50.29486083984375	
125.09869384765625	86.5386734008789	108.61470031738281	48.451942443847656	
123.56591796875	86.7445068359375	108.3492202758789	46.73847579956055	
127.0413818359375	84.38359832763672	106.7500991821289	47.92689514160156	
124.89775085449219	81.64289093017578	113.53267669677734	48.98185729980469	
126.94329833984375	79.92662048339844	116.47319030761719	48.25493621826172	
127.53533935546875	77.43516540527344	118.5955810546875	48.91181182861328	
126.7572250366211	71.26115417480469	119.50798034667969	52.11613082885742	
122.25077819824219	85.62544250488281	106.59757995605469	50.199928283691406	
116.75346374511719	97.85426330566406	95.71519470214844	48.08434295654297	
118.09590911865234	99.88851928710938	90.29418182373047	47.40235137939453	
118.5146713256836	99.33963012695312	88.77986145019531	48.91362762451172	
118.75679779052734	99.50997161865234	88.13241577148438	49.271480560302734	
118.1845932006836	99.84538269042969	88.44087219238281	49.02812194824219	
118.63775634765625	100.3349609375	88.65616607666016	48.92572784423828	
118.56600189208984	100.36727142333984	88.83494567871094	49.16713333129883	
119.26017761230469	101.59754943847656	86.25580596923828	47.94142532348633	
118.5720443725586	101.44727325439453	89.26502990722656	48.61917495727539	
120.5349349975586	100.9101333618164	87.48686981201172	48.3197135925293	
122.72184753417969	99.2244873046875	88.18202209472656	48.20404815673828	
123.41532897949219	93.27376556396484	91.40100860595703	52.7278938293457	
124.766845703125	91.14398193359375	95.01949310302734	52.206336975097656	
131.7121124267578	76.71993255615234	108.01363372802734	48.7382926940918	
132.63134765625	76.22003173828125	110.3466796875	47.6318473815918	
135.19192504882812	77.35225677490234	110.41986083984375	45.51377868652344	
127.32929992675781	81.67140197753906	119.10420227050781	46.16846466064453	
124.48326110839844	84.81883239746094	119.94026947021484	45.37433624267578	
126.32427978515625	88.1487808227539	114.65311431884766	48.030662536621094	
126.47169494628906	90.4781723022461	110.17851257324219	46.921730041503906	
126.69986724853516	94.3894271850586	108.73822021484375	45.19346618652344	
127.04264068603516	97.29471588134766	106.2801513671875	44.533477783203125	
124.1130599975586	99.75343322753906	107.0283432006836	46.551658630371094	
121.01744079589844	103.93595886230469	108.8572998046875	48.873069763183594	
123.63179016113281	107.15092468261719	99.93603515625	52.302452087402344	
124.98065185546875	110.51646423339844	97.20845031738281	52.83259963989258	
120.88587951660156	108.26957702636719	105.25718688964844	56.2381706237793	
120.0172348022461	108.24018859863281	109.72816467285156	52.99730682373047	
122.09651947021484	108.49591064453125	110.45503234863281	48.37358856201172	
121.66500091552734	108.98356628417969	113.02891540527344	45.43704605102539	
135.834716796875	101.62342071533203	100.2544174194336	43.00920867919922	
139.08346557617188	99.04655456542969	102.02330017089844	40.642784118652344	
138.64990234375	95.03360748291016	99.96784973144531	41.54825973510742	
135.8139190673828	90.68286895751953	101.48733520507812	42.38858413696289	
137.9745330810547	80.92961120605469	103.3492431640625	43.64965057373047	
134.97064208984375	73.14131164550781	106.318115234375	42.68431854248047	
136.2393035888672	70.66271209716797	102.88978576660156	41.63856506347656	
131.8223419189453	66.59439849853516	105.2888412475586	49.08789825439453	
139.44935607910156	60.72172927856445	103.1999740600586	56.086952209472656	
125.83199310302734	70.9329605102539	107.17623138427734	51.12109375	
127.72749328613281	70.55794525146484	106.4583969116211	50.909305572509766	
119.9703598022461	75.39447784423828	107.6838150024414	47.77263641357422	
118.10804748535156	77.9161148071289	105.77606201171875	47.375465393066406	
117.62841796875	77.1673355102539	106.0096206665039	49.127235412597656	
113.22274017333984	73.63667297363281	107.8927230834961	51.07228088378906	
117.4688491821289	72.42680358886719	95.3591079711914	51.82561111450195	
115.3326644897461	69.35282897949219	99.7630844116211	53.83965301513672	
120.15705871582031	69.26029205322266	94.18946838378906	52.511962890625	
121.8182144165039	71.16038513183594	94.96852111816406	49.97406005859375	
124.02925872802734	69.60563659667969	88.79293060302734	53.39057159423828	
120.50251770019531	73.97010040283203	87.68034362792969	52.775047302246094	
117.4083023071289	73.02386474609375	94.35826873779297	54.13899612426758	
112.982666015625	76.81416320800781	97.30998229980469	51.5994987487793	
114.9342041015625	70.47991943359375	95.2765121459961	55.086509704589844	
115.1151123046875	66.24803924560547	96.33497619628906	56.26747512817383	
124.06831359863281	63.563087463378906	97.50814819335938	54.36634063720703	
121.9057846069336	62.8270263671875	104.50523376464844	56.065338134765625	
123.1786117553711	60.493263244628906	110.2292709350586	60.48529052734375	
123.67496490478516	63.580078125	113.8226089477539	58.269264221191406	
130.76832580566406	66.4927978515625	109.8900146484375	50.98955535888672	
129.28587341308594	70.39313507080078	112.64007568359375	47.788177490234375	
129.62892150878906	77.01514434814453	109.2583236694336	46.067665100097656	
122.97200012207031	79.35447692871094	112.27430725097656	47.69414520263672	
122.9573745727539	81.1020278930664	111.43780517578125	49.1837158203125	
125.8873519897461	81.64845275878906	107.06048583984375	50.29250717163086	
123.4380111694336	81.23505401611328	109.4294204711914	52.18302536010742	
122.14688873291016	81.8196792602539	106.69388580322266	51.82135772705078	
116.62281799316406	78.73558807373047	108.87477111816406	52.8594970703125	
115.23213958740234	80.54105377197266	112.43296813964844	52.29365921020508	
116.57157897949219	78.90587615966797	111.27359771728516	54.55092239379883	
118.35054016113281	79.71110534667969	108.8485336303711	57.70186233520508	
118.0549545288086	83.03202056884766	97.80223083496094	53.44438934326172	
119.01914978027344	97.64601135253906	107.5809097290039	48.314857482910156	
121.59410095214844	103.64794921875	104.5703125	43.637901306152344	
131.10122680664062	103.1458969116211	100.34889221191406	42.87908172607422	
118.28153228759766	99.96412658691406	114.75901794433594	47.88191604614258	
115.59920501708984	96.14765167236328	116.11273193359375	51.492431640625	
115.95112609863281	95.47259521484375	115.24798583984375	58.15727615356445	
116.0573501586914	92.21125030517578	114.84394836425781	61.872657775878906	
119.0971450805664	93.24812316894531	109.48249816894531	62.76232147216797	
124.85752868652344	93.5981216430664	103.2292251586914	60.6907958984375	
123.38704681396484	91.30725860595703	106.24150085449219	62.7371711730957	
123.84242248535156	90.66624450683594	106.531494140625	61.20098876953125	
122.42657470703125	89.84273529052734	108.52619934082031	60.4921989440918	
122.20726013183594	88.14086151123047	109.02827453613281	59.063079833984375	
121.89665222167969	85.37589263916016	109.41287994384766	56.93171310424805	
120.91188049316406	83.75743865966797	111.4767074584961	55.662452697753906	
122.56365966796875	82.4526138305664	112.75411224365234	55.2746696472168	
123.56929016113281	80.50825500488281	111.9002914428711	54.14860916137695	
123.978515625	76.40641021728516	109.19380950927734	53.97684860229492	
121.5764389038086	75.63011169433594	119.1485366821289	56.22765350341797	
122.45762634277344	75.14264678955078	117.09037780761719	55.97214889526367	
126.47242736816406	71.71034240722656	115.012939453125	56.104148864746094	
123.57008361816406	72.61449432373047	114.24778747558594	55.55859375	
124.06965637207031	68.21527099609375	111.35677337646484	55.375038146972656	
122.44905090332031	66.6612548828125	109.48038482666016	55.95563888549805	
112.24681091308594	67.28065490722656	117.38973236083984	57.464622497558594	
114.46728515625	68.62449645996094	117.91392517089844	56.969940185546875	
113.03175354003906	68.72327423095703	115.69245910644531	57.080604553222656	
115.9591064453125	67.73069763183594	113.44920349121094	58.551612854003906	
114.84208679199219	63.680702209472656	113.99989318847656	59.6789665222168	
125.79703521728516	60.57573699951172	108.3888168334961	61.830406188964844	
132.26124572753906	62.91582107543945	100.49259185791016	62.2884521484375	
127.49516296386719	70.54643249511719	103.99068450927734	56.51667022705078	
132.51963806152344	64.70912170410156	100.34090423583984	60.23378372192383	
130.20797729492188	66.94664001464844	97.33680725097656	61.216270446777344	
127.11747741699219	64.49510955810547	103.17515563964844	61.54723358154297	
123.78958892822266	60.570465087890625	105.313232421875	61.412071228027344	
116.367431640625	57.052024841308594	94.58551788330078	52.303688049316406	
119.77656555175781	56.199317932128906	94.7046890258789	51.40419387817383	
123.01469421386719	58.29405975341797	94.3230972290039	50.37001419067383	
126.19927978515625	62.93149948120117	91.89569091796875	49.377532958984375	
128.27224731445312	68.22868347167969	88.89535522460938	50.869361877441406	
125.41395568847656	86.11686706542969	87.32286071777344	52.606224060058594	
110.7308349609375	104.0376205444336	97.95634460449219	51.94628143310547	
102.16552734375	108.84571838378906	104.61686706542969	54.800392150878906	
103.1592025756836	110.06999206542969	101.90788269042969	54.81976318359375	
105.00950622558594	112.07441711425781	101.0872573852539	55.3975944519043	
105.37239837646484	112.1697998046875	101.85452270507812	55.626861572265625	
106.52960205078125	112.59196472167969	102.16688537597656	55.907859802246094	
107.1754150390625	110.60523986816406	103.28083801269531	54.561767578125	
107.54023742675781	107.71624755859375	105.4186019897461	54.976715087890625	
114.13893127441406	100.89457702636719	103.2259292602539	58.66594696044922	
115.32310485839844	95.18143463134766	108.35755920410156	55.4022331237793	
116.7513427734375	91.76628112792969	104.87879943847656	51.87672805786133	
114.50972747802734	87.28804779052734	108.6101303100586	56.0244140625	
119.6424560546875	96.84745788574219	98.1177749633789	55.1226921081543	
112.9844741821289	106.42830657958984	93.46024322509766	56.525291442871094	
108.60392761230469	109.6736068725586	92.5513687133789	55.77433395385742	
110.8064956665039	111.5034408569336	92.05390930175781	54.0595588684082	
109.72111511230469	110.88924407958984	94.16616821289062	54.3027229309082	
110.5047378540039	112.9078140258789	95.15184020996094	53.65654373168945	
112.97346496582031	111.77603912353516	93.41065216064453	52.9832649230957	
119.2590560913086	107.5641860961914	94.51032257080078	53.63926315307617	
128.5004425048828	100.40631103515625	88.75337219238281	53.12986373901367	
133.0533905029297	95.05433654785156	90.01596069335938	52.6949348449707	
133.50711059570312	87.67670440673828	93.30659484863281	58.77802276611328	
135.59385681152344	88.44486236572266	95.17543029785156	56.24016189575195	
134.8430633544922	84.26475524902344	90.48421478271484	42.3350715637207	
136.06893920898438	78.41622161865234	95.3718032836914	49.594276428222656	
115.0433120727539	102.0830307006836	105.11434173583984	56.460289001464844	
107.39567565917969	115.9590072631836	102.75091552734375	55.670494079589844	
105.98579406738281	122.07291412353516	100.26895141601562	56.70905303955078	
108.03923034667969	125.3829345703125	95.9211654663086	54.144989013671875	
102.29486083984375	122.97869873046875	98.21788024902344	56.15312957763672	
101.74159240722656	123.60173034667969	95.65531921386719	55.48698806762695	
102.48371887207031	125.76475524902344	91.28893280029297	55.39091873168945	
101.07133483886719	126.35115814208984	90.76251220703125	55.363868713378906	
102.90251159667969	126.3455581665039	88.1208724975586	51.5240592956543	
98.5228271484375	123.3066177368164	92.31263732910156	52.88978958129883	
101.0665054321289	120.9458999633789	89.86897277832031	49.914512634277344	
101.81111907958984	119.0456771850586	89.16466522216797	49.53368377685547	
102.19225311279297	116.2760009765625	87.9089584350586	48.47251510620117	
104.69816589355469	114.3211441040039	85.60383605957031	46.629966735839844	
104.7083740234375	109.29669189453125	85.31871795654297	47.75465393066406	
104.31719970703125	101.24903106689453	86.19185638427734	48.5549201965332	
109.75315856933594	100.29362487792969	91.33873748779297	49.640625	
117.96940612792969	74.92142486572266	87.85313415527344	52.511512756347656	
117.5155258178711	72.15013885498047	88.24897766113281	51.60577392578125	
117.5734634399414	66.81673431396484	93.96562194824219	52.30108642578125	
117.31101989746094	62.601768493652344	100.5674819946289	53.06916427612305	
120.71022033691406	59.86954879760742	101.66322326660156	52.177268981933594	
123.84893798828125	63.46364212036133	93.04673767089844	50.56890106201172	
120.24568176269531	58.6572151184082	98.99414825439453	52.24290084838867	
121.03520202636719	57.58794403076172	97.42848205566406	52.2667236328125	
116.83648681640625	55.60380935668945	104.27702331542969	52.59163284301758	
114.34022521972656	55.91716384887695	105.74420166015625	53.13190460205078	
115.09623718261719	53.439369201660156	107.6617660522461	54.65892791748047	
113.9935531616211	53.6002082824707	110.01045227050781	54.9926872253418	
115.16337585449219	54.82318878173828	107.9832992553711	54.315277099609375	
114.29715728759766	54.50511932373047	107.84956359863281	55.3200569152832	
115.51643371582031	54.05141067504883	105.2905502319336	55.396026611328125	
117.7894287109375	54.41253662109375	95.66343688964844	54.84429168701172	
117.62144470214844	55.86823272705078	100.25370788574219	51.87761306762695	
116.8060073852539	57.536048889160156	101.47055053710938	53.20441436767578	
115.87956237792969	56.50592803955078	99.54141998291016	55.568870544433594	
113.43251037597656	55.568748474121094	98.8202896118164	58.772605895996094	
119.2630615234375	72.71211242675781	86.52081298828125	53.411399841308594	
118.04512786865234	86.21827697753906	84.9828872680664	46.971771240234375	
113.9427719116211	96.27198028564453	86.97572326660156	46.514564514160156	
112.34305572509766	100.40079498291016	87.037353515625	46.99185562133789	
111.4587631225586	101.40837097167969	87.85417175292969	46.42435836791992	
112.5822982788086	102.4952163696289	88.9474868774414	46.386558532714844	
115.8573226928711	101.97945404052734	88.19375610351562	44.87459945678711	
112.58567810058594	104.9566879272461	93.53083801269531	49.80437469482422	
111.6427001953125	105.0243911743164	96.474365234375	51.85947799682617	
112.38471984863281	101.80284118652344	98.79998779296875	53.412391662597656	
113.40101623535156	98.20311737060547	102.36346435546875	53.16948318481445	
117.43212890625	93.74919128417969	102.79536437988281	52.52695846557617	
123.72935485839844	86.8271484375	96.53857421875	50.533897399902344	
126.2796401977539	78.15870666503906	100.02244567871094	54.97678756713867	
127.08612060546875	71.21472930908203	101.56726837158203	58.54719161987305	
123.55427551269531	69.66287994384766	108.8552017211914	54.19775390625	
117.6529541015625	67.60694885253906	113.50733947753906	53.152366638183594	
120.8245849609375	67.68150329589844	117.094482421875	55.683929443359375	
121.11822509765625	64.43199157714844	115.87721252441406	56.289710998535156	
121.02201843261719	62.746131896972656	118.83543395996094	60.082481384277344	
122.0809097290039	60.21100616455078	119.64848327636719	61.41566848754883	
128.2388916015625	60.127777099609375	117.71134948730469	61.06083297729492	
131.1321258544922	59.975975036621094	116.29693603515625	60.7031364440918	
134.6835174560547	58.250946044921875	115.71537017822266	59.551368713378906	
139.06292724609375	57.4374885559082	115.43580627441406	60.146888732910156	
140.56869506835938	59.09381103515625	114.8402099609375	60.83351516723633	
140.13870239257812	61.104042053222656	114.11732482910156	59.835533142089844	
141.54476928710938	59.15076446533203	114.8363265991211	59.396705627441406	
139.16404724121094	59.15666580200195	116.46379089355469	59.36798858642578	
137.94422912597656	59.615692138671875	118.07791900634766	59.451255798339844	
141.31356811523438	59.56724166870117	115.66120910644531	58.9714241027832	
142.85800170898438	59.5426139831543	113.42918395996094	58.244873046875	
142.5987091064453	58.807945251464844	114.00972747802734	58.85710525512695	
143.7774658203125	59.63768768310547	111.73294830322266	57.510581970214844	
138.74588012695312	60.37035369873047	113.67155456542969	58.0162467956543	
135.07015991210938	60.44990921020508	116.50312805175781	59.5697135925293	
123.5907211303711	62.445518493652344	119.04582214355469	58.46398162841797	
121.6723861694336	60.41618728637695	119.8272933959961	56.9785041809082	
125.412353515625	59.28881072998047	115.00581359863281	56.70464324951172	
118.36026763916016	59.121971130371094	118.09625244140625	57.8271484375	
115.37959289550781	60.71598434448242	120.7812728881836	59.2072868347168	
116.2314224243164	67.91838836669922	115.01295471191406	57.85302734375	
114.0621337890625	71.08891296386719	112.72337341308594	58.7431640625	
116.04493713378906	71.04194641113281	106.46821594238281	56.12971878051758	
113.1081314086914	73.65678405761719	109.14859771728516	56.67042922973633	
107.25071716308594	78.83145141601562	108.9541244506836	54.698768615722656	
102.32972717285156	81.0845718383789	104.13954162597656	56.03826904296875	
96.94535827636719	85.3006820678711	103.24958801269531	53.684547424316406	
93.525146484375	88.91716003417969	99.41970825195312	54.2663688659668	
90.05233001708984	90.55462646484375	100.12318420410156	53.268096923828125	
85.55815124511719	90.9478530883789	99.87431335449219	55.3010368347168	
80.34147644042969	90.34416198730469	102.8411865234375	54.32997512817383	
81.49009704589844	91.72885131835938	95.99855041503906	54.00688934326172	
79.56494140625	94.26775360107422	93.29789733886719	53.421722412109375	
74.60169982910156	93.92601013183594	100.79612731933594	54.757606506347656	
70.46226501464844	94.38494873046875	101.00386047363281	54.76348114013672	
75.3499526977539	93.55506134033203	92.55067443847656	53.9135856628418	
73.78176879882812	92.99837493896484	93.3861083984375	54.615272521972656	
72.03643035888672	95.28217315673828	92.81563568115234	55.095184326171875	
69.18196105957031	96.92619323730469	93.70496368408203	54.428733825683594	
67.04715728759766	95.22265625	95.83818054199219	53.637367248535156	
68.34293365478516	92.54488372802734	96.11048889160156	51.87957000732422	
65.30882263183594	91.80622100830078	96.07557678222656	51.54191207885742	
67.33538818359375	89.86763000488281	92.21841430664062	49.979400634765625	
69.04712677001953	88.61784362792969	87.05765533447266	47.33393096923828	
69.05131530761719	87.6262435913086	84.94503021240234	47.53147506713867	
74.0400161743164	82.26371002197266	85.46788024902344	46.85700607299805	
77.04615020751953	77.09444427490234	85.486572265625	44.97417449951172	
81.7608413696289	71.24964904785156	85.16522979736328	44.265750885009766	
82.46383666992188	68.2633056640625	85.45475006103516	44.404197692871094	
88.67599487304688	62.277099609375	81.16584777832031	44.7010612487793	
98.68453216552734	57.4607048034668	85.54289245605469	47.639747619628906	
99.70790100097656	55.01166534423828	90.57283020019531	50.17421340942383	
99.69032287597656	52.867713928222656	89.33547973632812	48.60368728637695	
95.1775131225586	55.92827224731445	89.16397094726562	45.95039367675781	
92.36761474609375	58.757469177246094	91.0689468383789	49.49404525756836	
91.87377166748047	61.79758834838867	94.4354476928711	43.96860885620117	
93.80875396728516	65.20806121826172	89.74436950683594	44.62934112548828	
92.78977966308594	72.17921447753906	81.41986846923828	45.27859115600586	
87.001708984375	77.97920227050781	86.03152465820312	47.38746643066406	
83.9282455444336	91.35673522949219	81.96610260009766	45.38877868652344	
81.68839263916016	100.329833984375	84.21065521240234	47.023780822753906	
82.66175842285156	105.11893463134766	85.85154724121094	46.123291015625	
82.47703552246094	110.1243667602539	85.31143188476562	47.40205764770508	
84.038818359375	112.9519271850586	84.55625915527344	51.88782501220703	
83.3946762084961	113.5009536743164	87.69893646240234	55.673194885253906	
82.41554260253906	112.4927749633789	93.28182220458984	56.7764778137207	
81.44244384765625	110.34858703613281	99.8817367553711	57.42470169067383	
82.87579345703125	109.3067626953125	103.2923355102539	56.564903259277344	
83.96223449707031	109.201416015625	105.73545837402344	51.37017822265625	
84.54129791259766	108.36637878417969	111.31642150878906	47.915496826171875	
85.93578338623047	105.16075134277344	115.45045471191406	46.12444305419922	
92.18038177490234	101.72398376464844	112.44254302978516	44.987361907958984	
97.52450561523438	96.85699462890625	111.18043518066406	44.77391052246094	
100.3481216430664	95.46415710449219	109.13108825683594	45.271427154541016	
102.748291015625	95.79544830322266	108.81208801269531	43.427284240722656	
105.82975006103516	91.09239196777344	109.92945861816406	44.78072738647461	
104.33485412597656	91.11466979980469	111.03935241699219	44.037078857421875	
106.07479095458984	90.16940307617188	110.83406066894531	44.526329040527344	
114.0477066040039	88.21824645996094	105.69523620605469	43.98606491088867	
112.0916976928711	85.15669250488281	107.36944580078125	44.690818786621094	
114.9398422241211	80.41390228271484	106.92916107177734	44.698890686035156	
113.7058334350586	80.00569152832031	105.69020080566406	44.5142936706543	
112.92524719238281	75.43885803222656	107.1924057006836	45.82114028930664	
109.79377746582031	76.495361328125	110.24192810058594	45.97565841674805	
114.43241119384766	72.7939682006836	108.57707214355469	47.11653518676758	
115.30278015136719	73.9952621459961	105.57716369628906	45.06615447998047	
119.4041748046875	69.94561767578125	105.69014739990234	47.027740478515625	
119.9724349975586	70.9072036743164	104.84089660644531	46.50797653198242	
121.28483581542969	72.58546447753906	102.09810638427734	45.02401351928711	
120.38775634765625	75.57942962646484	100.87590026855469	45.3197021484375	
122.14909362792969	75.97419738769531	100.39668273925781	45.24267578125	
131.31997680664062	68.47590637207031	94.99430084228516	48.59442138671875	
129.470458984375	66.07704162597656	97.16646575927734	49.5933723449707	
124.4584732055664	64.68511962890625	102.000244140625	48.810829162597656	
119.29959869384766	65.59191131591797	107.0230484008789	48.09596252441406	
120.94400787353516	66.93174743652344	104.8176498413086	48.41858673095703	
122.5408935546875	66.7654800415039	102.56736755371094	47.76476287841797	
125.28016662597656	66.50776672363281	101.36647033691406	48.51346206665039	
122.06783294677734	69.39055633544922	102.4954605102539	46.13164520263672	
120.4538345336914	69.89019775390625	104.60723876953125	45.34479904174805	
115.82696533203125	77.40513610839844	105.244384765625	42.8853759765625	
118.76670837402344	81.0283432006836	103.9349594116211	43.14411163330078	
124.59716796875	78.77384185791016	99.69222259521484	44.869651794433594	
123.3686752319336	81.37118530273438	95.25989532470703	43.64728546142578	
124.42889404296875	82.5933837890625	96.8084487915039	42.01074981689453	
117.491943359375	73.80838775634766	99.0542221069336	48.399009704589844	
115.20771789550781	71.44268798828125	100.50926208496094	55.605751037597656	
108.02876281738281	65.9134521484375	105.0810546875	60.171165466308594	
108.376220703125	63.99834060668945	105.92726135253906	61.205711364746094	
103.67935943603516	63.9329948425293	106.47380065917969	58.71190643310547	
105.49637603759766	67.95414733886719	104.6879653930664	56.49402618408203	
104.79964447021484	65.23408508300781	105.30167388916016	57.72136306762695	
106.5472183227539	61.488014221191406	102.93326568603516	57.31439971923828	
111.59776306152344	58.80036544799805	96.16416931152344	53.854759216308594	
119.310546875	53.8890380859375	91.40766906738281	52.075225830078125	
113.51658630371094	54.775306701660156	93.86994934082031	51.696800231933594	
109.30482482910156	55.0828857421875	101.69654846191406	55.479637145996094	
112.68501281738281	52.945396423339844	100.36068725585938	56.24626541137695	
109.4626235961914	54.7158203125	97.59922790527344	55.97712326049805	
111.4832763671875	52.6765022277832	97.25836181640625	54.960350036621094	
115.56346130371094	52.524147033691406	97.20597076416016	55.12512969970703	
118.51432037353516	53.16931915283203	101.39201354980469	54.99547576904297	
122.5518798828125	54.114707946777344	100.08867645263672	54.396026611328125	
114.79107666015625	56.0838623046875	103.50252532958984	54.6447868347168	
113.55318450927734	56.03499221801758	100.84437561035156	55.1778678894043	
107.95613861083984	61.24287796020508	101.87474822998047	55.1893424987793	
102.4270248413086	68.73616790771484	108.60482025146484	54.96544647216797	
102.45560455322266	73.68678283691406	107.18104553222656	55.762359619140625	
105.70577239990234	74.09770965576172	106.18501281738281	59.25682830810547	
103.51463317871094	80.65779113769531	107.56153869628906	58.311073303222656	
102.79109954833984	80.27369689941406	107.59211730957031	57.0655517578125	
97.20419311523438	83.26992797851562	110.08758544921875	58.295448303222656	
92.27378845214844	88.0093002319336	113.8298110961914	57.30542755126953	
92.30435180664062	92.56285858154297	111.3892822265625	56.30462646484375	
90.74147033691406	98.46138000488281	111.71376037597656	57.214576721191406	
87.21141052246094	103.73997497558594	111.6769790649414	58.981201171875	
82.9468002319336	107.38389587402344	111.04158020019531	61.11772537231445	
82.78291320800781	111.18882751464844	106.34867858886719	61.185096740722656	
80.54390716552734	113.98812103271484	104.07275390625	59.37241744995117	
78.33601379394531	115.50599670410156	102.36543273925781	59.633995056152344	
76.50994873046875	116.0023193359375	102.12752532958984	58.33594512939453	
78.7393798828125	115.53975677490234	95.08846282958984	56.05488204956055	
77.48878479003906	111.42236328125	94.29098510742188	54.024261474609375	
78.35909271240234	103.70115661621094	94.46794891357422	51.41791915893555	
83.3699951171875	92.93101501464844	91.72265625	48.77238082885742	
91.35684204101562	83.59825134277344	86.99639892578125	47.66513442993164	
91.93692779541016	68.78156280517578	89.13773345947266	50.061431884765625	
85.97816467285156	56.74945831298828	98.61726379394531	54.788185119628906	
87.05005645751953	60.9683837890625	98.08206939697266	53.079124450683594	
89.4200210571289	59.959693908691406	98.13618469238281	53.3183479309082	
90.17280578613281	54.67003631591797	96.81303405761719	53.96453094482422	
93.69271087646484	60.00447463989258	88.80193328857422	51.069480895996094	
97.0939712524414	69.14539337158203	85.03279876708984	49.218040466308594	
99.36463928222656	75.17494201660156	82.0775146484375	45.647499084472656	
96.80415344238281	81.03074645996094	83.56666564941406	44.678401947021484	
95.5121078491211	83.9675064086914	84.77137756347656	45.35911178588867	
94.7654037475586	88.23568725585938	85.15758514404297	44.788658142089844	
92.83977508544922	92.79566955566406	88.82450103759766	45.459922790527344	
88.53660583496094	98.65128326416016	92.00504302978516	47.2511100769043	
85.84672546386719	101.84501647949219	94.39788818359375	50.00456237792969	
81.34979248046875	104.047607421875	100.4123306274414	53.21955108642578	
82.5499496459961	105.42826843261719	102.2657241821289	52.06781005859375	
85.44849395751953	102.45377349853516	104.05648040771484	53.627403259277344	
93.15498352050781	91.09525299072266	102.82000732421875	53.60858154296875	
102.40496826171875	75.23233795166016	102.3779296875	60.707305908203125	
108.52899169921875	65.57341766357422	99.31675720214844	56.74530029296875	
99.18986511230469	66.3646011352539	108.53829193115234	52.5104866027832	
102.50563049316406	65.31531524658203	111.5234146118164	61.30198287963867	
102.44327545166016	70.95313262939453	108.3341064453125	60.268226623535156	
94.27890014648438	80.76197052001953	99.10516357421875	60.90940475463867	
82.57485961914062	88.73402404785156	99.40501403808594	60.225685119628906	
77.43070983886719	95.1913070678711	97.10232543945312	56.96061325073242	
72.07888793945312	98.07975006103516	99.98197174072266	56.03764724731445	
68.15773010253906	98.60479736328125	100.91349792480469	56.79944610595703	
64.66636657714844	98.09566497802734	104.25028991699219	58.05759811401367	
65.31938171386719	99.18270111083984	103.566162109375	57.641136169433594	
65.5336685180664	99.98979949951172	103.2291488647461	56.97407913208008	
66.66864013671875	100.1831283569336	102.03590393066406	56.731910705566406	
67.02389526367188	100.80122375488281	101.46073913574219	56.28605270385742	
66.35044860839844	100.71210479736328	103.91229248046875	57.491004943847656	
66.93405151367188	99.6589126586914	104.81719970703125	58.05290985107422	
70.32546997070312	99.26444244384766	104.65962982177734	58.35026931762695	
75.34149169921875	98.7091293334961	102.8961181640625	57.33525848388672	
82.606201171875	95.88392639160156	105.28434753417969	56.15803146362305	
93.16459655761719	88.61138153076172	102.02310943603516	57.87642288208008	
102.09043884277344	78.5949478149414	102.9525146484375	61.10820770263672	
115.39288330078125	67.56161499023438	100.84497833251953	62.678070068359375	
111.33403015136719	58.61165237426758	117.8344955444336	69.12569427490234	
109.43135070800781	53.403465270996094	127.07374572753906	61.029319763183594	
107.51285552978516	60.024322509765625	125.70890808105469	61.71746826171875	
113.33668518066406	66.32472229003906	108.5728988647461	63.616310119628906	
99.7066879272461	83.24835205078125	108.39109802246094	57.00579071044922	
95.82139587402344	95.77957153320312	104.51219177246094	52.78417205810547	
89.9990463256836	105.5407485961914	105.00639343261719	54.2349853515625	
80.82100677490234	113.53192138671875	104.16448974609375	57.7716178894043	
76.67095184326172	117.59043884277344	102.32801818847656	60.5184211730957	
75.62361145019531	121.17767333984375	99.63150787353516	60.14756393432617	
77.59368896484375	120.47723388671875	99.52500915527344	59.806724548339844	
83.01597595214844	115.6226806640625	100.7833023071289	58.37176513671875	
91.00618743896484	105.1692123413086	104.2553482055664	53.86475372314453	
107.95084381103516	76.5287857055664	103.0485610961914	59.017860412597656	
105.80418395996094	72.61750793457031	108.437744140625	54.7135009765625	
103.0064468383789	61.6551399230957	120.7105712890625	68.8245849609375	
107.6450424194336	78.11527252197266	108.2139663696289	64.39339447021484	
98.01765441894531	93.16508483886719	107.62623596191406	58.94720458984375	
91.92353820800781	101.98648071289062	104.49737548828125	56.43837356567383	
89.8238525390625	103.9386215209961	104.00193786621094	56.770545959472656	
92.71709442138672	104.1183853149414	102.6607666015625	55.37230682373047	
95.41636657714844	102.17402648925781	98.57280731201172	54.262367248535156	
97.09257507324219	99.11550903320312	100.29814147949219	54.5919075012207	
100.2902603149414	99.2406234741211	96.51994323730469	52.9232063293457	
103.1259765625	97.8902816772461	96.95858764648438	52.54533004760742	
109.21266174316406	93.92420959472656	94.03933715820312	52.68529510498047	
112.26121520996094	77.86962890625	99.90121459960938	61.283958435058594	
106.67149353027344	66.86544799804688	121.11421966552734	62.11610794067383	
107.8413314819336	63.87015914916992	118.04576110839844	61.23305130004883	
110.51405334472656	68.5779037475586	106.6650390625	64.99171447753906	
100.81968688964844	92.3656234741211	107.93836975097656	56.341346740722656	
93.449462890625	104.6965103149414	105.46394348144531	57.091217041015625	
86.15374755859375	111.80918884277344	104.12913513183594	57.80446243286133	
85.81783294677734	117.2990951538086	96.06512451171875	59.031883239746094	
83.26921081542969	117.97068786621094	94.55598449707031	58.801856994628906	
82.72431945800781	116.38716125488281	93.25050354003906	57.501243591308594	
82.33424377441406	114.6595458984375	91.84159851074219	54.45402908325195	
79.71429443359375	112.96183776855469	89.45111846923828	53.11095428466797	
79.43136596679688	111.472412109375	86.90675354003906	52.483184814453125	
80.35533142089844	107.6960220336914	87.57603454589844	50.331871032714844	
84.67015075683594	99.39083862304688	86.92240905761719	52.34330368041992	
92.99986267089844	93.18412780761719	84.2663803100586	50.145835876464844	
98.94908905029297	83.64276123046875	87.33049011230469	48.590450286865234	
101.06825256347656	81.74519348144531	86.89773559570312	48.326595306396484	
104.73695373535156	83.50935363769531	87.75667572021484	46.435302734375	
109.37760925292969	95.56851959228516	77.29633331298828	41.68541717529297	
107.75882720947266	100.8271255493164	76.38481140136719	40.347740173339844	
105.73709869384766	104.95066833496094	78.16403198242188	39.34082794189453	
104.2935562133789	109.46649169921875	79.76766967773438	39.171531677246094	
104.57186126708984	112.1307601928711	83.83207702636719	40.45728302001953	
107.07698059082031	114.88435363769531	85.3353042602539	39.75726318359375	
103.93890380859375	112.87590026855469	92.97177124023438	41.20048522949219	
106.41938781738281	110.83558654785156	98.49542999267578	40.708168029785156	
112.84747314453125	106.87519836425781	94.39280700683594	39.28779602050781	
117.72770690917969	99.92266845703125	101.0904769897461	42.11910629272461	
121.9146499633789	91.57913970947266	100.0782470703125	44.08134460449219	
126.03825378417969	89.71568298339844	97.0468521118164	41.85059356689453	
130.82736206054688	80.57003784179688	105.80533599853516	46.11241912841797	
132.79214477539062	73.2457046508789	109.7155532836914	45.59284591674805	
148.70460510253906	64.85957336425781	106.75285339355469	44.533111572265625	
158.76998901367188	63.18157196044922	101.7186508178711	42.72761535644531	
163.74398803710938	60.7454948425293	92.74799346923828	42.110443115234375	
169.36721801757812	57.68449783325195	99.17467498779297	45.044342041015625	
164.7955780029297	58.28306198120117	98.9379653930664	44.84075164794922	
151.15087890625	63.36717987060547	106.28633117675781	47.19783020019531	
151.90492248535156	62.725006103515625	104.93486022949219	46.21455383300781	
162.0029754638672	60.32609176635742	97.27210998535156	44.65079116821289	
162.0872344970703	51.80699920654297	96.28803253173828	49.07353973388672	
148.1710205078125	50.44508361816406	95.97093200683594	52.15816116333008	
141.4524688720703	54.99689483642578	107.5013427734375	54.892974853515625	
139.38565063476562	52.378387451171875	109.42033386230469	57.639503479003906	
133.9122314453125	51.58369827270508	109.4297103881836	57.713966369628906	
127.63285827636719	49.78628158569336	114.8319091796875	57.434608459472656	
122.14083099365234	42.6514892578125	116.2331314086914	56.5127067565918	
132.3353729248047	30.318111419677734	112.98809814453125	53.44385528564453	
146.7106475830078	25.924785614013672	96.47855377197266	52.434043884277344	
138.2520294189453	26.86321449279785	99.04663848876953	53.829742431640625	
123.01216125488281	42.425743103027344	117.24461364746094	63.05903244018555	
133.6505126953125	54.370445251464844	100.54634857177734	62.58466720581055	
133.4447784423828	57.84685134887695	95.89097595214844	60.17475509643555	
133.3080596923828	57.13562774658203	94.2004165649414	60.19987869262695	
136.2205352783203	57.0386962890625	92.65921783447266	60.66533279418945	
133.3080291748047	51.44001007080078	105.9955062866211	61.538421630859375	
128.7276611328125	46.0228157043457	99.76163482666016	54.21833419799805	
117.9325180053711	49.3055419921875	116.29719543457031	56.149070739746094	
119.29117584228516	58.600128173828125	109.27689361572266	57.78044509887695	
117.79017639160156	62.46784591674805	99.1187744140625	56.230796813964844	
110.74967193603516	75.35598754882812	99.43524169921875	56.24397659301758	
100.0054702758789	89.64180755615234	102.04991149902344	54.14548873901367	
89.13430786132812	99.57200622558594	105.13668060302734	55.150352478027344	
89.57685852050781	99.95194244384766	97.4471206665039	52.4352912902832	
89.91639709472656	99.95045471191406	93.82328796386719	50.34369659423828	
93.09193420410156	92.94470977783203	90.32899475097656	47.914405822753906	
94.78971862792969	89.32072448730469	86.02346801757812	47.807777404785156	
97.22195434570312	84.46723937988281	83.73426818847656	46.89611053466797	
94.39613342285156	83.68704986572266	84.0374526977539	47.30924606323242	
98.02025604248047	78.13276672363281	82.34004974365234	45.94231414794922	
99.9306869506836	75.48216247558594	83.21583557128906	45.69512176513672	
102.91104888916016	77.24496459960938	80.44015502929688	46.11090087890625	
101.05303955078125	79.4674301147461	81.6199951171875	46.567626953125	
95.97193908691406	84.6388931274414	82.49508666992188	47.4775505065918	
93.9583511352539	86.93534851074219	83.90956115722656	46.922447204589844	
91.97820281982422	91.01335144042969	84.71411895751953	46.35743713378906	
90.88790893554688	95.54170989990234	84.76072692871094	47.55059814453125	
92.69349670410156	98.3098373413086	84.7883071899414	48.043914794921875	
93.51644134521484	101.39300537109375	84.29338073730469	48.55870056152344	
88.82929992675781	104.67138671875	88.18487548828125	49.075687408447266	
87.40573120117188	107.51708984375	87.7021255493164	51.03666305541992	
85.15104675292969	108.62696838378906	91.8885498046875	51.143653869628906	
89.38308715820312	105.64041900634766	93.23011779785156	51.7514762878418	
92.22770690917969	99.25967407226562	96.54834747314453	52.17613983154297	
99.64376068115234	88.93096923828125	98.13300323486328	53.14226531982422	
108.06343078613281	77.6014175415039	99.30220794677734	55.213844299316406	
118.37254333496094	66.91117858886719	96.28716278076172	54.72216033935547	
122.71280670166016	62.43364334106445	94.22236633300781	51.4268913269043	
114.30583190917969	59.83051681518555	105.18995666503906	51.562705993652344	
113.97419738769531	56.75471115112305	109.810791015625	56.5827751159668	
118.27043151855469	49.80774688720703	109.6174545288086	60.6032829284668	
115.9947280883789	67.45296478271484	100.14523315429688	59.0342903137207	
111.87727355957031	71.62494659423828	99.56109619140625	58.544403076171875	
