152.0	128.0	90.0	58.0	
151.30467224121094	127.8238296508789	90.70944213867188	57.535621643066406	
151.26849365234375	126.77779388427734	92.01600646972656	57.61071014404297	
153.07748413085938	124.64555358886719	93.07231140136719	57.32672119140625	
154.6225128173828	122.7777328491211	93.30032348632812	55.9710693359375	
154.6894989013672	120.83428955078125	93.67706298828125	55.03254318237305	
155.8674774169922	118.96602630615234	94.89178466796875	56.24433135986328	
154.7904815673828	118.396484375	95.84341430664062	56.31407928466797	
154.5762176513672	118.35330963134766	95.05823516845703	55.633575439453125	
153.009521484375	119.14125061035156	95.39344787597656	56.24821853637695	
153.44862365722656	119.5612564086914	95.44579315185547	56.44138717651367	
153.8059844970703	120.823974609375	93.20014190673828	56.136688232421875	
152.50650024414062	121.92863464355469	94.58766174316406	55.95917510986328	
150.65402221679688	123.5497817993164	94.11436462402344	56.098487854003906	
149.81808471679688	125.60841369628906	93.57508087158203	55.72972869873047	
149.11129760742188	126.09342193603516	94.44355773925781	56.1381721496582	
149.57870483398438	126.37030029296875	93.70649719238281	55.75323486328125	
149.7965545654297	125.5653076171875	93.40717315673828	56.30354690551758	
151.63856506347656	122.9476547241211	93.66361999511719	56.53932571411133	
154.99085998535156	120.50728607177734	94.34465026855469	56.15593719482422	
154.88169860839844	119.36314392089844	96.2822494506836	56.507843017578125	
155.70286560058594	119.63311767578125	95.96500396728516	57.09309005737305	
155.38662719726562	121.748779296875	93.49512481689453	56.15671920776367	
153.73098754882812	124.0451889038086	92.17021179199219	55.57941436767578	
152.664794921875	124.04483795166016	94.9684829711914	56.05030059814453	
152.0732879638672	125.04075622558594	95.56009674072266	55.248207092285156	
151.9907684326172	124.73124694824219	96.13787841796875	56.3677978515625	
152.8402862548828	123.47660827636719	94.71498107910156	55.38663864135742	
154.209716796875	122.30192565917969	92.9670181274414	55.2231559753418	
155.85203552246094	120.34977722167969	94.11213684082031	56.06196212768555	
155.0212860107422	119.32762145996094	95.43156433105469	56.02771759033203	
154.45590209960938	118.2771224975586	99.02513122558594	56.94367599487305	
156.4083709716797	118.70463562011719	95.5622329711914	56.15631103515625	
155.74746704101562	119.18696594238281	95.38090515136719	56.45405960083008	
154.99234008789062	120.49519348144531	94.92512512207031	55.94307327270508	
154.40618896484375	121.1556625366211	94.82344055175781	55.40459442138672	
154.982666015625	121.07246398925781	93.1346664428711	54.967018127441406	
157.302001953125	119.80964660644531	91.29338073730469	54.603065490722656	
159.8382568359375	117.17414855957031	93.01512145996094	55.95231246948242	
157.75830078125	116.47232818603516	95.0046615600586	57.380516052246094	
155.7705078125	117.21541595458984	94.7987289428711	56.09778594970703	
155.23489379882812	116.4891357421875	96.7598648071289	55.82018280029297	
155.40853881835938	115.645751953125	98.74161529541016	55.35797119140625	
157.57827758789062	115.45014953613281	95.52061462402344	54.70103073120117	
157.98043823242188	117.12107849121094	93.21669006347656	54.520477294921875	
155.60385131835938	119.29728698730469	93.4708251953125	54.264862060546875	
154.94786071777344	118.866943359375	94.21604919433594	54.5020866394043	
157.24867248535156	117.5946044921875	91.8127212524414	55.482200622558594	
158.8780975341797	116.5853500366211	92.88511657714844	56.588783264160156	
159.8660125732422	117.06556701660156	92.32514953613281	55.021018981933594	
160.43624877929688	114.6736831665039	92.33943939208984	55.868255615234375	
160.74295043945312	112.99269104003906	94.77295684814453	58.35307693481445	
158.83731079101562	113.16524505615234	97.4222412109375	58.30608367919922	
159.85263061523438	115.0396499633789	92.20619201660156	56.53050994873047	
158.23495483398438	115.1485824584961	93.37355041503906	56.49151611328125	
158.17315673828125	114.2905044555664	95.34960174560547	57.5707893371582	
159.52511596679688	113.2553482055664	91.85807800292969	57.96931838989258	
162.3364715576172	110.46311950683594	89.69160461425781	60.574790954589844	
164.82861328125	107.18241882324219	88.57344055175781	63.729530334472656	
163.43324279785156	104.51588439941406	92.10105895996094	64.03751373291016	
165.8881378173828	108.13004302978516	84.36356353759766	57.2193489074707	
162.70394897460938	118.06600189208984	85.05156707763672	58.3077392578125	
161.93222045898438	121.4568099975586	85.46697998046875	58.0196418762207	
161.9447784423828	123.04631042480469	85.05751037597656	57.80562210083008	
160.5193328857422	125.1324234008789	85.38275146484375	56.2431526184082	
158.61427307128906	127.01261138916016	85.53712463378906	55.159690856933594	
158.12838745117188	128.2490692138672	85.07367706298828	53.99583053588867	
158.5044708251953	128.5146484375	84.70641326904297	53.14604568481445	
158.40147399902344	127.86976623535156	85.3701171875	53.63212203979492	
158.0586700439453	127.86344146728516	85.7031021118164	53.06168746948242	
157.46109008789062	127.78582763671875	86.38771057128906	53.006187438964844	
158.06024169921875	127.67988586425781	85.27912139892578	52.83805465698242	
157.8807830810547	127.01264953613281	86.12816619873047	53.63356399536133	
158.2849884033203	126.53532409667969	85.11038970947266	53.33687210083008	
159.4306182861328	125.5951919555664	84.17015075683594	54.138336181640625	
159.7010498046875	124.43477630615234	86.02610778808594	53.9504280090332	
160.6273651123047	122.43971252441406	84.58615112304688	55.298484802246094	
161.69554138183594	119.6749267578125	83.76396179199219	55.93890380859375	
163.1565704345703	115.9800033569336	84.48558044433594	57.7957649230957	
161.7875213623047	111.894287109375	86.97982025146484	59.4794921875	
164.68331909179688	108.0151596069336	82.60685729980469	59.23606491088867	
165.5176544189453	101.52377319335938	89.58161926269531	60.72466278076172	
166.94442749023438	98.33625793457031	88.61865997314453	60.93610763549805	
164.88375854492188	100.34162902832031	91.7874984741211	59.92271041870117	
160.1392822265625	104.61991882324219	95.81687927246094	58.87638473510742	
159.1630859375	109.32734680175781	93.4853744506836	56.4332275390625	
155.40769958496094	112.1614761352539	95.94757080078125	57.2898063659668	
152.61111450195312	115.4305419921875	95.24016571044922	58.7406005859375	
148.6144256591797	118.45194244384766	96.01521301269531	61.002418518066406	
146.96768188476562	122.1436767578125	93.54467010498047	60.94536590576172	
144.13595581054688	124.01008605957031	92.25296783447266	62.06373977661133	
143.53713989257812	127.80146789550781	90.91743469238281	61.23201370239258	
146.03428649902344	123.65423583984375	90.1097412109375	58.34914016723633	
156.19326782226562	105.1834945678711	86.4908447265625	56.87772750854492	
160.4188690185547	93.69965362548828	83.48714447021484	54.19597625732422	
166.00613403320312	79.02278137207031	84.07568359375	54.49669647216797	
166.24819946289062	78.39659881591797	83.05509948730469	54.00579071044922	
167.2552490234375	74.02349090576172	83.6117935180664	55.06162643432617	
169.4453125	72.22772979736328	83.03701782226562	53.359718322753906	
171.28341674804688	67.95132446289062	83.24142456054688	53.411834716796875	
175.65380859375	68.85027313232422	80.267578125	51.727996826171875	
173.54562377929688	65.84562683105469	81.96109771728516	51.203857421875	
174.1111602783203	63.754188537597656	82.4476318359375	50.67744445800781	
174.7987518310547	62.839805603027344	81.95928955078125	50.56221389770508	
175.30592346191406	63.62212371826172	80.75650787353516	50.85813522338867	
174.72988891601562	63.83050537109375	80.70945739746094	51.06504440307617	
172.14312744140625	61.743568420410156	84.25303649902344	53.225006103515625	
170.17572021484375	62.3685417175293	84.23383331298828	53.79943084716797	
169.55484008789062	65.2179946899414	83.54624938964844	54.068115234375	
168.36886596679688	67.82810974121094	83.34907531738281	54.370880126953125	
167.78024291992188	70.02882385253906	82.00782775878906	53.78498458862305	
167.56137084960938	71.88026428222656	81.53422546386719	53.9351921081543	
167.14720153808594	74.41291809082031	82.85211944580078	54.40205001831055	
167.98379516601562	80.62678527832031	79.92601013183594	55.2373046875	
162.83218383789062	85.9491195678711	83.45780944824219	56.88077926635742	
145.52957153320312	116.10723876953125	92.29389953613281	58.79905319213867	
146.06919860839844	111.7662124633789	95.21881866455078	60.47593307495117	
149.67575073242188	108.25999450683594	93.47466278076172	60.477638244628906	
149.91258239746094	103.46379089355469	94.94062805175781	61.27435302734375	
151.6325225830078	102.6388931274414	94.1473159790039	58.05718994140625	
151.61251831054688	99.58778381347656	94.07225036621094	57.567604064941406	
151.39474487304688	98.66123962402344	93.39398193359375	56.862274169921875	
151.687744140625	97.10306549072266	93.9358139038086	58.03788375854492	
151.25808715820312	93.2667236328125	93.40495300292969	58.566368103027344	
153.56112670898438	89.729736328125	92.5828857421875	59.3116569519043	
153.30007934570312	89.05729675292969	90.75236511230469	63.35540008544922	
150.98988342285156	89.3393783569336	91.81753540039062	63.7929801940918	
148.12477111816406	89.44773864746094	93.56063079833984	64.23358917236328	
142.209716796875	99.9146957397461	89.21134185791016	62.04166793823242	
141.60031127929688	101.23098754882812	87.30741119384766	62.286766052246094	
136.59994506835938	106.68218994140625	88.13858032226562	59.96613311767578	
136.08523559570312	106.24532318115234	87.41700744628906	61.08002471923828	
135.2113494873047	107.1036148071289	88.97648620605469	60.187828063964844	
136.8499298095703	107.4974365234375	87.92289733886719	59.9805908203125	
134.15383911132812	110.1249771118164	89.09896850585938	57.799644470214844	
131.77816772460938	110.43534851074219	90.56146240234375	58.86774826049805	
130.92543029785156	113.90077209472656	89.90787506103516	56.73090744018555	
128.19070434570312	114.58182525634766	91.10685729980469	57.45600128173828	
127.77249908447266	115.13798522949219	90.75284576416016	56.779930114746094	
127.25679779052734	114.51676940917969	91.21710205078125	57.23432540893555	
127.96379089355469	114.3436508178711	90.51858520507812	57.04317092895508	
129.1307373046875	114.9571533203125	88.57476806640625	56.11216354370117	
127.6972885131836	115.44349670410156	89.04313659667969	55.97236251831055	
126.8841781616211	115.09742736816406	89.91596984863281	56.24053192138672	
127.67008972167969	114.26910400390625	89.29927062988281	56.43245315551758	
128.04002380371094	112.47660827636719	89.01789855957031	56.245216369628906	
127.5374526977539	107.07261657714844	91.34645080566406	58.505043029785156	
131.0559844970703	103.1827163696289	89.49894714355469	59.916236877441406	
133.96102905273438	97.70442962646484	88.64601135253906	61.515716552734375	
139.3351287841797	92.02840423583984	89.03352355957031	63.52819061279297	
142.11056518554688	82.59480285644531	96.4520492553711	66.72050476074219	
144.0768585205078	83.54508209228516	94.60723114013672	62.298789978027344	
134.60208129882812	84.68463134765625	104.48347473144531	67.33383178710938	
140.18490600585938	93.6988754272461	94.77241516113281	57.73313522338867	
136.81227111816406	96.81949615478516	96.27420806884766	58.956260681152344	
131.36669921875	99.73141479492188	98.9556655883789	63.657386779785156	
127.44303131103516	106.3786392211914	97.51998138427734	62.82042694091797	
124.15174865722656	108.692626953125	96.76527404785156	64.65656280517578	
121.09245300292969	113.779541015625	96.58979797363281	63.2763557434082	
118.1443099975586	120.89835357666016	94.72312927246094	60.75957107543945	
133.37181091308594	91.13496398925781	89.9395980834961	58.65087890625	
147.2988739013672	64.9073257446289	86.69572448730469	56.288604736328125	
152.26834106445312	62.04707717895508	84.70707702636719	55.197784423828125	
153.84939575195312	57.634735107421875	86.71100616455078	54.71358108520508	
146.1608428955078	50.73255157470703	93.20149993896484	60.0632209777832	
147.41415405273438	47.988670349121094	92.8323974609375	59.825355529785156	
137.4400177001953	49.137855529785156	93.47703552246094	60.24079513549805	
140.656982421875	50.024009704589844	92.37810516357422	59.5325927734375	
138.96047973632812	49.463470458984375	92.46515655517578	59.58869171142578	
134.76661682128906	52.38129425048828	90.37228393554688	58.239952087402344	
138.0056915283203	83.23078918457031	87.07897186279297	55.20991897583008	
137.76022338867188	83.58390045166016	88.11837005615234	55.58887481689453	
142.32098388671875	71.90386199951172	88.18367004394531	55.5713996887207	
149.21694946289062	63.612548828125	83.6557388305664	53.9178466796875	
144.91702270507812	65.0225830078125	83.47833251953125	54.160430908203125	
142.95724487304688	65.97407531738281	83.84894561767578	54.71398162841797	
133.89877319335938	98.84333801269531	93.10933685302734	57.599266052246094	
136.95901489257812	99.41729736328125	97.28993225097656	61.24367141723633	
142.72274780273438	99.23176574707031	96.87528991699219	60.26335525512695	
147.7936553955078	98.39289855957031	94.13041687011719	60.051841735839844	
152.51522827148438	98.3858871459961	93.46531677246094	59.31679153442383	
156.12179565429688	98.623779296875	94.71885681152344	59.44728469848633	
158.83486938476562	98.74703979492188	93.96000671386719	59.41428756713867	
164.1244354248047	98.21339416503906	94.75202941894531	59.69134521484375	
168.03921508789062	98.33848571777344	95.1395034790039	58.65342330932617	
172.68832397460938	100.7127456665039	95.08013153076172	57.948219299316406	
175.13870239257812	99.57124328613281	98.42169952392578	58.082855224609375	
180.50729370117188	99.80510711669922	95.15823364257812	57.38818359375	
183.50811767578125	97.533203125	97.59102630615234	58.70978546142578	
185.7068634033203	96.91517639160156	97.34889221191406	58.16649627685547	
188.87298583984375	95.9891357421875	97.9061050415039	59.20319366455078	
190.16305541992188	96.44476318359375	99.46389770507812	59.324188232421875	
191.45803833007812	97.128173828125	97.84735107421875	58.71912384033203	
191.1527862548828	97.93985748291016	98.7546615600586	58.871788024902344	
193.16787719726562	97.5889892578125	98.05744934082031	59.17060089111328	
192.8345947265625	98.25032043457031	97.07475280761719	58.3888053894043	
192.20187377929688	98.19624328613281	96.5346908569336	59.152809143066406	
193.91079711914062	96.69223022460938	98.05159759521484	59.88889694213867	
194.8614044189453	96.079345703125	97.12242126464844	59.68952178955078	
195.8659210205078	94.54905700683594	97.7567367553711	59.715476989746094	
196.6749725341797	93.65615844726562	98.9437484741211	60.22844314575195	
196.37515258789062	92.50151062011719	97.99462127685547	59.10822677612305	
196.98104858398438	93.19488525390625	97.86558532714844	59.78081512451172	
195.95980834960938	91.7951889038086	96.4264144897461	59.09586715698242	
194.88648986816406	92.97167205810547	97.23177337646484	58.655311584472656	
194.69923400878906	94.4722900390625	96.53186798095703	59.0009651184082	
192.37307739257812	97.13638305664062	97.10420989990234	57.94187545776367	
189.5438690185547	99.67577362060547	99.07965850830078	58.98523712158203	
183.9606170654297	100.56996154785156	105.251220703125	60.361427307128906	
184.97900390625	103.2704086303711	98.53775024414062	58.86851119995117	
182.4187774658203	102.17484283447266	98.29420471191406	57.254249572753906	
180.15365600585938	103.31562805175781	95.7572021484375	57.423919677734375	
176.1355743408203	106.10737609863281	93.4979476928711	56.87000274658203	
173.57347106933594	105.85603332519531	92.8013916015625	56.73714065551758	
168.85549926757812	105.21244049072266	93.2452163696289	57.855369567871094	
162.709228515625	100.33585357666016	93.64421081542969	60.3491325378418	
157.59902954101562	100.84068298339844	93.65483856201172	60.3818359375	
140.3209686279297	112.11659240722656	103.0068588256836	66.3822021484375	
143.93960571289062	111.36100769042969	95.31391143798828	58.79724884033203	
159.7720947265625	71.43537902832031	83.07778930664062	57.064186096191406	
161.1132049560547	74.23660278320312	83.1925277709961	56.64598846435547	
146.07302856445312	90.40824127197266	88.10005187988281	58.4394645690918	
145.97152709960938	90.41194152832031	89.320068359375	57.731285095214844	
159.02755737304688	84.70252990722656	86.84239196777344	56.243629455566406	
172.79795837402344	77.57376098632812	86.0158920288086	55.67766571044922	
174.2338104248047	78.96478271484375	85.93058776855469	55.21795654296875	
173.9346923828125	79.6121826171875	87.25321960449219	54.90583038330078	
174.6328582763672	80.82523345947266	87.37252044677734	54.17591094970703	
175.91250610351562	81.45101928710938	89.73665618896484	55.426124572753906	
177.85633850097656	82.16085052490234	90.66642761230469	55.01005172729492	
176.74134826660156	82.25850677490234	93.69097900390625	56.09765625	
177.66973876953125	84.27906799316406	93.49409484863281	56.7984733581543	
177.4650421142578	84.65321350097656	94.65815734863281	56.1467170715332	
179.94656372070312	85.37619018554688	92.23460388183594	55.640098571777344	
176.94619750976562	84.54612731933594	94.94227600097656	56.6043586730957	
177.733642578125	83.75749206542969	95.37083435058594	56.33681106567383	
179.70806884765625	83.34949493408203	94.03126525878906	56.310768127441406	
181.39382934570312	83.61405181884766	93.6512680053711	55.3795280456543	
181.09494018554688	85.1619873046875	93.7281265258789	55.87696075439453	
180.6558837890625	87.1447525024414	93.33291625976562	56.114410400390625	
179.15235900878906	89.58497619628906	92.90104675292969	54.909950256347656	
175.74313354492188	91.1966781616211	94.35762023925781	55.120079040527344	
176.43032836914062	90.54691314697266	95.24391174316406	56.54222869873047	
175.542236328125	89.81830596923828	95.63890075683594	55.67472457885742	
177.4586181640625	88.88966369628906	94.55286407470703	55.69169998168945	
177.92660522460938	87.31368255615234	93.90119171142578	56.380882263183594	
175.95204162597656	87.16407775878906	93.74990844726562	55.07905960083008	
171.62977600097656	87.25968933105469	93.71258544921875	56.444908142089844	
171.50347900390625	88.41799926757812	87.28018188476562	53.15861129760742	
169.3374481201172	89.1060791015625	87.29763793945312	52.958091735839844	
164.2717742919922	90.00004577636719	88.69230651855469	52.970909118652344	
158.8178253173828	92.83282470703125	91.12166595458984	52.59452438354492	
153.41952514648438	95.84044647216797	90.53595733642578	52.492027282714844	
151.97824096679688	98.21939086914062	90.50639343261719	52.65122604370117	
146.65945434570312	98.2495346069336	91.26959991455078	53.665924072265625	
145.91555786132812	97.19229125976562	93.18668365478516	56.44011688232422	
147.3218231201172	92.80846405029297	90.6951675415039	59.514259338378906	
142.962646484375	92.39277648925781	94.73115539550781	58.55763626098633	
138.22048950195312	87.82696533203125	96.70069885253906	61.417579650878906	
120.45416259765625	90.41989135742188	108.16838073730469	69.70845031738281	
130.35751342773438	83.1523208618164	100.66728973388672	64.5130386352539	
127.45951843261719	82.06932067871094	103.05889892578125	66.50953674316406	
126.966064453125	78.31324768066406	103.57325744628906	68.7611083984375	
130.53268432617188	82.97996520996094	99.07441711425781	64.98213195800781	
129.27215576171875	82.52400207519531	98.94522857666016	63.68049240112305	
129.7009735107422	77.55569458007812	105.1728515625	62.3051872253418	
130.46817016601562	74.88553619384766	105.54833984375	60.44594192504883	
134.3605499267578	75.61018371582031	110.47269439697266	63.66707229614258	
144.4664764404297	73.20405578613281	111.08973693847656	63.69316864013672	
151.7976837158203	74.97930908203125	109.81412506103516	66.40074157714844	
154.98391723632812	78.53800964355469	103.0173568725586	65.21669006347656	
155.09646606445312	81.37297821044922	103.17338562011719	64.4818115234375	
156.49468994140625	82.9542465209961	102.22960662841797	64.34370422363281	
155.66567993164062	83.98072052001953	103.33670806884766	64.0246810913086	
155.37794494628906	87.91020202636719	103.33329772949219	61.62690353393555	
153.23361206054688	94.48178100585938	104.17877197265625	61.48283004760742	
151.82603454589844	98.58866882324219	102.97434997558594	62.922889709472656	
152.29168701171875	100.7640151977539	101.57865142822266	62.97957229614258	
151.22674560546875	104.38138580322266	101.37964630126953	63.468658447265625	
147.9156951904297	107.6805419921875	102.1659164428711	65.18038940429688	
142.19970703125	111.61075592041016	104.03275299072266	65.6888656616211	
137.7304229736328	116.9919662475586	104.46717834472656	65.6469955444336	
134.69935607910156	120.29620361328125	106.43524169921875	64.37413787841797	
134.81231689453125	121.81462097167969	106.69632720947266	64.95023345947266	
135.69554138183594	121.82376861572266	108.3583984375	65.38978576660156	
135.25064086914062	118.7332763671875	109.35050964355469	66.6473617553711	
137.83554077148438	116.70878601074219	105.850341796875	64.93412780761719	
140.34144592285156	113.6815414428711	104.33830261230469	65.30415344238281	
140.72320556640625	111.53778076171875	104.16181945800781	65.22410583496094	
142.552001953125	108.5237808227539	104.18904876708984	64.9651107788086	
143.14254760742188	106.17240905761719	105.24113464355469	62.84276580810547	
145.39369201660156	102.93565368652344	104.9110107421875	62.67339324951172	
149.26438903808594	95.42288970947266	97.61784362792969	61.58109664916992	
152.38938903808594	91.4024429321289	96.61978149414062	62.45051193237305	
151.98568725585938	88.08943939208984	97.84278869628906	63.194679260253906	
149.36044311523438	88.24302673339844	101.488037109375	63.31037521362305	
149.21263122558594	87.30520629882812	101.48896789550781	61.783050537109375	
145.91334533691406	83.87004852294922	106.81364440917969	61.16520309448242	
140.16094970703125	80.35783386230469	109.0362319946289	62.2441520690918	
131.42828369140625	81.0975112915039	111.60557556152344	61.601417541503906	
132.0304412841797	79.29075622558594	107.92801666259766	62.10660934448242	
133.80580139160156	82.42843627929688	101.60259246826172	64.71478271484375	
136.80209350585938	81.40336608886719	100.73297119140625	64.79981994628906	
137.57810974121094	78.80806732177734	104.0754623413086	66.97959899902344	
140.1896514892578	76.84318542480469	100.52330017089844	66.50956726074219	
137.8257293701172	83.81480407714844	96.65093231201172	65.66475677490234	
140.5480499267578	86.93619537353516	98.95433807373047	65.59757995605469	
142.57037353515625	86.51324462890625	96.82130432128906	66.64149475097656	
148.85379028320312	89.03974914550781	93.98723602294922	64.02070617675781	
149.51052856445312	88.47854614257812	97.60504913330078	64.7160873413086	
155.5145721435547	88.46435546875	95.74171447753906	61.86083221435547	
158.70013427734375	88.62931823730469	94.42000579833984	59.775779724121094	
160.7822265625	90.78587341308594	96.06816101074219	57.88779830932617	
163.63467407226562	91.04304504394531	93.8555908203125	56.86064529418945	
163.3903350830078	92.11050415039062	96.0573959350586	56.97845458984375	
163.02427673339844	89.7767562866211	97.56285095214844	57.8362922668457	
164.93209838867188	90.18081665039062	95.46913146972656	55.5185661315918	
164.94680786132812	90.01216888427734	95.85611724853516	54.899383544921875	
162.27337646484375	88.8202896118164	98.88655853271484	55.82429885864258	
160.7582550048828	87.16234588623047	99.14573669433594	55.5902214050293	
159.97982788085938	85.7747802734375	99.70374298095703	56.93273162841797	
160.2639617919922	82.97269439697266	101.90345764160156	57.8900260925293	
162.3384552001953	80.39915466308594	101.92022705078125	58.206581115722656	
161.3819122314453	78.0925521850586	104.20671081542969	58.655906677246094	
163.67721557617188	73.3809814453125	103.37898254394531	61.021026611328125	
166.36474609375	68.76597595214844	100.96473693847656	61.56146240234375	
166.36477661132812	65.89521789550781	100.57762145996094	63.74544143676758	
166.42042541503906	63.3508186340332	100.07699584960938	62.025978088378906	
165.3975830078125	61.3655891418457	96.10441589355469	61.22392654418945	
163.2875213623047	59.60405349731445	95.7889175415039	61.92870330810547	
160.96612548828125	56.85607147216797	96.65367889404297	60.89585494995117	
160.6683349609375	56.089149475097656	93.37174224853516	60.88008499145508	
158.56979370117188	52.063758850097656	94.49678039550781	58.65053176879883	
155.6532745361328	50.35902404785156	95.72433471679688	59.10329055786133	
154.54608154296875	47.65235900878906	96.36962127685547	57.49956512451172	
153.70138549804688	45.48086166381836	97.91096496582031	58.859527587890625	
137.1044464111328	43.699092864990234	104.53681945800781	67.36812591552734	
146.818603515625	41.918426513671875	98.724853515625	58.31587600708008	
141.02774047851562	39.046661376953125	100.99581909179688	59.37983322143555	
139.1181182861328	39.82947540283203	100.09083557128906	58.26043701171875	
136.3978271484375	40.60608673095703	96.94868469238281	56.454124450683594	
129.8836669921875	39.038116455078125	96.18646240234375	56.727195739746094	
130.90689086914062	40.746673583984375	91.25279235839844	55.10013961791992	
128.9133758544922	40.74411392211914	90.4713363647461	54.41633987426758	
125.00965881347656	43.61724090576172	85.29945373535156	52.57231521606445	
122.93028259277344	42.164974212646484	89.28166961669922	52.757774353027344	
121.87962341308594	41.99993133544922	87.87144470214844	53.60600662231445	
117.56793212890625	44.60417938232422	88.91272735595703	53.6977653503418	
115.07205963134766	46.10459518432617	86.74101257324219	54.02288818359375	
111.4664535522461	47.54851150512695	85.39820098876953	54.60090255737305	
108.97908020019531	48.70038604736328	85.04899597167969	55.767425537109375	
103.2656478881836	50.43242263793945	84.62397766113281	55.98542022705078	
98.09742736816406	52.350440979003906	83.37544250488281	56.406394958496094	
116.0208511352539	78.1065673828125	89.8613510131836	57.9607048034668	
139.68624877929688	96.79947662353516	90.14897918701172	58.03685760498047	
139.35391235351562	95.17381286621094	92.38050842285156	57.37531280517578	
144.78256225585938	91.38865661621094	91.59432220458984	58.20731735229492	
145.62527465820312	90.20387268066406	90.81723022460938	57.21413040161133	
148.8137664794922	87.95133209228516	92.72313690185547	57.685791015625	
148.7930908203125	87.0845947265625	94.56651306152344	57.96118927001953	
147.15567016601562	84.73090362548828	94.41969299316406	58.76154708862305	
146.59066772460938	81.34107971191406	97.2813949584961	56.880096435546875	
146.45159912109375	79.90384674072266	95.14453887939453	59.067832946777344	
145.50613403320312	76.71751403808594	99.53575134277344	60.17866134643555	
140.50160217285156	72.93109893798828	98.57109069824219	56.88566207885742	
141.40744018554688	70.82561492919922	102.63746643066406	58.506927490234375	
137.46548461914062	68.33290100097656	100.99366760253906	58.758026123046875	
139.1226043701172	63.11262893676758	98.95974731445312	59.49775314331055	
139.33853149414062	57.00041580200195	97.85578155517578	60.4555778503418	
134.2250213623047	58.366477966308594	95.35453033447266	59.826629638671875	
119.47696685791016	67.3280258178711	89.9114761352539	62.61513137817383	
114.91282653808594	73.77515411376953	86.17976379394531	61.3849983215332	
118.40803527832031	72.79141235351562	87.05513763427734	64.01057434082031	
121.05790710449219	71.74119567871094	88.7429428100586	64.17369079589844	
120.3067626953125	69.73126220703125	94.22626495361328	66.502685546875	
123.51409912109375	70.35540771484375	95.01529693603516	65.647705078125	
128.6319122314453	69.7766342163086	92.04808044433594	65.90324401855469	
131.15322875976562	68.92588806152344	90.76885223388672	66.70146179199219	
137.58226013183594	72.00102233886719	88.6633529663086	63.73163986206055	
142.41555786132812	73.31734466552734	89.07801818847656	60.99951934814453	
145.1284637451172	74.93284606933594	89.5700454711914	58.4760627746582	
148.90321350097656	74.95538330078125	88.25990295410156	57.5009651184082	
149.83070373535156	74.93888092041016	90.02132415771484	55.24013137817383	
152.62442016601562	75.28888702392578	90.90715026855469	53.23857498168945	
155.77536010742188	72.46675872802734	92.50108337402344	54.583099365234375	
156.15174865722656	71.07582092285156	93.17417907714844	54.257957458496094	
156.715576171875	70.13282012939453	95.5508804321289	55.651206970214844	
156.68521118164062	69.35464477539062	96.53302001953125	57.121620178222656	
159.58123779296875	68.0981674194336	94.49336242675781	56.81052780151367	
162.88552856445312	66.70853424072266	92.37824249267578	56.572784423828125	
162.27413940429688	66.19660949707031	92.79863739013672	56.77911376953125	
159.13461303710938	63.5041389465332	97.68601989746094	60.99561309814453	
160.00343322753906	61.82213592529297	97.22889709472656	60.84418487548828	
160.4491729736328	57.131988525390625	97.56561279296875	61.476829528808594	
162.26022338867188	51.23003387451172	97.99957275390625	63.507774353027344	
160.4755401611328	44.837730407714844	101.80364990234375	62.144798278808594	
161.32420349121094	41.193687438964844	99.72633361816406	62.330238342285156	
158.56777954101562	38.27996826171875	98.89033508300781	61.74397659301758	
156.67701721191406	37.05308151245117	97.23531341552734	61.0799674987793	
155.966796875	36.111366271972656	96.13128662109375	60.00189971923828	
151.26565551757812	35.58600997924805	96.08194732666016	58.463661193847656	
148.88577270507812	34.51624298095703	95.10867309570312	57.62572479248047	
143.59036254882812	35.7520866394043	91.67942810058594	55.6060676574707	
142.38119506835938	37.09543991088867	88.30915069580078	53.32157516479492	
136.92660522460938	38.52867889404297	86.38384246826172	51.37410354614258	
131.21942138671875	38.03029251098633	88.58717346191406	51.359642028808594	
124.3377685546875	39.36164093017578	87.48336029052734	52.34956741333008	
121.15599060058594	39.14653396606445	88.67411804199219	53.239959716796875	
114.10282135009766	40.47418975830078	88.90702056884766	54.78328323364258	
105.37007904052734	43.39917755126953	89.13167572021484	55.551116943359375	
106.24528503417969	45.42009353637695	85.54637145996094	56.13631057739258	
106.4922866821289	45.96569061279297	81.48848724365234	56.324737548828125	
102.79646301269531	45.88570022583008	83.73054504394531	55.745086669921875	
102.7613296508789	44.778785705566406	83.0520248413086	56.98888397216797	
102.80159759521484	45.32304000854492	81.94563293457031	55.8841438293457	
99.24378967285156	45.4421272277832	83.9918441772461	57.24567794799805	
103.6412124633789	55.998512268066406	86.06562805175781	58.9483528137207	
138.5106658935547	93.22429656982422	91.56959533691406	57.55250930786133	
138.05442810058594	93.177490234375	92.18986511230469	58.3425178527832	
140.6523895263672	89.74638366699219	92.21490478515625	58.861473083496094	
138.96595764160156	85.77482604980469	95.82461547851562	61.48390579223633	
143.9488983154297	84.0807876586914	93.89569854736328	59.95623016357422	
139.7205810546875	83.80229187011719	98.09988403320312	59.9752082824707	
137.74063110351562	81.73139953613281	100.61448669433594	59.39424514770508	
139.3545684814453	79.7898941040039	99.49305725097656	57.026344299316406	
140.54660034179688	79.51496887207031	98.88404846191406	57.505043029785156	
138.90550231933594	77.97135925292969	99.24295806884766	55.93613815307617	
137.37301635742188	74.23435974121094	100.12467193603516	56.90275955200195	
136.79489135742188	69.3688735961914	101.690673828125	58.5236930847168	
134.24288940429688	64.3906021118164	100.94297790527344	60.2238883972168	
131.22714233398438	61.506561279296875	97.96721649169922	60.0084114074707	
130.67587280273438	59.58659744262695	99.79532623291016	58.718849182128906	
131.6230926513672	58.06794357299805	98.02571868896484	58.13683319091797	
126.74810791015625	58.61211013793945	97.1684799194336	58.589385986328125	
123.60395812988281	70.28507995605469	91.4626235961914	62.11552047729492	
124.51407623291016	73.77711486816406	87.87324523925781	61.054466247558594	
120.30181884765625	75.72541809082031	90.62214660644531	63.75768280029297	
117.61683654785156	73.5547103881836	94.12251281738281	66.6133804321289	
120.35794830322266	72.68695831298828	94.45516204833984	66.6630630493164	
125.41752624511719	72.78810119628906	95.05216979980469	64.90718841552734	
126.27058410644531	77.28730773925781	97.58918762207031	65.15533447265625	
123.79254150390625	82.38861846923828	95.12098693847656	64.83317565917969	
122.29010009765625	90.99763488769531	95.76344299316406	65.02510833740234	
124.14164733886719	101.57609558105469	92.5954818725586	62.806243896484375	
122.940673828125	109.12895202636719	93.5621337890625	62.13056564331055	
126.73665618896484	115.24809265136719	94.9994888305664	61.28606414794922	
133.88479614257812	122.83187103271484	88.83660888671875	58.571685791015625	
132.1800537109375	128.47508239746094	94.42805480957031	59.591583251953125	
133.8905792236328	135.7237548828125	95.22015380859375	58.064476013183594	
133.8250274658203	144.2728271484375	94.0594711303711	56.31120681762695	
130.98666381835938	153.1968994140625	94.76410675048828	55.075721740722656	
132.61032104492188	159.94003295898438	94.19647216796875	54.03240203857422	
132.78765869140625	163.72781372070312	97.47314453125	55.6296501159668	
132.29013061523438	166.47036743164062	96.52568817138672	54.4910888671875	
132.73924255371094	168.71656799316406	96.26116943359375	55.65073776245117	
130.84130859375	170.85755920410156	100.19454193115234	56.4029541015625	
129.47213745117188	172.07150268554688	101.17622375488281	57.042015075683594	
131.20387268066406	170.76356506347656	100.95237731933594	57.8171272277832	
130.4092254638672	171.07901000976562	102.7297592163086	58.45094680786133	
131.64964294433594	168.89193725585938	100.85459899902344	58.19370651245117	
134.60958862304688	169.16384887695312	98.89179229736328	58.23896408081055	
136.8160400390625	169.7376251220703	95.14814758300781	58.06468963623047	
139.8791961669922	166.8213348388672	91.08858489990234	56.988792419433594	
140.4688720703125	164.34825134277344	90.30152893066406	57.760475158691406	
138.63522338867188	161.9176025390625	91.7477798461914	58.02458572387695	
139.41281127929688	159.84471130371094	90.69085693359375	57.403907775878906	
135.44387817382812	158.0348358154297	93.78489685058594	58.71492385864258	
135.8446807861328	156.57504272460938	94.65541076660156	58.1052360534668	
136.09335327148438	154.06118774414062	93.63954162597656	56.78662109375	
138.36952209472656	151.52224731445312	92.96505737304688	54.66383743286133	
138.21849060058594	150.23342895507812	93.56275939941406	54.1972541809082	
136.30123901367188	149.0102996826172	92.50823211669922	54.071571350097656	
132.1488037109375	149.36349487304688	93.27197265625	53.359657287597656	
131.4539337158203	147.1290740966797	93.31575012207031	51.57329559326172	
126.75767517089844	146.11801147460938	94.78892517089844	51.27539825439453	
117.44486236572266	138.88941955566406	95.57542419433594	61.59300994873047	
120.77275085449219	131.97113037109375	95.38471221923828	61.47011184692383	
123.22447204589844	127.2773666381836	96.27190399169922	62.0418586730957	
123.49345397949219	120.7355728149414	99.53926849365234	64.14749908447266	
125.72767639160156	115.82838439941406	102.14137268066406	65.82440948486328	
121.57432556152344	117.91475677490234	103.58781433105469	66.7565689086914	
104.02940368652344	120.54434967041016	105.61409759521484	68.06239318847656	
92.78334045410156	124.78215026855469	108.61688232421875	69.99752044677734	
91.11393737792969	120.43360900878906	110.65943908691406	71.31382751464844	
86.70841217041016	124.24525451660156	109.38050842285156	70.4896240234375	
85.98934173583984	124.43001556396484	107.30992126464844	69.1552505493164	
91.62845611572266	121.0135269165039	108.0772705078125	69.64976501464844	
110.4820327758789	91.80282592773438	106.97599029541016	68.94004821777344	
99.44984436035156	117.2003173828125	106.31202697753906	68.51216125488281	
81.0722427368164	123.40663146972656	110.56605529785156	71.25364685058594	
87.00041198730469	119.1595230102539	110.78221130371094	71.39295959472656	
76.3494644165039	115.4321060180664	109.4069595336914	70.50668334960938	
76.24385833740234	120.3620376586914	113.1688232421875	72.93099212646484	
86.24160766601562	120.69136810302734	112.23746490478516	72.33078002929688	
77.27523803710938	122.1652603149414	111.14091491699219	71.6241226196289	
76.51494598388672	119.44923400878906	114.61933898925781	73.86576843261719	
73.31309509277344	125.86788177490234	115.8680191040039	74.67047119140625	
108.23332214355469	87.34388732910156	113.6798324584961	73.26030731201172	
83.7964859008789	115.0544204711914	114.64286804199219	73.88093566894531	
82.71471405029297	115.44427490234375	116.6579360961914	75.17952728271484	
80.28495025634766	124.69673156738281	112.25189208984375	72.340087890625	
74.25834655761719	116.17533111572266	115.10843658447266	74.18096923828125	
74.71720886230469	117.39070892333984	123.1614761352539	79.3707046508789	
66.95694732666016	124.47110748291016	124.292236328125	80.09942626953125	
78.89957427978516	119.74076080322266	122.3879623413086	78.87222290039062	
71.7148666381836	118.3744125366211	121.29036712646484	78.1648941040039	
73.17327880859375	115.30110168457031	120.7715072631836	77.83052062988281	
67.78246307373047	118.12605285644531	118.1884765625	76.16590881347656	
64.71760559082031	125.60479736328125	119.47459411621094	76.9947509765625	
76.87040710449219	122.573486328125	121.5435791015625	78.32809448242188	
72.525634765625	125.59346771240234	121.62911224365234	78.38321685791016	
74.74193572998047	122.7452163696289	123.0324478149414	79.28758239746094	
74.63673400878906	124.404541015625	122.21580505371094	78.76129913330078	
74.665771484375	117.80191802978516	126.56121826171875	81.56168365478516	
73.30175018310547	120.7260513305664	127.19151306152344	81.96788024902344	
72.33042907714844	114.69950103759766	129.1205596923828	83.21104431152344	
68.04499053955078	114.90556335449219	128.174560546875	82.60140228271484	
72.83454895019531	119.67741394042969	128.44021606445312	82.7726058959961	
66.03782653808594	116.01017761230469	127.4674072265625	82.14567565917969	
76.169921875	116.463134765625	125.99165344238281	81.19462585449219	
68.69673919677734	116.62577056884766	129.18048095703125	83.24964904785156	
73.55220031738281	116.6859130859375	129.0447998046875	83.16221618652344	
67.32047271728516	124.4540023803711	124.17622375488281	80.02468872070312	
59.435813903808594	117.21009826660156	122.36274719238281	78.85600280761719	
67.25944519042969	119.867919921875	117.35456848144531	75.62850189208984	
61.48945236206055	116.01292419433594	114.86905670166016	74.02671813964844	
53.72965621948242	114.74845123291016	116.45707702636719	75.05011749267578	
66.02268981933594	128.45126342773438	120.95135498046875	77.94642639160156	
73.03718566894531	142.48507690429688	116.80632019042969	75.27517700195312	
88.81224060058594	175.29293823242188	115.17460632324219	74.22362518310547	
91.27864074707031	167.9698944091797	110.4250259399414	67.6915054321289	
83.53782653808594	158.82080078125	113.04307556152344	69.05792999267578	
78.42469787597656	148.4245147705078	111.16267395019531	71.40397644042969	
66.97621154785156	139.90792846679688	114.35807037353516	74.61045837402344	
54.10761642456055	131.4440460205078	119.2199478149414	77.88204193115234	
36.72911834716797	125.91845703125	121.52132415771484	78.3137435913086	
0.0	117.5198974609375	127.35816955566406	79.08702087402344	
