269.0	95.0	45.0	39.0	
268.2063293457031	95.11624145507812	44.97267532348633	38.71997833251953	
268.14801025390625	95.2166976928711	45.23003387451172	38.990055084228516	
267.05682373046875	95.36083984375	45.94144821166992	39.03142547607422	
266.9369201660156	95.8620376586914	45.27014923095703	39.09748840332031	
266.96417236328125	97.69978332519531	45.37261199951172	39.03667068481445	
267.5307312011719	99.28058624267578	45.41706085205078	39.10842514038086	
267.13433837890625	101.97388458251953	45.26764678955078	39.289390563964844	
267.06634521484375	104.1312255859375	45.578285217285156	39.588226318359375	
267.3728332519531	107.86430358886719	45.646766662597656	39.60820770263672	
267.3561096191406	109.71651458740234	45.55972671508789	39.74909210205078	
267.24493408203125	112.2187728881836	44.981468200683594	40.00896453857422	
266.0821228027344	113.56209564208984	45.104835510253906	39.88892364501953	
264.43017578125	114.3182601928711	45.28894805908203	39.9332160949707	
263.1350402832031	114.28604888916016	46.00339126586914	39.561195373535156	
260.2801513671875	112.9797134399414	46.73462677001953	39.70534133911133	
258.0623474121094	112.37336730957031	47.28959655761719	40.01445388793945	
254.281494140625	111.3439712524414	48.932472229003906	39.59755325317383	
251.16195678710938	111.3534927368164	50.069053649902344	39.715911865234375	
249.29421997070312	111.00053405761719	51.2583122253418	39.95684051513672	
247.01473999023438	111.08329772949219	51.580604553222656	39.49169158935547	
245.7275848388672	111.83197021484375	51.862831115722656	39.60401916503906	
245.97763061523438	114.12409973144531	50.29282760620117	40.77986526489258	
246.0162353515625	116.3375015258789	49.59074020385742	40.529930114746094	
244.5917205810547	118.96284484863281	48.662208557128906	40.311370849609375	
242.83163452148438	121.05245208740234	48.89744567871094	39.96638107299805	
242.4502716064453	125.2683334350586	48.18718719482422	40.57400894165039	
242.51492309570312	128.2227783203125	46.698734283447266	41.73807144165039	
241.9654998779297	130.87879943847656	46.895591735839844	41.816856384277344	
241.677001953125	134.2914581298828	46.382408142089844	42.00180435180664	
242.88143920898438	137.85379028320312	46.057762145996094	41.94293212890625	
243.1977996826172	140.66326904296875	47.227867126464844	42.39525604248047	
243.8397674560547	143.58242797851562	48.084598541259766	43.054786682128906	
245.44937133789062	146.89439392089844	49.099159240722656	42.87084197998047	
246.39633178710938	147.5939483642578	47.31577682495117	42.91539764404297	
247.5979766845703	149.15574645996094	48.41254425048828	42.869903564453125	
248.5340118408203	149.24172973632812	47.27304458618164	42.86376190185547	
249.1748809814453	149.61251831054688	47.977874755859375	42.64157485961914	
250.240234375	150.03201293945312	47.923423767089844	42.685401916503906	
251.2259063720703	150.40756225585938	46.948570251464844	42.2384033203125	
250.48818969726562	149.6090087890625	48.858726501464844	42.78703689575195	
250.9214630126953	150.4918212890625	50.08734130859375	42.86436462402344	
251.62838745117188	150.6135711669922	49.851463317871094	42.844566345214844	
251.6022186279297	150.67529296875	48.953712463378906	42.67717742919922	
252.3046417236328	151.20875549316406	50.06201934814453	43.139732360839844	
252.8509979248047	152.14599609375	49.98579025268555	42.86354064941406	
254.1204071044922	152.7578582763672	49.04286193847656	42.905433654785156	
253.6368865966797	153.5601348876953	51.965126037597656	42.494773864746094	
254.4796600341797	154.64871215820312	49.626800537109375	43.132240295410156	
253.9466094970703	154.52383422851562	50.22015380859375	42.77978515625	
253.5120849609375	155.2607879638672	48.63610076904297	42.83080291748047	
253.44168090820312	156.30926513671875	49.25080108642578	43.674686431884766	
253.7847442626953	157.3799591064453	49.159297943115234	43.60404586791992	
253.8242950439453	158.42953491210938	49.293636322021484	43.391639709472656	
254.3874053955078	159.8105010986328	47.590667724609375	43.08720016479492	
256.57342529296875	161.07565307617188	45.570255279541016	42.73357391357422	
257.79522705078125	162.90786743164062	44.913055419921875	42.47705841064453	
259.7230224609375	166.0926971435547	45.86003494262695	42.66863250732422	
260.42974853515625	167.6687469482422	45.33749008178711	42.231483459472656	
261.91241455078125	169.5270538330078	43.5638313293457	41.97454071044922	
261.02813720703125	170.09811401367188	43.490238189697266	42.183250427246094	
259.84930419921875	170.44802856445312	43.544315338134766	41.534027099609375	
257.36981201171875	168.72865295410156	45.68522644042969	42.048179626464844	
256.306396484375	168.32794189453125	44.98875427246094	41.715152740478516	
255.26034545898438	167.3864288330078	45.49672317504883	41.98141098022461	
255.007568359375	166.83203125	46.77753829956055	41.642555236816406	
256.15948486328125	166.0783233642578	47.12148666381836	41.78181457519531	
256.7278137207031	165.58767700195312	46.95634841918945	42.04853057861328	
256.75152587890625	163.52645874023438	46.92035675048828	41.61824417114258	
256.87042236328125	162.43991088867188	45.1386833190918	40.907569885253906	
257.28631591796875	159.98512268066406	45.851051330566406	41.592247009277344	
257.82891845703125	158.25	44.88145446777344	41.71956253051758	
258.014404296875	156.1046600341797	43.135658264160156	40.95680618286133	
258.9913635253906	153.71994018554688	42.70414733886719	41.01030731201172	
257.278564453125	150.21902465820312	44.28744125366211	41.612667083740234	
255.2938690185547	147.1064910888672	45.535926818847656	40.70624542236328	
254.43307495117188	145.3726348876953	46.64892578125	41.56330490112305	
252.7671356201172	143.15756225585938	46.750160217285156	40.988975524902344	
252.80386352539062	143.36300659179688	46.628475189208984	40.6054573059082	
252.48464965820312	144.4076690673828	46.90554428100586	41.0940055847168	
251.5117950439453	144.41085815429688	48.21113204956055	40.92733383178711	
249.87686157226562	143.44863891601562	46.49530792236328	41.01887512207031	
247.727783203125	142.70785522460938	46.42878341674805	40.261741638183594	
245.6629638671875	139.3129119873047	46.8361701965332	41.16015625	
243.6341094970703	136.9506378173828	44.266014099121094	40.139198303222656	
239.61328125	131.72738647460938	43.208351135253906	40.68217849731445	
237.3602752685547	128.47586059570312	40.730316162109375	39.615840911865234	
235.6693572998047	126.3611068725586	40.50614929199219	39.49991989135742	
233.416748046875	122.56490325927734	40.577972412109375	39.582611083984375	
230.45645141601562	119.12751770019531	41.91816711425781	39.667930603027344	
225.7118682861328	114.93631744384766	44.82141876220703	40.262672424316406	
223.62606811523438	112.78065490722656	45.464942932128906	39.59857940673828	
223.61715698242188	111.32975769042969	46.11644744873047	40.070152282714844	
222.82266235351562	110.9813232421875	44.49504852294922	39.69683837890625	
222.37692260742188	109.50455474853516	43.58203125	37.77106857299805	
219.4397430419922	108.81898498535156	42.4921760559082	38.61724853515625	
218.89773559570312	107.2926254272461	42.58382034301758	39.6700439453125	
218.17782592773438	107.76336669921875	43.013648986816406	38.885780334472656	
216.7048797607422	105.65970611572266	40.64582443237305	37.04237747192383	
215.976806640625	104.12425231933594	39.813167572021484	37.752445220947266	
214.5236053466797	102.5980453491211	40.205101013183594	37.5929069519043	
211.21890258789062	98.69105529785156	39.68376922607422	37.831512451171875	
210.04354858398438	97.0517578125	40.92024612426758	37.99895477294922	
208.659912109375	93.13639068603516	42.637290954589844	38.440589904785156	
207.1490020751953	87.25294494628906	39.76198196411133	37.08705520629883	
207.3044891357422	80.19676208496094	37.94013595581055	39.00187301635742	
206.67813110351562	73.1330795288086	39.051998138427734	41.20372009277344	
203.322998046875	68.79119873046875	39.844093322753906	39.15392303466797	
199.2004852294922	65.19245910644531	43.747718811035156	37.91466522216797	
199.28506469726562	60.432289123535156	42.29998016357422	37.74660873413086	
193.89796447753906	53.840599060058594	44.18267822265625	38.29163360595703	
188.74072265625	51.77790069580078	45.05026626586914	39.043540954589844	
184.9121551513672	45.994834899902344	44.65117645263672	38.69766616821289	
186.86618041992188	40.98640823364258	43.46391677856445	37.668704986572266	
186.51573181152344	43.47718048095703	43.52420425415039	37.72095489501953	
185.79788208007812	42.37159729003906	44.13495635986328	38.25027847290039	
185.6488800048828	45.08842849731445	38.75090026855469	37.238563537597656	
186.2757568359375	45.75746154785156	37.50189208984375	36.827877044677734	
186.2396697998047	47.18144989013672	37.3978157043457	37.406578063964844	
184.43844604492188	51.36359786987305	38.1081657409668	36.45099639892578	
183.8794403076172	53.2177619934082	38.30078887939453	37.60306167602539	
180.79727172851562	54.446983337402344	39.96624755859375	37.7696418762207	
180.34259033203125	55.082923889160156	39.4252815246582	38.009437561035156	
181.376220703125	53.491722106933594	38.6692008972168	38.440269470214844	
180.78347778320312	52.49382400512695	37.58894729614258	37.68341827392578	
181.11639404296875	51.227134704589844	36.805702209472656	37.60945510864258	
181.26002502441406	49.425575256347656	37.89934158325195	39.29446792602539	
184.06015014648438	49.43839645385742	39.498382568359375	34.231903076171875	
180.41891479492188	47.56919479370117	38.709449768066406	37.736000061035156	
179.51638793945312	45.98286437988281	38.942970275878906	36.677860260009766	
179.8674774169922	43.62163543701172	40.900875091552734	39.000389099121094	
180.5516815185547	41.04824447631836	40.89014434814453	40.00183868408203	
179.3578338623047	42.40990447998047	42.177833557128906	40.9659538269043	
177.38934326171875	42.710121154785156	42.802818298339844	39.096824645996094	
175.96554565429688	44.06403350830078	43.65584182739258	39.561790466308594	
176.8109893798828	43.567420959472656	42.083499908447266	38.89237976074219	
176.9876251220703	46.34748077392578	42.4669189453125	36.80461883544922	
171.88323974609375	52.550567626953125	47.24134063720703	34.89635467529297	
171.07577514648438	54.770774841308594	47.56094741821289	34.29148483276367	
171.99395751953125	54.334999084472656	46.26049041748047	36.073211669921875	
173.86911010742188	53.8104133605957	42.97145080566406	37.51929473876953	
175.0695037841797	56.534629821777344	43.451595306396484	38.77345275878906	
178.4244384765625	62.150634765625	41.27602767944336	38.61598587036133	
178.9401092529297	66.75799560546875	42.87518310546875	38.798240661621094	
177.9219970703125	67.37361145019531	42.71257400512695	38.770713806152344	
176.8458251953125	66.28612518310547	41.73284149169922	41.19529342651367	
176.66600036621094	66.72209930419922	43.816184997558594	42.614410400390625	
178.2404022216797	74.73652648925781	42.064632415771484	38.455657958984375	
176.20606994628906	76.7842025756836	39.86781692504883	37.336490631103516	
175.5680694580078	75.41981506347656	40.627685546875	39.91675567626953	
174.45700073242188	80.23858642578125	40.671791076660156	35.692474365234375	
172.53631591796875	83.32484436035156	42.89226150512695	35.6971321105957	
171.1964569091797	83.56643676757812	44.07599639892578	36.57267761230469	
169.70054626464844	84.03121185302734	44.46400833129883	36.696224212646484	
168.74375915527344	85.1280517578125	45.516204833984375	38.01839065551758	
168.48336791992188	85.61756134033203	45.92917251586914	39.59422302246094	
168.25094604492188	86.34315490722656	46.67281723022461	38.75709533691406	
166.46890258789062	86.4271469116211	47.36103057861328	38.314720153808594	
165.4508514404297	86.29744720458984	47.83570861816406	39.30482864379883	
162.65817260742188	87.76536560058594	53.415687561035156	40.72611999511719	
165.51564025878906	82.984619140625	50.53791046142578	43.79948043823242	
160.6243896484375	87.00548553466797	54.99822998046875	42.422935485839844	
158.47872924804688	87.39025115966797	52.93621063232422	42.49376678466797	
159.31382751464844	88.02762603759766	52.2149543762207	41.987266540527344	
155.45370483398438	84.8474349975586	49.49402618408203	43.81439971923828	
155.4537353515625	85.76036071777344	48.705535888671875	42.4401969909668	
155.54971313476562	87.72830963134766	48.78373336791992	41.086727142333984	
155.58538818359375	88.89874267578125	49.17502212524414	41.4752082824707	
152.9473876953125	87.76689147949219	48.915191650390625	42.39312744140625	
156.81643676757812	89.91446685791016	47.86892318725586	42.4896354675293	
157.00416564941406	90.88358306884766	48.20562744140625	44.95038604736328	
156.61050415039062	90.55036926269531	48.08051300048828	43.91007614135742	
157.90237426757812	91.3629379272461	48.057106018066406	44.879905700683594	
156.3319854736328	90.4639892578125	45.43255615234375	43.79161071777344	
158.44784545898438	92.3907699584961	47.144012451171875	44.11571502685547	
158.7034912109375	92.71564483642578	46.539093017578125	43.145973205566406	
158.60934448242188	92.55197143554688	46.534637451171875	43.85368347167969	
158.98675537109375	94.22884368896484	46.53166198730469	43.19218826293945	
158.41213989257812	94.28729248046875	45.542213439941406	43.03955078125	
157.6905059814453	93.34016418457031	46.01313018798828	43.87410354614258	
158.70916748046875	94.64129638671875	46.351661682128906	43.18758010864258	
158.86846923828125	96.27291870117188	46.9344596862793	42.081581115722656	
159.1538543701172	98.60823059082031	46.841434478759766	40.887046813964844	
159.36563110351562	101.17012023925781	43.98217010498047	40.14533996582031	
159.36392211914062	102.24578857421875	44.33935546875	41.24409103393555	
160.20382690429688	105.0457763671875	43.33523178100586	40.136932373046875	
160.8155059814453	106.8298110961914	43.500614166259766	40.69886016845703	
162.0591278076172	109.57088470458984	42.1136360168457	40.58549880981445	
161.5543670654297	110.81241607666016	44.76270294189453	42.954444885253906	
162.47439575195312	113.52503967285156	44.000267028808594	42.41660690307617	
162.68405151367188	117.56538391113281	44.55519104003906	41.475460052490234	
162.65463256835938	116.9584732055664	46.63518524169922	43.18666076660156	
163.9436798095703	122.09172058105469	44.95515060424805	40.09566879272461	
164.26022338867188	122.41328430175781	45.268310546875	40.000091552734375	
164.31216430664062	122.95744323730469	45.42502975463867	39.822776794433594	
164.56640625	124.52565002441406	43.2021598815918	38.01172637939453	
164.77468872070312	123.64453125	44.63829803466797	38.540367126464844	
164.64895629882812	123.02777099609375	44.977325439453125	37.880767822265625	
164.8419189453125	122.9972152709961	45.74679946899414	38.012001037597656	
164.55809020996094	123.11061096191406	47.06861114501953	37.82334518432617	
164.50015258789062	123.33565521240234	47.16291046142578	37.20839309692383	
164.72084045410156	123.59127044677734	47.91168975830078	37.36370086669922	
164.7357940673828	124.17924499511719	48.11389923095703	37.296695709228516	
165.4274444580078	125.9446029663086	46.72925567626953	37.857303619384766	
165.91067504882812	127.15266418457031	47.17426300048828	38.284942626953125	
167.80511474609375	128.10919189453125	45.37240982055664	38.576942443847656	
168.32785034179688	127.3322525024414	45.95650863647461	39.874900817871094	
167.00770568847656	127.38899993896484	46.59514236450195	39.856163024902344	
167.05377197265625	127.62408447265625	47.69269561767578	39.700862884521484	
166.6383514404297	126.47322845458984	47.50313186645508	39.70100021362305	
165.53305053710938	124.1109390258789	46.595462799072266	39.33885955810547	
164.07974243164062	121.23250579833984	48.434688568115234	39.46969223022461	
162.51502990722656	118.21775817871094	49.8497314453125	39.470394134521484	
160.61105346679688	111.75350189208984	50.283164978027344	38.810707092285156	
159.02069091796875	106.77235412597656	51.31090545654297	38.912113189697266	
158.2555694580078	99.59742736816406	52.467010498046875	39.507530212402344	
158.00418090820312	95.30096435546875	52.3502311706543	39.29529571533203	
156.3777618408203	88.57716369628906	53.840538024902344	38.90699005126953	
156.05538940429688	84.76558685302734	54.396202087402344	38.790077209472656	
154.7293243408203	77.62642669677734	54.2967414855957	40.23907470703125	
154.57769775390625	74.31916809082031	54.17173385620117	39.37108612060547	
153.5112762451172	69.24125671386719	55.01123046875	38.8439826965332	
153.79808044433594	65.96353912353516	54.46539306640625	39.08530807495117	
152.72952270507812	60.98670196533203	54.28565216064453	38.72560501098633	
152.5194091796875	56.63737106323242	53.522544860839844	38.6152229309082	
152.65646362304688	53.961036682128906	52.72784423828125	38.42427444458008	
152.7754364013672	50.085105895996094	52.34516143798828	38.392433166503906	
153.0360870361328	47.7713737487793	52.35567092895508	38.874977111816406	
152.3307647705078	45.25883865356445	53.551185607910156	38.43916702270508	
152.13783264160156	43.98643112182617	53.15827560424805	38.31047821044922	
150.98504638671875	42.91252136230469	53.385772705078125	38.57585525512695	
150.44163513183594	41.78983688354492	54.2459716796875	37.846412658691406	
150.94998168945312	40.69159698486328	53.013511657714844	37.947235107421875	
150.20114135742188	40.90430450439453	52.94599533081055	37.520896911621094	
150.1310272216797	40.43265151977539	53.0136833190918	37.650203704833984	
150.5407257080078	39.72321319580078	51.636680603027344	38.041019439697266	
149.78536987304688	39.83695602416992	52.36568069458008	38.61454391479492	
149.6179962158203	40.57148361206055	52.439109802246094	37.864501953125	
150.52151489257812	40.75809860229492	52.33537673950195	38.3516960144043	
150.85934448242188	40.81348419189453	52.38103485107422	38.26495361328125	
151.74111938476562	40.670143127441406	51.88413619995117	38.07887649536133	
151.3963623046875	40.151302337646484	52.2376594543457	38.08489990234375	
150.9164276123047	38.959197998046875	52.01508331298828	37.77031707763672	
152.6014862060547	37.46382522583008	50.229244232177734	38.382511138916016	
153.63333129882812	36.680580139160156	47.28874969482422	37.84302520751953	
157.35647583007812	34.565765380859375	44.70079803466797	37.71368408203125	
159.74539184570312	33.7226676940918	42.685482025146484	39.078514099121094	
161.15048217773438	35.51637649536133	42.368682861328125	39.40435791015625	
161.8944549560547	37.62782669067383	42.638710021972656	39.61970901489258	
163.45816040039062	43.12811279296875	42.29468536376953	40.99192428588867	
163.25131225585938	47.47346496582031	42.24942398071289	42.49269104003906	
160.78555297851562	55.42333984375	43.997894287109375	41.511592864990234	
156.8411102294922	61.265655517578125	48.39852523803711	41.62997817993164	
153.40792846679688	69.10771179199219	51.774269104003906	41.28731155395508	
154.25962829589844	76.12223815917969	51.33159255981445	41.258140563964844	
154.31991577148438	81.34449768066406	51.81458282470703	42.03044128417969	
154.1312255859375	89.58439636230469	50.5152702331543	42.57795333862305	
154.09518432617188	97.20390319824219	49.01453399658203	42.870765686035156	
153.77687072753906	102.22146606445312	49.0806999206543	43.45814895629883	
153.1482696533203	109.56236267089844	51.09642028808594	43.81889724731445	
151.99021911621094	115.7574462890625	50.14689254760742	43.54977798461914	
151.3047637939453	120.88362121582031	49.719764709472656	43.32669448852539	
150.05267333984375	126.16102600097656	48.188323974609375	44.248619079589844	
149.16354370117188	130.3889617919922	48.809715270996094	44.31269454956055	
149.15936279296875	134.1111297607422	48.57150650024414	45.27830505371094	
148.9187774658203	139.8380126953125	49.332210540771484	44.267887115478516	
149.30899047851562	143.2591552734375	50.04541015625	45.282859802246094	
148.53102111816406	148.8980255126953	48.25557327270508	45.325767517089844	
148.0279998779297	151.97122192382812	46.565704345703125	45.185237884521484	
147.0024871826172	154.45108032226562	47.076148986816406	44.89577865600586	
146.95706176757812	156.48193359375	44.372703552246094	44.30930709838867	
145.55044555664062	158.8250274658203	47.046409606933594	44.44324493408203	
144.98410034179688	159.2364501953125	47.464515686035156	44.14701461791992	
144.0592498779297	160.08349609375	48.56675338745117	43.922218322753906	
144.0030517578125	160.26632690429688	46.64885711669922	43.763328552246094	
143.1576690673828	159.7357177734375	48.478919982910156	43.531517028808594	
141.33145141601562	158.48843383789062	47.52540969848633	43.403656005859375	
140.2416229248047	156.98031616210938	45.58967971801758	42.50193405151367	
138.20352172851562	155.12977600097656	45.548744201660156	41.928245544433594	
137.4589385986328	153.9858856201172	44.30022430419922	39.91823959350586	
135.880615234375	151.11709594726562	45.30731964111328	40.738433837890625	
135.1633758544922	149.009765625	45.15357208251953	39.70537185668945	
133.6610107421875	144.69284057617188	45.92876434326172	41.08209991455078	
134.068115234375	142.47073364257812	44.28313064575195	41.103919982910156	
132.70594787597656	138.28515625	43.22373580932617	41.92277908325195	
131.85403442382812	134.74874877929688	41.006370544433594	41.534645080566406	
131.1447296142578	130.95245361328125	39.77595901489258	42.05292510986328	
129.37039184570312	125.38468933105469	43.64522171020508	44.245758056640625	
128.6933135986328	121.0283432006836	44.63631820678711	45.29281234741211	
128.55990600585938	116.42521667480469	47.42689514160156	48.31473922729492	
128.591796875	115.18266296386719	44.9615592956543	47.01181411743164	
127.39839935302734	110.08821105957031	44.30440902709961	47.4257926940918	
127.28507995605469	105.63365173339844	43.53786087036133	47.802330017089844	
127.1796875	101.61824035644531	42.34709930419922	48.1151237487793	
127.9962158203125	97.26944732666016	46.35585021972656	51.47815704345703	
127.35200500488281	91.35298156738281	47.373069763183594	52.64287567138672	
126.7345962524414	88.55594635009766	47.579002380371094	51.658203125	
127.49510192871094	86.90138244628906	47.28248596191406	52.2027473449707	
124.17469787597656	83.56257629394531	44.54863357543945	49.316402435302734	
124.05892181396484	85.23231506347656	49.28488540649414	49.9289436340332	
125.91737365722656	83.88133239746094	49.73130416870117	48.80162048339844	
126.42923736572266	82.73413848876953	49.40498733520508	47.350101470947266	
127.34767150878906	80.10050964355469	49.83842468261719	48.202003479003906	
125.04827880859375	75.38729858398438	51.85060501098633	50.997230529785156	
123.5854263305664	74.24317932128906	48.20174026489258	50.32502365112305	
123.2945785522461	72.65337371826172	49.5941162109375	52.00104904174805	
124.39723205566406	76.0164794921875	52.5008659362793	45.500648498535156	
124.90372467041016	69.40565490722656	47.132816314697266	51.43976974487305	
123.88667297363281	72.81233215332031	52.22137451171875	51.15618133544922	
123.80070495605469	71.83375549316406	52.85036087036133	50.39377212524414	
123.744873046875	68.76393127441406	53.41320037841797	51.21490478515625	
125.34797668457031	64.54735565185547	57.6478157043457	56.5539436340332	
127.41300964355469	67.57054138183594	56.02223587036133	48.5525016784668	
124.76982116699219	65.45128631591797	55.492034912109375	58.022247314453125	
125.17231750488281	65.04096221923828	55.66960525512695	57.305503845214844	
125.04854583740234	65.74800109863281	57.43769454956055	57.33028030395508	
124.93696594238281	64.96774291992188	57.85004425048828	58.677330017089844	
125.8539047241211	69.23519134521484	56.49418258666992	57.20119094848633	
124.6058578491211	64.77860260009766	59.63365936279297	59.934059143066406	
124.45716857910156	65.61669158935547	59.34897994995117	59.92967987060547	
126.053466796875	66.87134552001953	57.55269241333008	59.252532958984375	
125.4764633178711	66.53082275390625	57.1107177734375	58.714439392089844	
127.5246353149414	71.38066101074219	58.0515251159668	50.31121063232422	
124.4482421875	64.3573989868164	57.3542594909668	59.15485763549805	
125.5300064086914	66.66865539550781	56.42207717895508	58.586395263671875	
127.02833557128906	66.45868682861328	58.825218200683594	59.825653076171875	
126.1054916381836	68.60167694091797	55.758872985839844	58.182212829589844	
127.09053802490234	68.96852111816406	54.47971725463867	58.55986785888672	
127.15513610839844	69.35578155517578	58.1657829284668	59.11774826049805	
128.40170288085938	73.16377258300781	56.7913818359375	58.01964569091797	
126.60725402832031	71.55677795410156	57.84987258911133	58.484703063964844	
125.1544189453125	71.3033218383789	56.86262130737305	57.182708740234375	
125.25547790527344	72.05419921875	57.66071319580078	57.92942428588867	
124.7957534790039	70.78303527832031	59.297080993652344	58.3027229309082	
123.58195495605469	74.8519287109375	54.18645095825195	54.26774978637695	
120.86946868896484	77.5398178100586	53.12321853637695	54.238746643066406	
119.78594970703125	77.97679138183594	51.43291091918945	55.14902877807617	
120.37884521484375	79.9021224975586	56.4052848815918	57.4438362121582	
121.08951568603516	88.4786148071289	52.482261657714844	51.10894775390625	
122.28948974609375	91.05146789550781	49.32952880859375	50.25130081176758	
125.391357421875	92.13594818115234	46.14728546142578	51.930992126464844	
125.17413330078125	94.5892105102539	50.11835479736328	53.60692596435547	
127.81132507324219	94.62677764892578	47.50172805786133	56.51605224609375	
129.1416778564453	99.2713394165039	46.807395935058594	53.7765007019043	
130.76858520507812	100.07061767578125	47.5246696472168	56.29248809814453	
131.24293518066406	102.33583068847656	45.003021240234375	54.20984649658203	
133.25552368164062	112.5879135131836	45.10956954956055	51.1944694519043	
133.58828735351562	115.28248596191406	44.382850646972656	51.3810920715332	
133.86740112304688	118.3224105834961	44.415767669677734	50.43999099731445	
134.24114990234375	123.7960205078125	42.1844596862793	47.03832244873047	
134.62213134765625	122.90989685058594	43.578609466552734	48.531471252441406	
135.8274383544922	129.58145141601562	41.86544418334961	46.26630783081055	
135.8671417236328	133.3640594482422	41.66658020019531	44.43205642700195	
135.09829711914062	136.99620056152344	42.547760009765625	43.53675079345703	
135.41885375976562	139.0081787109375	42.751930236816406	44.24413299560547	
134.94265747070312	143.3414764404297	41.60390090942383	41.3776741027832	
133.59756469726562	143.89096069335938	40.38970184326172	42.020660400390625	
133.5514678955078	145.76126098632812	39.671058654785156	41.26762008666992	
132.3570098876953	151.06715393066406	37.400123596191406	37.59196853637695	
131.12478637695312	151.30723571777344	38.13572311401367	38.7635498046875	
130.4781951904297	151.0272674560547	40.773651123046875	40.93988800048828	
131.31802368164062	151.0830535888672	39.61407470703125	40.3251838684082	
129.15322875976562	154.82460021972656	40.7531852722168	38.07805252075195	
128.7185821533203	155.04867553710938	42.68824768066406	38.816078186035156	
128.85411071777344	156.07516479492188	41.77378463745117	38.878013610839844	
127.66398620605469	155.7394256591797	43.0780143737793	39.44933319091797	
127.37763977050781	156.85470581054688	42.03984069824219	39.46294021606445	
125.4547119140625	158.89926147460938	46.567718505859375	39.78829574584961	
124.64068603515625	160.39024353027344	44.83867645263672	39.04845428466797	
122.9695053100586	160.31497192382812	45.3111457824707	39.15898513793945	
121.54533386230469	159.11175537109375	47.5351448059082	40.11565017700195	
119.7171401977539	157.4508514404297	48.145172119140625	40.186866760253906	
119.02823638916016	157.06796264648438	46.71117401123047	38.9879150390625	
117.07501220703125	155.65567016601562	46.136497497558594	38.8438606262207	
115.7646484375	153.91305541992188	46.949913024902344	38.798980712890625	
115.44219970703125	152.17941284179688	45.8939208984375	38.849491119384766	
115.80078125	149.36337280273438	43.62811279296875	39.18341064453125	
115.33203125	147.8202667236328	42.712459564208984	38.894325256347656	
114.12104797363281	146.56826782226562	40.77832794189453	38.76506805419922	
113.18023681640625	145.8374481201172	41.785057067871094	39.7661018371582	
111.95743560791016	144.6887969970703	42.93179702758789	40.32563018798828	
112.00467681884766	144.00953674316406	41.89682388305664	39.94892883300781	
111.15763854980469	142.5299835205078	42.387691497802734	40.13146209716797	
110.82267761230469	142.0132598876953	41.83012008666992	38.844886779785156	
111.05543518066406	140.26783752441406	39.711524963378906	39.117828369140625	
109.74334716796875	136.96615600585938	43.572017669677734	40.4730224609375	
110.1070785522461	135.14501953125	43.290348052978516	40.98194122314453	
110.07688903808594	132.86279296875	45.46211242675781	41.559104919433594	
111.20393371582031	133.53656005859375	40.76322555541992	40.437564849853516	
110.88859558105469	131.60455322265625	42.2287712097168	41.194114685058594	
110.5731201171875	131.2991180419922	42.11134719848633	40.410423278808594	
110.8648452758789	131.1155548095703	43.055824279785156	40.86272430419922	
111.26222229003906	131.18252563476562	42.214969635009766	40.744022369384766	
111.9891586303711	131.87228393554688	41.24666213989258	39.65673828125	
112.85333251953125	131.9883575439453	40.04352569580078	39.901145935058594	
113.0864486694336	132.22030639648438	41.32099151611328	40.1793098449707	
113.4161605834961	132.9975128173828	42.62476348876953	40.15546417236328	
114.06851959228516	134.34532165527344	43.77008819580078	39.74900817871094	
114.60855865478516	135.1864776611328	43.4191780090332	39.67825698852539	
116.60440826416016	136.9873809814453	42.568450927734375	39.096214294433594	
118.02244567871094	138.23641967773438	43.2540168762207	38.72309112548828	
120.69313049316406	138.2286834716797	45.17261505126953	39.73896408081055	
123.10173034667969	138.0625	44.023292541503906	40.13154983520508	
125.45115661621094	137.72755432128906	45.16564178466797	40.61668395996094	
127.2254867553711	137.98388671875	44.58455276489258	40.474510192871094	
129.16665649414062	138.6401824951172	44.17448043823242	40.73082733154297	
130.3498992919922	138.74581909179688	43.36528015136719	40.761375427246094	
131.6555633544922	140.19163513183594	44.73290252685547	40.0139045715332	
132.61767578125	141.02804565429688	45.897789001464844	40.74714660644531	
134.08132934570312	140.62863159179688	45.7603645324707	40.69895935058594	
134.8428955078125	141.09835815429688	45.65613555908203	40.952430725097656	
135.26953125	141.7621612548828	47.43846893310547	41.10236358642578	
135.32949829101562	140.86666870117188	47.01838684082031	40.887752532958984	
135.82757568359375	140.7310791015625	46.439369201660156	40.96004104614258	
137.15139770507812	140.82260131835938	44.60791778564453	40.90776443481445	
136.41940307617188	139.0711669921875	45.56194305419922	41.24150466918945	
135.92086791992188	138.03199768066406	45.4981689453125	41.5698127746582	
134.1708526611328	136.4141845703125	46.86861038208008	42.09105682373047	
132.8501739501953	134.997802734375	43.633827209472656	41.42793655395508	
131.99122619628906	134.88247680664062	40.447601318359375	39.9117317199707	
129.91757202148438	130.92593383789062	41.738555908203125	41.55493927001953	
128.5518035888672	129.0138702392578	42.893394470214844	41.736473083496094	
125.34623718261719	125.89366149902344	45.83015823364258	43.003456115722656	
123.30340576171875	121.74031829833984	46.9930534362793	44.78522491455078	
120.07242584228516	116.33039855957031	47.216949462890625	45.28297805786133	
117.70109558105469	108.7397689819336	46.956092834472656	48.81523895263672	
115.88047790527344	102.27650451660156	47.37653350830078	52.510658264160156	
113.35124206542969	95.71269989013672	43.524871826171875	49.86704635620117	
109.9109878540039	93.92393493652344	46.386966705322266	46.83851623535156	
108.9635009765625	88.26139831542969	47.442867279052734	48.082908630371094	
106.25447082519531	83.0908432006836	49.010009765625	49.016693115234375	
106.52906799316406	78.20875549316406	48.212135314941406	50.48854064941406	
106.82884216308594	77.9581298828125	47.021427154541016	48.867881774902344	
107.28511047363281	77.26883697509766	45.25733184814453	47.14091873168945	
107.78365325927734	77.65867614746094	44.256996154785156	45.71864318847656	
108.6862564086914	77.31730651855469	43.58167266845703	45.45057678222656	
109.52464294433594	76.7870101928711	45.69929885864258	46.788536071777344	
110.00144958496094	77.7002944946289	44.40625	46.88694381713867	
110.68769836425781	78.12147521972656	45.961082458496094	46.79743194580078	
113.07220458984375	81.91999816894531	45.85393524169922	47.28211212158203	
114.18192291259766	82.64215087890625	44.23095703125	46.77973175048828	
114.4698486328125	87.91567993164062	54.1654052734375	46.94322204589844	
119.7013168334961	92.28437805175781	48.00139617919922	49.54454803466797	
121.3896713256836	101.5547866821289	47.77376937866211	46.40247344970703	
121.88450622558594	106.50284576416016	46.80570602416992	46.20768356323242	
124.35652923583984	111.62635803222656	48.109798431396484	47.013893127441406	
126.79304504394531	118.19278717041016	49.58808517456055	47.61497116088867	
129.55453491210938	123.34236145019531	48.65422058105469	46.198665618896484	
130.2220001220703	129.46612548828125	50.935035705566406	44.82743453979492	
131.13742065429688	132.07388305664062	50.85204315185547	44.00957107543945	
134.1421661376953	133.22706604003906	49.24620819091797	43.962257385253906	
134.50845336914062	135.5790252685547	47.96845245361328	43.23652648925781	
135.40699768066406	135.4893798828125	47.37804412841797	42.01959991455078	
137.47769165039062	133.79673767089844	47.95588302612305	41.91083526611328	
136.7700958251953	134.0850067138672	47.885860443115234	40.77684020996094	
137.47470092773438	132.65768432617188	49.29780960083008	40.75880813598633	
138.71707153320312	131.63568115234375	48.89279556274414	41.25221252441406	
136.91050720214844	130.73780822753906	50.45179748535156	41.056121826171875	
136.69454956054688	130.37562561035156	52.11951446533203	41.577789306640625	
138.08584594726562	131.14646911621094	51.153289794921875	40.872230529785156	
138.0737762451172	131.83753967285156	51.09050750732422	41.109336853027344	
139.83432006835938	135.8716583251953	50.02763748168945	41.87406539916992	
139.88821411132812	138.17654418945312	50.00476837158203	41.17744827270508	
141.52920532226562	143.28074645996094	49.038936614990234	41.723148345947266	
141.94598388671875	148.671142578125	48.71125411987305	41.247406005859375	
142.4507598876953	152.2521514892578	48.85102462768555	41.22577667236328	
142.253662109375	157.69400024414062	49.372215270996094	40.339141845703125	
143.37417602539062	160.01107788085938	48.745025634765625	40.937347412109375	
145.06643676757812	163.97817993164062	48.36565399169922	41.31407165527344	
145.22149658203125	166.32232666015625	49.70539474487305	41.32063674926758	
145.75318908691406	168.97293090820312	48.567893981933594	40.203521728515625	
146.64559936523438	168.73538208007812	47.26128387451172	40.95906448364258	
148.31069946289062	169.0378875732422	47.28186798095703	41.0558967590332	
150.1236572265625	168.53707885742188	44.85694122314453	41.427127838134766	
152.23727416992188	167.11355590820312	43.010948181152344	42.60441970825195	
152.36431884765625	165.72825622558594	43.604881286621094	43.9376106262207	
151.8157501220703	165.33973693847656	45.28078079223633	42.851505279541016	
152.0776824951172	165.305908203125	46.853878021240234	42.953330993652344	
151.1100616455078	165.3738555908203	48.258399963378906	42.38991165161133	
150.07875061035156	165.43917846679688	50.035797119140625	41.8725700378418	
149.09107971191406	166.10604858398438	51.76286697387695	41.81366729736328	
149.6390838623047	166.50558471679688	51.06659698486328	42.07091522216797	
149.4387664794922	167.10552978515625	49.999568939208984	41.036865234375	
148.6483612060547	167.20172119140625	51.0989990234375	41.38591766357422	
148.11221313476562	166.9846954345703	50.87157440185547	41.64244842529297	
147.7302703857422	166.10910034179688	51.38617706298828	41.77495574951172	
146.71530151367188	164.65280151367188	50.72746658325195	41.943260192871094	
146.08718872070312	163.9612274169922	51.61494064331055	41.41297912597656	
144.91160583496094	162.4784393310547	51.711021423339844	41.673789978027344	
144.5521240234375	162.058349609375	52.12982177734375	41.23396682739258	
144.2510986328125	161.6637725830078	52.676849365234375	40.916954040527344	
144.1852569580078	161.21435546875	52.58272171020508	41.18988037109375	
143.7875213623047	160.92990112304688	52.64301300048828	41.3948860168457	
143.42196655273438	160.34071350097656	51.974082946777344	42.1159553527832	
143.0039825439453	160.29232788085938	51.68864059448242	42.022239685058594	
142.86134338378906	161.32647705078125	52.72351837158203	41.28255081176758	
143.14645385742188	161.84222412109375	51.11714553833008	41.533355712890625	
146.4490509033203	162.78968811035156	46.789283752441406	42.1221809387207	
146.79660034179688	164.60081481933594	46.725730895996094	41.81658935546875	
142.8844757080078	167.30213928222656	51.016841888427734	42.070411682128906	
141.825927734375	168.42703247070312	51.621070861816406	41.43579864501953	
141.7491455078125	168.14822387695312	50.094268798828125	40.97636413574219	
141.0787353515625	166.3680419921875	50.265769958496094	41.91789627075195	
140.5081329345703	164.2176055908203	49.16332244873047	41.949737548828125	
138.52334594726562	160.1725311279297	48.171630859375	41.9092903137207	
137.76806640625	156.73492431640625	45.269264221191406	42.976158142089844	
135.5383758544922	150.96194458007812	44.32876968383789	43.39307403564453	
134.02108764648438	147.91738891601562	41.101341247558594	42.84001541137695	
130.5360870361328	138.83877563476562	46.4444465637207	45.43891143798828	
128.665283203125	132.52854919433594	45.51327133178711	46.081485748291016	
125.87835693359375	120.0873794555664	45.222537994384766	50.358924865722656	
123.23360443115234	111.80448150634766	45.27881622314453	51.178321838378906	
119.58827209472656	105.44447326660156	45.822296142578125	49.42982482910156	
116.8811264038086	101.26466369628906	43.66301345825195	48.015045166015625	
115.7505111694336	99.33995056152344	45.091514587402344	49.74652862548828	
110.33161926269531	101.64239501953125	54.3568229675293	47.10908126831055	
112.54670715332031	94.3478012084961	46.861724853515625	52.41139602661133	
112.9698715209961	90.77580261230469	46.78826904296875	49.885623931884766	
112.52763366699219	89.78187561035156	46.90347671508789	49.60115432739258	
111.90374755859375	89.34391784667969	46.518001556396484	50.582740783691406	
110.37908935546875	86.90510559082031	47.884342193603516	50.21405029296875	
110.37890625	88.043701171875	50.495140075683594	53.19343185424805	
110.93145751953125	88.76502990722656	49.71410369873047	53.06001663208008	
110.8095703125	89.91386413574219	46.712013244628906	49.68414306640625	
109.58463287353516	88.21442413330078	48.37714385986328	49.92765426635742	
110.1229019165039	88.46632385253906	47.57191848754883	50.51634216308594	
110.40647888183594	85.81668853759766	50.19123077392578	52.989280700683594	
109.43333435058594	84.70858001708984	50.35368728637695	53.3974609375	
110.16966247558594	83.77076721191406	52.24213409423828	54.80083084106445	
110.06962585449219	82.87113952636719	49.62260437011719	52.35985565185547	
109.80684661865234	82.87552642822266	50.36194610595703	52.4248161315918	
110.16624450683594	80.91712188720703	49.3250732421875	51.371498107910156	
108.91641998291016	78.79878997802734	50.92183303833008	52.91728973388672	
108.47666931152344	77.71109771728516	50.17181396484375	50.65863800048828	
108.79341125488281	78.40525817871094	49.92164993286133	51.36201095581055	
109.05322265625	79.19825744628906	49.92334747314453	50.98387908935547	
108.26043701171875	79.52870178222656	50.02553176879883	50.474361419677734	
108.12833404541016	80.31175994873047	48.40802764892578	49.81719207763672	
108.8883285522461	80.45353698730469	49.264122009277344	50.743961334228516	
108.93840026855469	80.98287963867188	49.97112274169922	51.61872100830078	
108.8634262084961	80.3443374633789	52.14274978637695	53.7591552734375	
108.45274353027344	80.37291717529297	49.41621017456055	52.29365921020508	
109.26348876953125	80.63746643066406	50.24745178222656	54.14979934692383	
109.4507064819336	79.97286987304688	52.078285217285156	54.31864547729492	
109.3266372680664	79.48878479003906	52.910423278808594	56.274986267089844	
110.22087097167969	82.25059509277344	53.9098014831543	56.959068298339844	
111.72871398925781	82.940185546875	49.94147872924805	56.72562789916992	
109.4245376586914	94.0834732055664	60.5963249206543	52.516624450683594	
112.9705581665039	90.10987854003906	48.4733772277832	55.26844024658203	
114.07234191894531	91.28670501708984	45.633583068847656	54.26935958862305	
113.44047546386719	95.27687072753906	44.949493408203125	51.453765869140625	
113.68148040771484	98.30748748779297	45.5117073059082	51.09031295776367	
112.65792083740234	102.43205261230469	46.527259826660156	48.913063049316406	
113.3321762084961	103.1626968383789	48.09889602661133	49.972434997558594	
112.7137680053711	106.14305114746094	46.26667022705078	48.443870544433594	
112.6966781616211	106.5489273071289	46.83452606201172	48.81786346435547	
113.8509521484375	108.33699035644531	46.64458465576172	49.685401916503906	
115.0521240234375	109.1350326538086	48.35723114013672	51.23305130004883	
115.06929779052734	111.1999740600586	48.93619918823242	52.15010452270508	
114.770263671875	113.4302749633789	49.960289001464844	54.32231521606445	
115.03369140625	116.19624328613281	50.51081085205078	55.09210205078125	
116.63797760009766	119.06367492675781	50.61576461791992	55.55249786376953	
119.23194885253906	126.8553466796875	48.884605407714844	55.7823600769043	
120.15995025634766	131.05203247070312	48.78408432006836	55.131507873535156	
120.42039489746094	138.2517852783203	44.61956787109375	51.19322967529297	
121.01390075683594	143.36233520507812	46.819000244140625	52.98051834106445	
122.09716796875	153.7773895263672	48.030738830566406	48.875972747802734	
120.76206970214844	156.54495239257812	48.075130462646484	49.88644790649414	
120.58586120605469	159.72705078125	46.7903938293457	48.06850051879883	
121.58784484863281	163.2661590576172	47.11685562133789	48.205665588378906	
122.06611633300781	168.77297973632812	46.98076629638672	45.93079376220703	
122.7005615234375	171.16397094726562	48.65363693237305	47.32154083251953	
122.93965148925781	172.75314331054688	48.38760757446289	47.437252044677734	
122.52992248535156	177.93804931640625	45.09992599487305	45.249977111816406	
121.7380142211914	179.8402862548828	47.78078079223633	45.697608947753906	
121.8033447265625	185.20620727539062	48.37437057495117	43.71564865112305	
121.71037292480469	186.55673217773438	48.60087966918945	43.837432861328125	
122.84700775146484	190.34124755859375	48.033912658691406	43.07746124267578	
123.21766662597656	193.0758514404297	47.76470947265625	42.86637878417969	
124.064453125	196.48214721679688	47.280635833740234	42.294246673583984	
123.9561767578125	197.371826171875	48.063114166259766	42.039310455322266	
125.66630554199219	200.1603546142578	47.949424743652344	42.17616271972656	
126.33992767333984	201.47323608398438	47.10197067260742	41.98139953613281	
128.1762237548828	203.50851440429688	45.912193298339844	40.47782516479492	
128.45870971679688	204.374267578125	47.20746994018555	39.93757629394531	
128.82984924316406	205.3829345703125	48.92634582519531	40.375980377197266	
129.9646453857422	204.98263549804688	46.35582733154297	39.05524826049805	
129.94883728027344	204.32046508789062	46.77111053466797	38.60926055908203	
130.3236541748047	203.3418731689453	47.109771728515625	38.655250549316406	
130.33761596679688	201.4216766357422	46.7646369934082	38.31902313232422	
128.01327514648438	198.7190399169922	50.64923095703125	38.31201934814453	
126.4365005493164	195.89956665039062	51.867706298828125	38.56688690185547	
127.28617095947266	191.73776245117188	50.5584602355957	38.37137985229492	
126.3215560913086	188.9131622314453	52.0638542175293	38.613563537597656	
126.47865295410156	185.77987670898438	52.0875129699707	37.766334533691406	
126.680419921875	183.8817901611328	51.82587814331055	37.51777648925781	
126.3897476196289	182.19992065429688	51.94532012939453	37.631019592285156	
127.50762939453125	182.30580139160156	52.97371292114258	38.09394073486328	
130.6799774169922	183.73861694335938	48.4249382019043	38.883724212646484	
132.74331665039062	187.5441131591797	46.32495880126953	40.194427490234375	
131.74044799804688	193.0863800048828	49.92169952392578	41.221534729003906	
131.4168243408203	200.48611450195312	49.05142593383789	40.88825607299805	
130.87338256835938	204.8034210205078	51.33925247192383	41.000205993652344	
131.026611328125	207.8791046142578	53.03386688232422	42.056983947753906	
130.7744903564453	209.3047637939453	53.643836975097656	42.68488693237305	
128.95907592773438	209.82080078125	52.57624435424805	43.00934982299805	
128.65240478515625	208.64553833007812	50.258304595947266	43.044342041015625	
128.2974395751953	207.08154296875	49.50129318237305	42.863746643066406	
125.421630859375	199.49209594726562	50.07417297363281	46.82575607299805	
125.68986511230469	193.794921875	46.486351013183594	47.2699089050293	
124.7616195678711	189.74020385742188	45.9958381652832	46.11064910888672	
123.880126953125	182.96144104003906	45.745811462402344	45.36150360107422	
122.56538391113281	175.32632446289062	46.25065612792969	45.66185760498047	
119.62828063964844	168.80723571777344	46.89588165283203	48.56519317626953	
116.98441314697266	158.62094116210938	50.22565460205078	49.42233657836914	
114.97688293457031	152.76295471191406	51.7016716003418	52.36103439331055	
112.49246978759766	142.84918212890625	43.907066345214844	51.00845718383789	
109.84800720214844	138.34388732910156	43.01970291137695	50.42412567138672	
110.20347595214844	138.15696716308594	51.2608757019043	50.6435432434082	
110.6482925415039	132.2659912109375	46.76987075805664	50.843162536621094	
108.96455383300781	126.08687591552734	47.16216278076172	50.00482940673828	
109.28778076171875	122.5400390625	48.004676818847656	47.24982452392578	
110.36065673828125	117.65694427490234	49.05055618286133	49.847869873046875	
114.52827453613281	112.14494323730469	48.56383514404297	49.146602630615234	
118.73335266113281	117.1040267944336	51.967010498046875	45.03790283203125	
107.68310546875	101.35673522949219	48.127662658691406	40.57230758666992	
107.10882568359375	96.06398010253906	45.596778869628906	43.03439712524414	
109.72166442871094	90.78108215332031	42.16636276245117	42.80115509033203	
112.8587417602539	78.84197998046875	42.177528381347656	45.690677642822266	
114.5061264038086	70.51087951660156	40.57650375366211	43.64091491699219	
114.514892578125	61.1309814453125	40.580970764160156	43.32012176513672	
113.93155670166016	56.60679244995117	39.98527145385742	42.41337585449219	
112.69157409667969	49.8629035949707	39.578895568847656	39.57624435424805	
112.19950866699219	48.145172119140625	39.237815856933594	37.818748474121094	
112.26585388183594	44.53284454345703	38.65718078613281	37.08647537231445	
111.6762466430664	43.08686065673828	38.701499938964844	35.959632873535156	
111.01130676269531	38.76523208618164	38.07976150512695	36.45069122314453	
110.36637878417969	36.12397003173828	37.84754943847656	36.874359130859375	
110.0691146850586	32.75791549682617	35.997032165527344	35.819068908691406	
109.15718078613281	29.10219955444336	36.46348190307617	36.54039764404297	
109.3997802734375	27.22119140625	35.31772232055664	36.010414123535156	
108.8471908569336	25.32921600341797	36.0070686340332	36.324790954589844	
108.4107666015625	23.221057891845703	35.30828094482422	36.17449188232422	
107.7758560180664	22.298601150512695	36.24201202392578	36.23047637939453	
107.60294342041016	20.95943832397461	35.96056365966797	36.383907318115234	
106.41097259521484	19.266883850097656	35.910850524902344	36.29078674316406	
104.86531066894531	19.450103759765625	35.61978530883789	35.904205322265625	
105.04405212402344	19.244361877441406	35.582130432128906	36.56049346923828	
105.22822570800781	19.710391998291016	35.772483825683594	36.5418701171875	
105.4837646484375	21.288293838500977	35.0644416809082	35.233985900878906	
105.9504623413086	22.018417358398438	34.574867248535156	35.26639175415039	
105.75482177734375	23.28012466430664	34.83773422241211	35.06171417236328	
105.43476867675781	23.803104400634766	35.12386703491211	35.15740203857422	
105.62013244628906	25.047183990478516	35.72875213623047	35.227298736572266	
105.89601135253906	27.033004760742188	35.431434631347656	34.999534606933594	
106.08662414550781	27.70377540588379	35.260467529296875	35.41908645629883	
105.87358093261719	28.80792808532715	35.18186950683594	35.35314178466797	
106.24894714355469	29.94478416442871	35.49291229248047	36.1014404296875	
104.53718566894531	28.529348373413086	37.406517028808594	36.65896224975586	
104.59806823730469	30.362411499023438	36.266685485839844	36.138275146484375	
103.26579284667969	29.72308921813965	36.719459533691406	36.172725677490234	
102.03347778320312	29.568798065185547	36.67253875732422	35.995872497558594	
100.65785217285156	27.506855010986328	37.914207458496094	36.84227752685547	
99.64151763916016	26.600208282470703	37.53499221801758	37.05089569091797	
98.17599487304688	25.73532485961914	38.58252716064453	36.6129035949707	
98.00874328613281	26.233829498291016	37.838523864746094	35.829280853271484	
96.96636199951172	26.289432525634766	37.67759704589844	34.90557861328125	
96.22403717041016	23.296398162841797	38.77081298828125	36.387672424316406	
94.73150634765625	22.229141235351562	39.865238189697266	36.966922760009766	
92.71107482910156	24.196338653564453	41.23603057861328	35.41371536254883	
91.98467254638672	24.16632080078125	41.692256927490234	36.511070251464844	
92.17631530761719	28.252410888671875	41.173728942871094	35.730628967285156	
93.29930114746094	28.14491844177246	41.25274658203125	36.974822998046875	
91.35974884033203	32.47241973876953	43.1322135925293	35.88576126098633	
91.41268920898438	34.475975036621094	43.42316436767578	35.867156982421875	
90.05754852294922	37.400489807128906	45.59449005126953	35.50050354003906	
90.37596893310547	39.568321228027344	46.232215881347656	36.1212272644043	
90.89765930175781	40.09450149536133	46.7862548828125	37.11459732055664	
91.80201721191406	41.90005111694336	46.693092346191406	38.018402099609375	
92.29495239257812	44.991127014160156	46.13325500488281	37.22371292114258	
93.07638549804688	49.54846954345703	46.53284454345703	36.88200759887695	
93.90159606933594	52.155303955078125	47.17598342895508	37.48940658569336	
95.073486328125	57.016807556152344	47.359840393066406	36.912296295166016	
95.38616943359375	60.29249954223633	47.293949127197266	36.90448760986328	
96.61604309082031	66.29048156738281	47.02499771118164	36.59999084472656	
97.8296127319336	70.14323425292969	47.71434020996094	37.316078186035156	
99.49179077148438	77.05525970458984	48.362335205078125	37.82126998901367	
100.96434020996094	81.17701721191406	47.49258804321289	38.03666305541992	
103.0191421508789	87.06376647949219	48.21316909790039	38.91877746582031	
103.96207427978516	93.39842224121094	49.04253005981445	38.89563751220703	
104.18951416015625	103.2999496459961	49.4000129699707	37.83706283569336	
105.6675796508789	108.45347595214844	49.292484283447266	37.4809455871582	
107.12088775634766	115.31523132324219	51.238853454589844	39.557769775390625	
108.31412506103516	121.44282531738281	50.137107849121094	38.53279113769531	
109.4522476196289	128.7633056640625	50.02379608154297	38.3548469543457	
114.88004302978516	134.29782104492188	44.874732971191406	38.4937744140625	
115.8151626586914	138.91989135742188	45.526851654052734	38.397308349609375	
117.45307922363281	143.47286987304688	47.928123474121094	37.9592170715332	
119.5339126586914	147.3041534423828	47.30937957763672	38.86948776245117	
123.33158111572266	150.23764038085938	44.43162155151367	39.421051025390625	
122.41365814208984	154.75680541992188	47.048397064208984	38.492042541503906	
124.37862396240234	158.72975158691406	48.11492919921875	39.520118713378906	
125.9229965209961	162.13851928710938	46.773101806640625	39.83317565917969	
126.63582611083984	163.7311248779297	46.81375503540039	39.69086837768555	
127.2963638305664	164.86056518554688	48.05559158325195	40.18598175048828	
129.52438354492188	165.33326721191406	48.17858123779297	40.5687370300293	
131.9397430419922	165.0327911376953	46.95490646362305	40.16145706176758	
133.0985565185547	164.35482788085938	47.26417922973633	40.39671325683594	
136.10391235351562	162.48886108398438	46.90024185180664	40.885684967041016	
137.7303466796875	160.24481201171875	45.53263854980469	40.694984436035156	
137.84117126464844	158.0907745361328	45.33363342285156	40.77442932128906	
139.07461547851562	154.0772705078125	45.099327087402344	40.732791900634766	
139.31910705566406	151.79087829589844	46.020225524902344	40.759483337402344	
140.51715087890625	147.96548461914062	44.51707458496094	40.425743103027344	
140.34109497070312	145.64842224121094	45.07655334472656	40.34214401245117	
140.82669067382812	142.7666778564453	44.62635803222656	40.68631362915039	
141.95501708984375	140.95242309570312	44.83649444580078	40.36582565307617	
142.23764038085938	140.20425415039062	45.28662872314453	40.20586013793945	
143.15817260742188	140.1377410888672	44.41554641723633	40.30939865112305	
143.10302734375	141.13645935058594	44.59765625	40.27976608276367	
142.71884155273438	142.32411193847656	44.9991455078125	40.16129684448242	
142.1029815673828	145.48829650878906	44.70494842529297	40.54458999633789	
141.95755004882812	148.73635864257812	45.4986686706543	40.97607421875	
140.86268615722656	151.84681701660156	46.38249588012695	40.83079528808594	
139.8393096923828	155.3957061767578	46.336463928222656	41.49751663208008	
139.32041931152344	158.2644500732422	46.09033203125	41.59120559692383	
138.3646697998047	160.3074188232422	47.38323211669922	41.77756881713867	
137.5352325439453	162.1687774658203	47.21648025512695	41.740726470947266	
137.499267578125	162.59217834472656	45.026920318603516	41.24985122680664	
136.468017578125	162.10116577148438	46.96656799316406	41.01780700683594	
135.28146362304688	160.82618713378906	47.604270935058594	40.91603088378906	
134.86618041992188	160.03421020507812	46.74541473388672	41.53162384033203	
134.77645874023438	160.33811950683594	46.229515075683594	41.07823944091797	
135.40716552734375	161.17678833007812	44.85398483276367	41.78007125854492	
135.3693084716797	162.15805053710938	45.56866455078125	42.333900451660156	
135.17283630371094	165.35047912597656	45.75230026245117	43.25273513793945	
135.30935668945312	170.2423858642578	44.547325134277344	42.86858367919922	
134.75477600097656	174.56619262695312	45.55514907836914	42.83761215209961	
133.47048950195312	175.3928985595703	46.435264587402344	43.67411804199219	
132.00180053710938	175.26220703125	48.57944869995117	44.45561599731445	
130.75537109375	173.69996643066406	50.95734405517578	47.04167938232422	
129.65318298339844	174.64871215820312	48.515480041503906	45.570743560791016	
129.67172241210938	172.88088989257812	47.98065948486328	45.590335845947266	
128.3199005126953	170.27224731445312	49.90929412841797	46.747169494628906	
127.74809265136719	167.78025817871094	48.6834716796875	46.97117233276367	
127.76719665527344	164.2352752685547	48.44321823120117	47.79454803466797	
127.5224838256836	160.98544311523438	48.12909698486328	48.2310791015625	
127.0970230102539	159.7604522705078	46.025848388671875	46.85834503173828	
127.65095520019531	159.879150390625	46.14331817626953	46.25050354003906	
127.3134536743164	160.57305908203125	44.57075119018555	45.503902435302734	
126.0792007446289	162.04408264160156	39.392051696777344	40.814292907714844	
125.63153076171875	161.89988708496094	39.999900817871094	39.99529266357422	
124.06270599365234	158.64535522460938	43.618648529052734	43.31103515625	
118.46443939208984	155.68893432617188	51.68327713012695	44.79195022583008	
122.2842025756836	153.77391052246094	40.373783111572266	43.46033477783203	
123.5226058959961	151.48382568359375	38.80171585083008	44.8592643737793	
121.3384780883789	148.6068572998047	40.179195404052734	45.83344650268555	
120.21031188964844	146.31500244140625	40.80752944946289	46.16451644897461	
119.25128173828125	142.31918334960938	39.53107452392578	47.604209899902344	
119.09614562988281	133.4967041015625	43.52056121826172	52.009307861328125	
118.88079833984375	124.9503402709961	45.2836799621582	55.21357345581055	
115.8207778930664	119.59599304199219	45.54901123046875	46.859092712402344	
114.19502258300781	117.00630187988281	43.93803024291992	46.00231170654297	
115.8987808227539	112.7171401977539	48.778221130371094	53.96643829345703	
112.9923095703125	105.53519439697266	57.57352828979492	49.89679718017578	
108.04813385009766	120.01713562011719	51.08926010131836	50.332191467285156	
110.5210189819336	106.3533706665039	53.56119918823242	56.143348693847656	
108.1038589477539	112.47004699707031	58.664276123046875	50.84211349487305	
109.6866226196289	112.81422424316406	59.50426483154297	51.570098876953125	
112.4603042602539	113.12739562988281	58.445457458496094	50.65247344970703	
110.29488372802734	120.16204833984375	60.63964080810547	52.5540885925293	
106.47822570800781	97.43711853027344	60.83538818359375	52.72373580932617	
109.16275787353516	54.94084930419922	46.15111541748047	47.101890563964844	
108.45772552490234	47.94546890258789	47.612388610839844	48.18400192260742	
108.7200927734375	48.886207580566406	43.45065689086914	43.50298309326172	
109.08079528808594	39.334712982177734	42.127254486083984	42.21832275390625	
108.64912414550781	35.903526306152344	42.02743148803711	41.4714241027832	
110.61299133300781	40.797088623046875	40.22065353393555	40.28594970703125	
109.5647201538086	32.80745315551758	38.631988525390625	37.811920166015625	
107.95259094238281	28.52801513671875	39.791629791259766	38.243709564208984	
108.61006164550781	27.04033851623535	35.48479461669922	36.171119689941406	
108.02567291259766	22.71395492553711	36.62232208251953	36.62882614135742	
107.50274658203125	18.017757415771484	37.012306213378906	36.78594970703125	
107.40449523925781	15.478836059570312	36.74968719482422	36.66303634643555	
107.31732177734375	13.468762397766113	37.361656188964844	36.72633743286133	
107.21180725097656	12.936935424804688	36.307456970214844	36.19554901123047	
106.97648620605469	14.546032905578613	36.2380485534668	35.20519256591797	
