88.0	213.0	43.0	58.0	
90.61814880371094	211.84286499023438	44.120262145996094	59.183631896972656	
94.64694213867188	210.53482055664062	43.56580352783203	59.1397705078125	
99.9595718383789	208.01416015625	43.07938766479492	59.59004592895508	
104.1706771850586	205.6671142578125	43.858848571777344	63.395835876464844	
109.8424072265625	206.0601043701172	43.30165100097656	62.5462646484375	
114.3893814086914	204.15370178222656	43.618377685546875	62.580108642578125	
118.7050552368164	202.73452758789062	42.63747024536133	64.03067779541016	
122.24897766113281	201.38980102539062	42.99315643310547	62.91279220581055	
126.1609115600586	200.54769897460938	42.127830505371094	66.1067886352539	
129.29043579101562	199.08154296875	42.8044319152832	67.67115783691406	
133.11843872070312	198.1149139404297	43.07678985595703	67.32577514648438	
136.29238891601562	197.175048828125	42.7840690612793	69.98155212402344	
139.79232788085938	196.80673217773438	42.48762893676758	69.08218383789062	
143.05734252929688	197.30857849121094	43.22406768798828	68.188232421875	
146.24667358398438	195.46151733398438	43.83526611328125	71.9157943725586	
150.5412139892578	197.02029418945312	44.62041091918945	68.1076889038086	
154.099609375	196.31991577148438	44.75575637817383	69.12629699707031	
158.5455322265625	199.26141357421875	45.06342315673828	67.33513641357422	
162.4066925048828	198.58090209960938	46.79259490966797	68.96202087402344	
166.89505004882812	198.82550048828125	46.262672424316406	70.53956604003906	
171.01174926757812	197.86376953125	47.04270935058594	69.8061294555664	
176.3562469482422	195.4911651611328	45.52294921875	73.48239135742188	
180.57177734375	194.8071746826172	45.70946502685547	72.97743225097656	
185.27540588378906	193.0860595703125	44.50090789794922	72.171875	
188.13992309570312	192.68016052246094	47.1750373840332	74.84196472167969	
191.82276916503906	191.79696655273438	46.10984802246094	74.884033203125	
195.44383239746094	190.93927001953125	47.89336013793945	75.54479217529297	
200.26280212402344	189.68055725097656	46.59770584106445	75.11640930175781	
202.73873901367188	189.02261352539062	47.76613998413086	76.64892578125	
207.02493286132812	188.84768676757812	48.015079498291016	77.98786926269531	
210.0047149658203	187.379150390625	48.792152404785156	77.65674591064453	
212.53012084960938	187.8832244873047	50.572540283203125	79.18010711669922	
216.4380340576172	186.7631378173828	49.20714569091797	77.98219299316406	
220.37997436523438	186.0654754638672	49.59183120727539	78.08518981933594	
223.61557006835938	185.573486328125	51.144630432128906	81.04067993164062	
228.340576171875	185.99856567382812	49.59986114501953	80.3013687133789	
232.3644561767578	184.14456176757812	48.62366485595703	81.86566925048828	
236.18801879882812	182.99575805664062	49.220909118652344	81.18656921386719	
239.866455078125	181.1916046142578	49.15884780883789	82.24520111083984	
242.6144256591797	178.93728637695312	50.18090057373047	82.98358917236328	
245.53445434570312	178.5607147216797	49.44948196411133	82.5087890625	
248.7759552001953	178.82574462890625	48.97098922729492	81.83607482910156	
252.5721893310547	177.97146606445312	47.896484375	79.912841796875	
254.4624786376953	176.046875	48.280357360839844	79.31793212890625	
256.72296142578125	174.45692443847656	48.51353073120117	79.74070739746094	
259.99615478515625	174.56434631347656	49.36773681640625	76.64945983886719	
263.26580810546875	174.57962036132812	50.00571823120117	73.88740539550781	
265.31036376953125	171.59744262695312	50.97636032104492	75.90541076660156	
268.8484802246094	171.4213409423828	51.571571350097656	78.88963317871094	
272.24395751953125	170.95431518554688	52.00901412963867	77.90058135986328	
275.9652404785156	170.59751892089844	52.149986267089844	80.67440795898438	
278.30841064453125	168.89224243164062	52.326942443847656	82.3101577758789	
283.7496643066406	170.31051635742188	51.71046829223633	80.05106353759766	
285.64068603515625	166.88919067382812	53.00782012939453	84.82437896728516	
288.12774658203125	164.7887725830078	54.47648239135742	85.70672607421875	
290.256103515625	163.0137481689453	55.93217086791992	86.45084381103516	
292.8353576660156	161.52645874023438	59.005859375	86.17025756835938	
295.742919921875	158.8537139892578	60.35405349731445	84.85313415527344	
298.1815490722656	156.6787567138672	60.02448272705078	84.23420715332031	
301.34100341796875	155.91213989257812	59.940956115722656	85.83255004882812	
303.39923095703125	154.5475616455078	59.7414665222168	86.43034362792969	
304.99530029296875	153.10391235351562	60.2127571105957	90.19283294677734	
305.7095642089844	152.08399963378906	60.335304260253906	87.3555679321289	
311.1050720214844	154.17686462402344	56.587364196777344	84.9169692993164	
310.4604797363281	152.25613403320312	59.11606979370117	84.3331298828125	
311.19476318359375	151.0801239013672	59.48516845703125	86.28053283691406	
313.6632995605469	150.14794921875	59.75591278076172	86.90754699707031	
315.3115234375	149.8130340576172	59.209938049316406	89.24860382080078	
316.505126953125	148.7242431640625	58.79236602783203	85.90361022949219	
317.5461730957031	148.0098114013672	58.6467170715332	85.17906188964844	
319.2066650390625	146.2900848388672	57.116058349609375	87.76038360595703	
318.9530029296875	144.1073760986328	57.8968620300293	87.97428131103516	
318.8286437988281	142.44638061523438	58.46668243408203	85.51885986328125	
317.4007263183594	139.3925018310547	59.627532958984375	85.63490295410156	
319.0101318359375	138.80087280273438	58.88292694091797	86.63604736328125	
319.58465576171875	137.21197509765625	59.57567596435547	85.06262969970703	
320.06964111328125	135.14857482910156	59.3768310546875	84.83792877197266	
318.5730895996094	132.84169006347656	58.000022888183594	85.26395416259766	
319.197509765625	132.68508911132812	58.46654510498047	79.89285278320312	
320.453125	131.9636993408203	57.28670120239258	78.33841705322266	
319.0705871582031	130.9482421875	56.159950256347656	77.28287506103516	
318.0657043457031	131.049560546875	55.26751708984375	76.18616485595703	
316.5641784667969	129.1184539794922	55.60968017578125	77.74372100830078	
318.51153564453125	128.03176879882812	54.824012756347656	75.51731872558594	
319.50201416015625	127.8886489868164	54.8539924621582	77.6563949584961	
318.5399475097656	126.08184814453125	55.36613082885742	75.76167297363281	
320.6375427246094	124.14605712890625	54.59955596923828	75.2293930053711	
318.1761474609375	125.21617126464844	54.73457717895508	76.2737045288086	
317.3949279785156	122.22050476074219	54.73041534423828	74.40332794189453	
318.8211364746094	121.02992248535156	53.370399475097656	72.31755065917969	
317.42962646484375	119.70433044433594	54.32319259643555	73.03379821777344	
319.28778076171875	118.0507583618164	53.271453857421875	74.640625	
317.6846618652344	116.11326599121094	54.4622688293457	76.3986587524414	
318.21697998046875	114.98480224609375	53.41111373901367	74.5752182006836	
318.82427978515625	114.0199966430664	52.33135986328125	72.7996597290039	
318.50323486328125	112.55079650878906	52.15973663330078	73.115478515625	
319.946533203125	111.37396240234375	51.87135696411133	72.55416107177734	
317.5518493652344	116.81844329833984	49.33310317993164	65.56837463378906	
318.0555419921875	110.05815124511719	50.26265335083008	67.87098693847656	
312.1881408691406	116.1974105834961	51.379371643066406	69.87884521484375	
316.3726501464844	107.95999908447266	50.138858795166016	67.363525390625	
313.6732482910156	109.55256652832031	50.10340118408203	68.01481628417969	
306.1683349609375	117.1851577758789	50.57929229736328	72.13319396972656	
305.74346923828125	109.80704498291016	50.35313034057617	69.39242553710938	
311.0189514160156	103.6227035522461	47.3651008605957	66.48794555664062	
305.6344299316406	105.46370697021484	48.291019439697266	68.97745513916016	
303.28253173828125	104.98531341552734	47.91712188720703	68.7790298461914	
305.7270812988281	100.99185943603516	46.756080627441406	65.77972412109375	
302.60784912109375	101.2771224975586	46.50714874267578	65.9763412475586	
301.16998291015625	100.51531982421875	46.313079833984375	67.30949401855469	
297.1028747558594	101.19987487792969	47.55913543701172	69.9056396484375	
294.47796630859375	99.6856689453125	48.01600646972656	71.17539978027344	
292.66741943359375	102.8529052734375	47.83588790893555	71.90103912353516	
289.83612060546875	102.3291244506836	47.42790985107422	71.35118865966797	
290.03436279296875	103.10333251953125	45.30440902709961	71.11405181884766	
288.04217529296875	101.19937896728516	45.352333068847656	70.66077423095703	
282.72906494140625	107.61949157714844	45.9754524230957	70.79314422607422	
281.9647216796875	102.7884292602539	47.781620025634766	72.61817932128906	
280.3732604980469	106.5398941040039	45.21079635620117	70.35246276855469	
278.7721862792969	113.83882904052734	42.68982696533203	57.5816764831543	
281.0219421386719	102.15691375732422	44.13042068481445	69.00364685058594	
277.73541259765625	102.94315338134766	44.59136962890625	68.60328674316406	
278.06158447265625	104.56755065917969	44.39435958862305	68.34812927246094	
275.98248291015625	99.52873992919922	43.09552001953125	68.32975006103516	
274.3179626464844	102.02999877929688	45.670257568359375	69.43180084228516	
274.30352783203125	100.79413604736328	43.61339569091797	68.44258880615234	
273.82904052734375	101.11186981201172	42.88538360595703	66.26895904541016	
272.9456481933594	99.58741760253906	42.22083282470703	66.64549255371094	
271.6501770019531	99.9114761352539	41.62191390991211	66.06761932373047	
270.99981689453125	100.98690795898438	41.19289016723633	64.2900390625	
268.2659606933594	102.0663833618164	43.41020965576172	66.74697875976562	
267.33660888671875	100.15138244628906	42.019805908203125	64.86866760253906	
264.7626647949219	99.80103302001953	42.93316650390625	66.35123443603516	
263.64984130859375	99.50178527832031	42.069541931152344	67.063720703125	
263.8902893066406	98.81005096435547	39.63298797607422	64.82759857177734	
262.6288146972656	97.7783432006836	38.47863006591797	63.22118377685547	
260.09674072265625	98.16719055175781	38.841922760009766	62.61750411987305	
259.1114501953125	99.34429931640625	37.58220672607422	59.9703483581543	
258.068603515625	100.40975189208984	36.77397918701172	59.853057861328125	
256.4342956542969	102.23182678222656	36.39213180541992	57.74940872192383	
254.6036376953125	103.55960845947266	36.156307220458984	56.773216247558594	
253.64816284179688	103.26529693603516	35.27495574951172	56.44305419921875	
250.01040649414062	103.73231506347656	37.48817443847656	58.16692352294922	
247.0100860595703	104.38908386230469	38.65427780151367	54.59330368041992	
246.83090209960938	105.70565032958984	36.810028076171875	51.65156173706055	
244.2890625	107.4935302734375	36.27581024169922	48.72038650512695	
242.2568817138672	109.9272232055664	37.378597259521484	48.07403564453125	
240.37045288085938	111.33238220214844	39.12602996826172	49.585060119628906	
229.47598266601562	118.28157043457031	41.74860382080078	49.761234283447266	
238.6400604248047	111.3024673461914	35.44646453857422	46.74702453613281	
241.79336547851562	109.35078430175781	34.4066047668457	47.17306900024414	
243.5897979736328	107.9111099243164	34.92466354370117	51.509033203125	
233.3574981689453	105.07206726074219	33.77381896972656	45.55542755126953	
232.2241973876953	103.85575103759766	34.773441314697266	51.57856369018555	
231.48446655273438	105.18965148925781	34.14896011352539	48.626136779785156	
227.181884765625	100.09100341796875	37.31208038330078	50.6077995300293	
224.2374725341797	90.34420013427734	38.15608596801758	50.96556854248047	
221.6494903564453	91.00591278076172	38.21678924560547	49.77436065673828	
220.56558227539062	90.76704406738281	38.42875671386719	48.20895767211914	
219.51809692382812	91.8769760131836	38.721981048583984	48.71489715576172	
217.90625	90.88156127929688	38.36549377441406	47.45035934448242	
215.7991180419922	90.37095642089844	38.51703643798828	46.3494758605957	
216.06924438476562	91.41645050048828	38.2200927734375	44.71573257446289	
214.8146209716797	91.68179321289062	37.998756408691406	45.26819610595703	
211.8274383544922	89.27449035644531	37.32362747192383	43.98564147949219	
210.75448608398438	88.71260070800781	37.409820556640625	43.43761444091797	
210.14852905273438	88.13780212402344	37.71662521362305	45.24379348754883	
210.43014526367188	88.46957397460938	36.44978713989258	45.33251190185547	
207.6457977294922	85.80042266845703	38.17050552368164	46.0297966003418	
207.243896484375	87.22853088378906	36.89445877075195	47.05327606201172	
211.3910675048828	87.5916519165039	30.400726318359375	41.00569534301758	
205.3795623779297	86.03114318847656	38.66364288330078	44.142066955566406	
203.15191650390625	84.44117736816406	39.668601989746094	47.58085250854492	
201.60208129882812	87.19219970703125	39.77265167236328	51.06017303466797	
199.73980712890625	84.96967315673828	41.917442321777344	52.7900505065918	
199.33853149414062	81.85374450683594	43.00939178466797	53.04723358154297	
199.7460479736328	81.03734588623047	43.93647384643555	55.02489471435547	
199.32337951660156	82.68331146240234	43.18367385864258	56.3469123840332	
198.945556640625	81.4140853881836	44.064029693603516	57.558448791503906	
198.900146484375	80.5185546875	45.06436538696289	60.00164794921875	
197.44581604003906	80.0728759765625	44.86814498901367	61.61100387573242	
197.73477172851562	78.99042510986328	46.0241813659668	63.52142333984375	
197.1739501953125	77.60770416259766	45.3408317565918	63.8565673828125	
196.82394409179688	77.95475006103516	47.143798828125	65.41648864746094	
197.93692016601562	78.69703674316406	47.4031867980957	69.42616271972656	
197.3245086669922	76.1224136352539	48.90510940551758	70.58026885986328	
195.853271484375	76.09674072265625	46.94679641723633	72.3472671508789	
195.94000244140625	73.43500518798828	49.090576171875	74.6255111694336	
197.46353149414062	73.01957702636719	47.32215881347656	75.0048599243164	
197.83224487304688	73.57850646972656	49.24394226074219	74.6009292602539	
196.859375	71.44903564453125	47.754058837890625	76.31817626953125	
197.5758514404297	71.40913391113281	48.67980194091797	76.3431167602539	
198.23373413085938	71.22882080078125	49.21218490600586	76.76715087890625	
198.1995849609375	72.11021423339844	47.93526840209961	76.82598114013672	
199.5688934326172	73.06632232666016	46.89509963989258	76.39396667480469	
201.6277618408203	73.32598876953125	48.271873474121094	77.58995056152344	
202.60855102539062	73.87135314941406	48.13953399658203	77.11076354980469	
203.8565673828125	74.19541931152344	47.99275207519531	74.66023254394531	
202.0607147216797	75.2320327758789	49.59782409667969	75.4504165649414	
204.047119140625	74.8969497680664	50.034202575683594	75.09032440185547	
204.08119201660156	74.55461883544922	51.386932373046875	76.03501892089844	
205.7347869873047	73.88806915283203	52.275733947753906	76.02790832519531	
206.628173828125	74.9740982055664	56.36925506591797	79.09236145019531	
209.20181274414062	74.1681137084961	57.528282165527344	76.65857696533203	
204.417724609375	68.3768310546875	59.636993408203125	80.44072723388672	
205.2726593017578	76.74201965332031	63.24964141845703	76.20487213134766	
206.37667846679688	76.2987060546875	61.63691329956055	76.13965606689453	
206.1598663330078	73.50431060791016	62.494483947753906	79.15449523925781	
203.58917236328125	73.6589126586914	65.59545135498047	80.85142517089844	
205.4761962890625	74.4306869506836	65.78528594970703	80.9894027709961	
205.3320770263672	75.11638641357422	64.76731872558594	78.57817840576172	
207.9488983154297	77.5686264038086	64.85111999511719	80.37350463867188	
203.5120086669922	75.35389709472656	67.24567413330078	82.3040542602539	
203.5233612060547	78.60690307617188	65.26547241210938	81.59187316894531	
202.02700805664062	78.861083984375	66.26622009277344	82.18601989746094	
199.70254516601562	76.46269226074219	65.74528503417969	81.93193054199219	
198.3661346435547	77.03269958496094	63.6679573059082	82.35639953613281	
199.3224334716797	77.4976577758789	63.076141357421875	81.44627380371094	
199.10626220703125	77.84414672851562	62.098297119140625	80.78907775878906	
197.58645629882812	75.9358139038086	61.7307243347168	80.4581298828125	
196.04598999023438	75.34367370605469	61.75408172607422	81.05949401855469	
196.70510864257812	73.70823669433594	62.687828063964844	83.05409240722656	
197.2866973876953	73.52793884277344	62.0383186340332	85.17632293701172	
197.8889617919922	73.26136779785156	61.81439971923828	84.29838562011719	
198.99563598632812	74.84072875976562	61.1427116394043	82.56562805175781	
198.5517120361328	71.39347076416016	61.55480194091797	83.69156646728516	
199.148193359375	73.5693130493164	59.785797119140625	83.64058685302734	
198.67613220214844	71.58763122558594	59.0788459777832	82.70227813720703	
198.3956756591797	71.43050384521484	58.93207931518555	79.77229309082031	
198.57766723632812	70.40745544433594	58.070396423339844	81.22257995605469	
198.9393768310547	70.75933074951172	57.31501388549805	84.08145141601562	
199.0283660888672	70.23921966552734	57.24480438232422	82.58308410644531	
199.54345703125	71.28350067138672	57.68422317504883	86.67607116699219	
199.94564819335938	69.07719421386719	56.4628791809082	81.84684753417969	
199.61257934570312	70.10279083251953	55.00896453857422	78.6329574584961	
199.8596649169922	70.81626892089844	54.64057540893555	78.72763061523438	
199.48068237304688	71.80357360839844	55.73249053955078	79.22686767578125	
199.16566467285156	70.76634216308594	54.31013107299805	81.11309814453125	
199.71954345703125	71.91785430908203	53.200523376464844	81.06708526611328	
199.27792358398438	71.29168701171875	53.80833053588867	79.9050521850586	
199.38748168945312	72.25532531738281	54.3597297668457	75.18875885009766	
198.65908813476562	71.38297271728516	54.849876403808594	77.43714904785156	
198.3591766357422	70.7878646850586	54.81196212768555	75.5739974975586	
199.49476623535156	71.5549087524414	54.24174880981445	77.93834686279297	
198.93019104003906	72.5067367553711	53.90119552612305	76.02716827392578	
197.78329467773438	73.03022003173828	54.41284942626953	79.31431579589844	
198.27639770507812	72.47248077392578	54.886085510253906	77.4881362915039	
198.50424194335938	72.82247924804688	58.22614669799805	82.30149841308594	
198.7062530517578	73.64466857910156	60.29106521606445	83.20811462402344	
198.00608825683594	73.35014343261719	63.152374267578125	83.29315185546875	
197.78890991210938	75.36515808105469	63.1249885559082	82.50667572021484	
197.5904083251953	75.39637756347656	63.15593719482422	83.72319793701172	
201.50225830078125	77.58989715576172	63.495361328125	86.37617492675781	
208.2007598876953	80.13475036621094	61.6755256652832	87.45795440673828	
208.6055908203125	81.76637268066406	60.49967575073242	85.87977600097656	
214.974609375	81.55252838134766	57.55561065673828	87.44386291503906	
217.585205078125	84.0082778930664	55.36628341674805	84.64125061035156	
215.11862182617188	82.79351043701172	56.8280143737793	84.23570251464844	
223.83535766601562	82.20939636230469	55.80308151245117	86.7953872680664	
220.99072265625	82.92674255371094	57.94368362426758	86.28729248046875	
219.45858764648438	80.85516357421875	57.37268829345703	85.72737884521484	
215.49368286132812	79.56315612792969	61.441184997558594	87.54804992675781	
216.8556671142578	83.3077163696289	63.1269645690918	89.84053802490234	
222.02828979492188	82.22540283203125	62.8331298828125	89.09381103515625	
223.3129425048828	84.08586120605469	62.28190994262695	90.67786407470703	
215.15328979492188	77.32743835449219	66.65782928466797	93.64598083496094	
215.3367462158203	79.1269760131836	69.31947326660156	95.59334564208984	
221.4722900390625	80.04840850830078	68.6112060546875	96.90128326416016	
224.0828399658203	80.352294921875	68.51863861083984	96.25257873535156	
209.4449462890625	81.39435577392578	79.01237487792969	98.64507293701172	
221.1225128173828	80.13980865478516	72.16227722167969	94.77681732177734	
232.52847290039062	82.24880981445312	66.54386138916016	88.41600036621094	
238.6609344482422	84.4449462890625	65.11322784423828	88.3940200805664	
251.5467071533203	85.57936096191406	58.82403564453125	85.72528076171875	
