191.0	43.0	40.0	113.0	
190.68002319335938	42.26816940307617	40.11216354370117	112.46858978271484	
190.01364135742188	42.73069763183594	40.132320404052734	112.17940521240234	
190.5574493408203	42.74530792236328	39.74410629272461	111.8597640991211	
189.9664306640625	41.8856315612793	39.965065002441406	112.07911682128906	
189.59512329101562	42.279701232910156	39.38715744018555	111.3442611694336	
188.94842529296875	41.8173713684082	39.951602935791016	112.37491607666016	
189.36253356933594	41.960472106933594	39.8829345703125	112.50410461425781	
188.99444580078125	41.91234588623047	40.16124725341797	113.36917877197266	
189.4573974609375	41.426082611083984	40.26551055908203	113.05491638183594	
189.5663299560547	40.797203063964844	40.437416076660156	113.53067779541016	
189.1653594970703	41.101654052734375	39.72278594970703	113.13780212402344	
188.10272216796875	42.54756546020508	39.48409652709961	111.44389343261719	
187.18710327148438	42.245948791503906	40.312889099121094	113.0406494140625	
186.40573120117188	42.373023986816406	40.048072814941406	112.58914947509766	
185.79116821289062	41.66297149658203	39.63795852661133	112.58088684082031	
183.94412231445312	41.28716278076172	40.724021911621094	112.38993835449219	
182.06320190429688	42.97970199584961	40.884666442871094	111.56805419921875	
180.03936767578125	44.8096923828125	41.10307693481445	111.30155181884766	
177.1613311767578	45.04282760620117	42.28234100341797	113.6876449584961	
177.40554809570312	46.793174743652344	41.8343505859375	111.6551284790039	
175.22012329101562	42.013404846191406	42.35622024536133	114.6159896850586	
169.0657196044922	40.131431579589844	44.2809944152832	117.0990219116211	
163.36978149414062	35.303810119628906	47.04179382324219	120.46955871582031	
163.58204650878906	33.86609649658203	44.234344482421875	117.51576232910156	
154.89292907714844	34.63716125488281	48.15769958496094	122.75643157958984	
149.510986328125	33.765804290771484	48.53361129760742	123.02333068847656	
144.2892608642578	33.42920684814453	49.55936813354492	123.57539367675781	
140.27548217773438	30.552743911743164	50.28572463989258	124.6209716796875	
137.3341064453125	25.746654510498047	54.54616165161133	130.8218536376953	
133.53427124023438	23.261863708496094	55.51061248779297	127.337158203125	
130.46266174316406	23.454509735107422	56.872276306152344	128.49607849121094	
132.09237670898438	25.159311294555664	53.56193161010742	122.82524108886719	
129.23468017578125	24.271615982055664	55.336219787597656	125.4167709350586	
131.1267852783203	22.205074310302734	53.5438117980957	126.97877502441406	
136.74136352539062	24.772655487060547	50.508995056152344	124.455810546875	
139.75912475585938	25.901397705078125	48.80664825439453	123.24845886230469	
144.89918518066406	25.116382598876953	48.57817840576172	124.03814697265625	
151.51918029785156	24.464977264404297	48.09083938598633	123.45059967041016	
159.132080078125	23.280107498168945	46.337581634521484	123.22599792480469	
163.230712890625	21.772174835205078	46.237464904785156	121.4780044555664	
169.0652618408203	19.41632652282715	44.84931564331055	116.79933166503906	
174.48580932617188	18.38800048828125	42.42448043823242	112.72398376464844	
180.453857421875	18.851966857910156	39.848838806152344	107.0382080078125	
184.10960388183594	7.145352840423584	42.452762603759766	119.92912292480469	
189.09304809570312	15.722277641296387	37.83924865722656	101.69456481933594	
193.300048828125	13.11778450012207	37.64853286743164	100.47496032714844	
196.24205017089844	11.209226608276367	37.49540710449219	101.64163970947266	
196.96511840820312	10.32172679901123	36.863773345947266	99.66350555419922	
197.18948364257812	9.160856246948242	36.63188552856445	101.81635284423828	
196.2899627685547	11.814955711364746	36.55042266845703	99.16133117675781	
195.75112915039062	12.291131973266602	36.140846252441406	100.0466079711914	
193.79440307617188	14.916831970214844	36.01604080200195	97.40679168701172	
189.92625427246094	13.767175674438477	36.59479904174805	100.7675552368164	
184.40391540527344	15.488667488098145	37.17365264892578	100.54000854492188	
179.05520629882812	16.553895950317383	38.11693572998047	100.43205261230469	
173.67311096191406	15.660421371459961	38.52397537231445	101.96112823486328	
168.85379028320312	15.158053398132324	40.04193115234375	104.70992279052734	
163.71380615234375	15.390562057495117	41.11042785644531	103.4011001586914	
160.13067626953125	16.3292236328125	40.90657043457031	102.9192123413086	
155.59561157226562	17.714717864990234	42.040313720703125	107.07177734375	
150.68345642089844	18.385360717773438	42.1494255065918	106.71675872802734	
146.6702423095703	16.09419822692871	42.98027801513672	108.16866302490234	
147.26766967773438	16.202159881591797	41.49899673461914	107.83073425292969	
144.7170867919922	15.569015502929688	42.652069091796875	111.17093658447266	
144.1324462890625	16.207256317138672	43.4774169921875	111.5928955078125	
146.4794158935547	16.602367401123047	43.806907653808594	110.8539047241211	
151.03994750976562	15.752087593078613	43.8194580078125	112.1234130859375	
155.0171661376953	16.902706146240234	43.997779846191406	111.24766540527344	
160.9977264404297	19.291080474853516	43.087825775146484	108.1775894165039	
169.35305786132812	20.902362823486328	41.8177604675293	107.13421630859375	
182.9905242919922	25.565902709960938	37.85732650756836	106.947021484375	
189.2258758544922	28.913341522216797	38.341468811035156	105.83668518066406	
197.8573455810547	32.134239196777344	38.52721405029297	104.72990417480469	
207.24755859375	35.77070999145508	36.78007888793945	103.55533599853516	
216.99899291992188	34.766380310058594	37.27735137939453	102.7092056274414	
227.68783569335938	33.90327072143555	38.0311279296875	102.81449127197266	
236.4846649169922	32.50310516357422	41.33131790161133	103.48567962646484	
257.83062744140625	47.800209045410156	44.38134002685547	112.1941146850586	
263.15283203125	45.90867614746094	41.805938720703125	121.3676986694336	
265.8622131347656	37.025325775146484	37.6013069152832	116.86994934082031	
267.3548278808594	30.870641708374023	39.36054611206055	118.30128479003906	
269.83563232421875	28.7396183013916	43.2059211730957	117.36622619628906	
276.29022216796875	28.497364044189453	41.30111312866211	108.40467834472656	
277.4570617675781	28.068206787109375	44.27073287963867	108.9357681274414	
282.9111328125	28.193124771118164	41.623775482177734	105.5940933227539	
281.28912353515625	27.69675064086914	43.81488800048828	107.06141662597656	
277.7377014160156	25.282424926757812	46.69675827026367	109.6771011352539	
278.2568054199219	25.89263916015625	44.77656555175781	109.28436279296875	
273.73223876953125	26.2956485748291	45.79447555541992	112.87556457519531	
268.367919921875	25.503591537475586	47.18050003051758	120.726318359375	
266.13311767578125	26.669208526611328	43.71649932861328	121.6827392578125	
264.75494384765625	28.349319458007812	38.92057800292969	122.3890380859375	
262.3329162597656	31.246694564819336	40.89680099487305	130.2810516357422	
259.101318359375	34.34551239013672	43.66826248168945	128.3762664794922	
255.24072265625	40.3172492980957	47.16434097290039	122.00394439697266	
237.10202026367188	25.06411361694336	49.09758377075195	110.42439270019531	
228.570556640625	25.028865814208984	45.7022819519043	105.49024963378906	
219.8378143310547	23.841510772705078	40.01317596435547	112.20735168457031	
212.6215362548828	26.55232810974121	38.337642669677734	110.24263000488281	
203.88052368164062	26.527099609375	37.8248176574707	107.08106994628906	
195.6444549560547	25.886371612548828	38.2225456237793	109.32535552978516	
187.82626342773438	28.58249855041504	38.331241607666016	107.71309661865234	
182.4476318359375	29.917043685913086	38.491817474365234	108.63668060302734	
175.98936462402344	31.623043060302734	39.292198181152344	110.29472351074219	
168.4389190673828	34.96369552612305	40.55448532104492	108.92558288574219	
162.23707580566406	36.37144470214844	42.39781188964844	108.92574310302734	
156.9333953857422	35.130775451660156	43.3346061706543	112.0499496459961	
155.8647918701172	35.369300842285156	41.68686294555664	109.05445861816406	
153.5034942626953	34.694828033447266	44.0890998840332	113.0106430053711	
154.91696166992188	36.832664489746094	44.12248611450195	112.15584564208984	
156.74282836914062	36.806358337402344	43.418174743652344	111.83879089355469	
160.3118438720703	37.892578125	42.81703186035156	109.70704650878906	
164.7069549560547	40.29486846923828	41.7346305847168	109.2456283569336	
170.90249633789062	40.3787727355957	40.15187454223633	110.33293151855469	
175.92308044433594	42.18226623535156	39.943382263183594	113.36275482177734	
183.21224975585938	44.96086502075195	39.34120178222656	112.27801513671875	
191.2865753173828	47.1938362121582	38.68213653564453	108.67442321777344	
199.77987670898438	48.131256103515625	37.49087905883789	107.27335357666016	
207.6017303466797	48.280517578125	37.93940353393555	107.03239440917969	
214.5089569091797	46.42539978027344	38.42801284790039	109.08171081542969	
222.5193328857422	46.19839859008789	40.592864990234375	108.3096923828125	
240.37060546875	46.64418029785156	43.09105682373047	121.73222351074219	
240.36209106445312	47.068111419677734	52.4379768371582	119.22802734375	
248.5095977783203	46.91538619995117	49.90422821044922	121.63248443603516	
253.2194366455078	45.28929901123047	45.707481384277344	120.64814758300781	
259.8744201660156	43.53876495361328	40.29307174682617	123.6519546508789	
262.6097717285156	39.16361999511719	39.64719772338867	122.16963958740234	
264.06048583984375	38.9748649597168	40.040985107421875	119.69865417480469	
263.3409118652344	36.7607307434082	42.55033874511719	119.9830093383789	
263.9461975097656	38.60227584838867	43.24361038208008	118.55522155761719	
264.45196533203125	38.70779800415039	44.59754943847656	118.5498275756836	
264.33843994140625	37.09690475463867	44.736141204833984	118.09306335449219	
264.4154052734375	39.75700378417969	43.12139129638672	115.1969985961914	
263.2342224121094	39.57267761230469	42.364463806152344	118.25543212890625	
263.3250427246094	37.85724639892578	41.483238220214844	122.1513900756836	
261.5555725097656	40.20240783691406	39.83655548095703	120.78460693359375	
257.0946044921875	44.196441650390625	43.52885437011719	123.83818054199219	
251.1708526611328	45.87952423095703	48.39226531982422	119.11295318603516	
248.83126831054688	47.06604766845703	50.826412200927734	122.3918228149414	
238.3197784423828	43.448062896728516	51.80497360229492	115.48089599609375	
223.07431030273438	36.36481475830078	44.22758865356445	112.3230972290039	
213.21615600585938	35.81022262573242	41.590667724609375	113.594482421875	
206.1721954345703	36.25178146362305	39.360313415527344	111.6371841430664	
196.70932006835938	37.59939193725586	38.06549835205078	109.68486022949219	
187.15829467773438	35.13813018798828	39.159881591796875	110.31141662597656	
178.17381286621094	32.70554733276367	39.758033752441406	112.21468353271484	
169.32894897460938	35.101097106933594	40.1839714050293	109.73402404785156	
160.74679565429688	33.21493148803711	42.66150665283203	114.39353942871094	
151.99368286132812	32.040611267089844	45.690948486328125	118.52888488769531	
144.6822509765625	31.05670166015625	45.96662139892578	118.0526123046875	
136.67251586914062	29.80169105529785	48.69667434692383	124.57893371582031	
133.0511932373047	32.50281524658203	48.03954315185547	121.94346618652344	
126.83717346191406	30.861927032470703	51.531105041503906	130.85507202148438	
124.74003601074219	30.8875732421875	52.51375198364258	131.22195434570312	
124.20463562011719	33.23027801513672	52.02321243286133	129.62704467773438	
123.39613342285156	34.59070587158203	52.6047248840332	130.3538818359375	
128.57046508789062	33.9080810546875	50.90012741088867	128.9481658935547	
132.0835418701172	36.1794319152832	49.55508041381836	126.49308013916016	
136.748291015625	36.15635299682617	48.817413330078125	126.14825439453125	
144.65536499023438	38.112831115722656	46.00681686401367	121.73039245605469	
153.78256225585938	39.75656509399414	43.187747955322266	116.74784088134766	
161.0098876953125	42.160850524902344	42.12697219848633	112.82173919677734	
168.78109741210938	42.957271575927734	40.06077194213867	111.7386474609375	
176.0986328125	43.68019485473633	38.473960876464844	108.28605651855469	
182.27685546875	44.36479949951172	36.32570266723633	104.48897552490234	
187.49655151367188	44.12690353393555	36.368263244628906	103.6388168334961	
192.44619750976562	45.155696868896484	35.27709197998047	101.20866394042969	
196.6481170654297	42.660030364990234	35.17493438720703	101.49655151367188	
200.65261840820312	42.71338653564453	35.672142028808594	100.49861907958984	
205.1746826171875	42.16297149658203	35.10725784301758	100.6771469116211	
206.84512329101562	42.35082244873047	35.503726959228516	101.04730987548828	
208.1564483642578	44.20751190185547	34.46997833251953	100.939453125	
205.6396942138672	43.70322799682617	34.710594177246094	101.57768249511719	
204.3843231201172	44.583595275878906	33.849220275878906	98.14688873291016	
200.31588745117188	43.04722213745117	34.58232498168945	99.50758361816406	
198.7124481201172	43.28728103637695	34.69416809082031	99.34732055664062	
195.42849731445312	42.53468704223633	35.49052047729492	101.25230407714844	
192.7674102783203	43.83505630493164	35.45600128173828	100.21449279785156	
186.0152587890625	45.14053726196289	36.365440368652344	103.05320739746094	
179.7534942626953	47.78462600708008	35.81209945678711	105.3521728515625	
172.5972900390625	46.1218376159668	38.0142707824707	113.3064193725586	
164.81361389160156	43.97211837768555	40.57284164428711	117.44346618652344	
160.49826049804688	44.34058380126953	42.10626983642578	119.2438735961914	
155.32505798339844	44.1723747253418	45.003028869628906	121.98802185058594	
151.66305541992188	44.67700958251953	45.93463134765625	121.04876708984375	
146.9705047607422	44.01183319091797	48.0690803527832	122.40074157714844	
144.9968719482422	42.721580505371094	48.78730392456055	121.5910873413086	
144.22296142578125	41.76531219482422	50.34926223754883	121.67442321777344	
145.0142364501953	41.60125732421875	51.14978790283203	121.3577880859375	
151.1000518798828	43.56707000732422	48.56721115112305	116.9563980102539	
158.44223022460938	45.72712326049805	46.546104431152344	114.54457092285156	
167.75775146484375	46.849422454833984	44.51460647583008	111.57176208496094	
177.58287048339844	48.43159866333008	43.23125076293945	107.29161071777344	
186.47064208984375	49.40042495727539	41.548309326171875	107.06727600097656	
196.4171142578125	51.93592071533203	42.11035919189453	102.93162536621094	
217.87039184570312	43.61055374145508	45.67902755737305	129.04324340820312	
233.43008422851562	51.86262893676758	47.899749755859375	112.74821472167969	
236.9452362060547	51.109107971191406	43.766868591308594	114.46638488769531	
243.72012329101562	49.6990852355957	40.8724250793457	115.8851547241211	
243.01254272460938	50.0760383605957	51.76160430908203	114.93858337402344	
254.9287872314453	50.853363037109375	47.803897857666016	109.89646911621094	
273.35845947265625	47.77367401123047	41.254981994628906	115.71988677978516	
280.09173583984375	45.62844467163086	41.061561584472656	115.43470764160156	
285.9209899902344	45.478355407714844	40.83171844482422	114.2389144897461	
289.22454833984375	44.316314697265625	39.34403991699219	113.02357482910156	
291.80999755859375	44.58704376220703	37.37887191772461	111.12068939208984	
289.87481689453125	43.06694412231445	37.92252731323242	112.4092025756836	
286.2476806640625	43.05548095703125	39.033329010009766	111.66898345947266	
280.55975341796875	42.36975860595703	39.82396697998047	114.6855239868164	
267.40093994140625	46.45441436767578	43.00706481933594	109.81535339355469	
256.86016845703125	44.871360778808594	44.0970573425293	116.31649017333984	
256.26751708984375	39.617897033691406	44.39107894897461	126.89622497558594	
260.397216796875	42.164955139160156	42.655799865722656	109.4038314819336	
246.27871704101562	45.1010627746582	40.85560607910156	107.8276138305664	
261.83544921875	43.350372314453125	36.32373809814453	104.7160873413086	
270.9192810058594	35.655914306640625	36.79009246826172	110.60203552246094	
270.0469665527344	38.87378692626953	36.11085891723633	108.76982116699219	
268.57867431640625	39.049964904785156	37.139930725097656	108.14693450927734	
267.3668212890625	39.207542419433594	36.17789840698242	108.14522552490234	
261.15020751953125	32.105003356933594	43.509376525878906	122.91402435302734	
258.73260498046875	32.804908752441406	37.462955474853516	114.0411376953125	
254.22390747070312	28.765438079833984	38.03356170654297	117.2999038696289	
250.52462768554688	28.629352569580078	37.32145309448242	117.1579360961914	
247.53152465820312	26.08746910095215	38.1066780090332	119.9438247680664	
241.8647918701172	23.188587188720703	46.978614807128906	132.714599609375	
247.3713836669922	27.339874267578125	37.801979064941406	122.8089828491211	
248.1498565673828	26.915634155273438	37.068031311035156	120.59953308105469	
248.46871948242188	24.764007568359375	37.83298873901367	121.67391204833984	
247.9892120361328	21.75728988647461	38.71599197387695	120.24346923828125	
248.3329620361328	20.056171417236328	38.5260124206543	119.82667541503906	
249.22354125976562	18.518301010131836	38.84113311767578	116.34504699707031	
252.0312042236328	17.290456771850586	38.547977447509766	114.71282958984375	
253.21304321289062	15.020303726196289	39.38837432861328	115.49947357177734	
245.21533203125	25.854198455810547	38.163108825683594	110.14154052734375	
245.7858428955078	20.899715423583984	39.82087326049805	112.59162902832031	
248.950927734375	11.697530746459961	43.6142578125	117.53556060791016	
246.08316040039062	9.475671768188477	46.071136474609375	128.49346923828125	
251.33377075195312	4.691624641418457	42.113563537597656	140.07687377929688	
254.822265625	3.1450729370117188	38.95918655395508	135.32174682617188	
257.3504638671875	4.616076469421387	37.686912536621094	132.72100830078125	
257.35015869140625	1.9956802129745483	39.032386779785156	132.28140258789062	
257.6664733886719	3.5831336975097656	41.24859619140625	127.7928695678711	
256.7561950683594	9.191797256469727	48.64186477661133	137.41323852539062	
259.64678955078125	2.9354660511016846	47.739933013916016	132.68460083007812	
277.17919921875	0.24318161606788635	41.05438995361328	122.7625503540039	
285.72265625	0.0	41.38737869262695	118.1927261352539	
293.2831726074219	1.8672325611114502	41.05851745605469	113.7715835571289	
297.87823486328125	4.436593532562256	41.18433380126953	107.78389739990234	
299.12322998046875	5.011024475097656	41.59941482543945	105.14155578613281	
300.1786193847656	4.023471832275391	43.40333557128906	104.60186767578125	
299.97772216796875	4.52255392074585	41.35101318359375	101.68550109863281	
297.74359130859375	4.2252068519592285	41.18796920776367	103.6826400756836	
290.6274719238281	2.1212151050567627	41.004615783691406	105.0556869506836	
283.91204833984375	4.356940269470215	38.84972381591797	103.88526916503906	
274.077880859375	7.173193454742432	39.053260803222656	104.34066009521484	
263.3862609863281	5.668078422546387	38.57405090332031	108.38078308105469	
253.516357421875	6.238823890686035	37.973609924316406	107.5416259765625	
244.40139770507812	8.181726455688477	37.62492752075195	107.25892639160156	
236.21279907226562	7.616985321044922	37.69898223876953	111.16278076171875	
228.5325927734375	12.080739974975586	37.191978454589844	111.5093002319336	
222.22348022460938	11.62070083618164	37.40319061279297	112.11796569824219	
217.80490112304688	12.9138765335083	36.93373489379883	112.02217864990234	
214.4211883544922	12.66268253326416	36.2056770324707	111.02911376953125	
206.2284698486328	19.1787052154541	40.575462341308594	125.35904693603516	
208.1457061767578	22.815746307373047	39.514766693115234	149.14852905273438	
219.18392944335938	22.979677200317383	38.75537872314453	140.61489868164062	
228.361083984375	30.034442901611328	41.807518005371094	125.47708892822266	
240.472412109375	33.12761306762695	45.23950958251953	118.99287414550781	
248.4842529296875	34.190101623535156	47.156925201416016	116.23828125	
259.1141662597656	36.4404182434082	47.85532760620117	118.8194808959961	
269.7822265625	39.377193450927734	45.887657165527344	119.24028015136719	
278.374755859375	47.36146545410156	43.29045486450195	113.76994323730469	
277.0193786621094	39.96385955810547	42.591094970703125	116.96498107910156	
272.01873779296875	36.49897384643555	40.26849365234375	117.25975036621094	
263.1298522949219	20.15590476989746	37.22323226928711	127.71981048583984	
257.374755859375	15.834009170532227	41.09334182739258	139.11654663085938	
254.1012725830078	12.09892463684082	44.5140380859375	137.07864379882812	
264.4321594238281	12.98315715789795	38.35208511352539	113.4670639038086	
267.99072265625	16.686729431152344	37.496917724609375	106.1395034790039	
269.36077880859375	17.133350372314453	37.718360900878906	107.31407165527344	
270.8874816894531	18.027162551879883	35.92322540283203	106.0186996459961	
269.986083984375	19.306882858276367	36.65032958984375	106.9159927368164	
268.63140869140625	21.636831283569336	36.1362419128418	105.22037506103516	
264.6733703613281	21.398874282836914	37.93049621582031	107.8141860961914	
261.91973876953125	23.47417640686035	36.908653259277344	107.55323791503906	
259.51953125	24.188020706176758	36.34197235107422	109.54522705078125	
255.03994750976562	23.9207706451416	36.70698928833008	110.45001220703125	
250.7243194580078	25.0642032623291	35.985313415527344	110.42864990234375	
246.04165649414062	25.361331939697266	35.78888702392578	112.8883056640625	
242.07351684570312	25.471792221069336	34.87992858886719	111.84739685058594	
238.05850219726562	26.009899139404297	35.390953063964844	114.22330474853516	
234.17843627929688	27.167749404907227	35.89012908935547	111.4950180053711	
230.2970428466797	29.097070693969727	36.947662353515625	109.79811096191406	
228.825439453125	30.598134994506836	35.44561004638672	110.02854919433594	
227.154052734375	32.33061599731445	34.69115447998047	108.290283203125	
223.55978393554688	34.58928680419922	35.686851501464844	114.77503967285156	
217.9165802001953	31.64760398864746	45.44509506225586	128.38235473632812	
202.57528686523438	33.71347427368164	47.213905334472656	134.72779846191406	
211.05661010742188	36.420387268066406	42.36759948730469	123.8885498046875	
224.39987182617188	42.85227584838867	45.8090705871582	118.41957092285156	
235.2845916748047	41.179527282714844	46.73521423339844	117.80338287353516	
244.297607421875	38.911033630371094	47.21147918701172	120.19294738769531	
253.28286743164062	41.700050354003906	46.620338439941406	118.26705169677734	
256.9360656738281	40.061073303222656	45.41800308227539	117.272705078125	
258.2798156738281	36.082611083984375	45.305503845214844	121.64501953125	
258.1220703125	39.09868621826172	45.77151107788086	119.3202896118164	
252.9646759033203	37.95756912231445	44.33386993408203	118.2854995727539	
246.06436157226562	34.546730041503906	45.160736083984375	120.76007080078125	
238.0370635986328	33.941680908203125	45.4955940246582	120.73905944824219	
234.97018432617188	30.714126586914062	39.4922981262207	130.9817657470703	
228.83657836914062	29.7595272064209	49.02913284301758	123.6739730834961	
241.5523223876953	24.674846649169922	41.761192321777344	116.8733139038086	
253.50015258789062	27.2188777923584	37.19976043701172	110.3334732055664	
256.54998779296875	26.118316650390625	39.29930877685547	112.89396667480469	
258.0881652832031	26.49180030822754	38.64757537841797	114.31148529052734	
261.8759765625	25.870752334594727	37.84217834472656	114.59748840332031	
263.263671875	24.795669555664062	39.08223342895508	114.0138931274414	
260.6273193359375	26.78342056274414	37.15210723876953	113.81258392333984	
252.71011352539062	28.84370994567871	38.41011047363281	112.73751068115234	
245.51248168945312	30.517099380493164	37.50466537475586	115.14988708496094	
240.0480499267578	28.140518188476562	37.211708068847656	121.79754638671875	
236.853759765625	28.184961318969727	37.2064094543457	122.76786804199219	
233.0113525390625	29.91434669494629	37.94971466064453	125.70646667480469	
228.1930694580078	31.7076358795166	38.03715133666992	124.2179183959961	
223.02774047851562	30.951648712158203	39.17731475830078	125.76667785644531	
220.0638427734375	35.379356384277344	38.473854064941406	121.5885238647461	
219.1898651123047	38.9815788269043	37.88759231567383	120.9659652709961	
220.4342803955078	35.5543098449707	39.134437561035156	122.5041732788086	
223.7115936279297	39.64007568359375	36.65319061279297	121.17472839355469	
227.8981170654297	41.783653259277344	36.30451583862305	118.29203033447266	
232.0578155517578	44.80315399169922	35.850399017333984	113.908447265625	
235.03335571289062	43.406158447265625	35.3875617980957	114.60597229003906	
237.70809936523438	40.106483459472656	35.63294219970703	114.21070861816406	
238.52432250976562	37.86796951293945	37.5045051574707	115.27947998046875	
240.4892120361328	39.188899993896484	36.8414192199707	113.41862487792969	
242.2069091796875	39.75506591796875	36.9482307434082	114.57979583740234	
241.88217163085938	38.326019287109375	37.4593391418457	119.05403137207031	
237.7355194091797	29.3774356842041	50.35797119140625	142.2613525390625	
236.0013885498047	38.346038818359375	38.547725677490234	123.7938232421875	
230.4481658935547	40.506011962890625	39.21349334716797	123.36656188964844	
221.1650390625	19.60572624206543	54.061767578125	152.7245635986328	
216.0759735107422	39.941856384277344	43.643409729003906	129.0211181640625	
212.3114013671875	41.3951301574707	43.380584716796875	125.87721252441406	
209.9298095703125	39.16667938232422	42.9040641784668	131.9056854248047	
209.0355987548828	42.49116897583008	42.83458709716797	130.31007385253906	
208.1334228515625	44.43281936645508	41.38763427734375	130.49313354492188	
208.1944580078125	44.9363899230957	42.36231231689453	130.13961791992188	
210.9149169921875	48.05119323730469	41.26219940185547	128.32472229003906	
209.6282501220703	50.36675262451172	42.782169342041016	125.35072326660156	
213.37716674804688	48.6029052734375	41.60655975341797	122.87959289550781	
215.689453125	47.915733337402344	42.513545989990234	121.5229721069336	
224.64370727539062	30.548330307006836	52.0579833984375	147.0638885498047	
220.0129852294922	45.89440155029297	42.86330032348633	120.663330078125	
222.2041473388672	46.298370361328125	42.67340850830078	124.03670501708984	
225.41891479492188	46.37169647216797	41.716163635253906	123.11772155761719	
222.0251922607422	45.36174774169922	44.12800979614258	122.49974060058594	
219.1670379638672	45.391056060791016	44.50986862182617	122.27311706542969	
216.1724090576172	48.41797637939453	44.27326965332031	120.4289779663086	
215.2589569091797	44.27646255493164	43.844764709472656	123.436767578125	
211.81478881835938	47.222618103027344	44.5311393737793	124.3232650756836	
209.56832885742188	45.23641586303711	44.75974655151367	126.53089904785156	
207.6836395263672	46.42601776123047	45.62751007080078	129.90399169921875	
204.905029296875	47.0483512878418	46.631324768066406	131.47837829589844	
206.7809600830078	45.540748596191406	44.77886199951172	132.10983276367188	
203.3525848388672	47.29094696044922	46.98370361328125	134.24087524414062	
198.74208068847656	52.269317626953125	49.41322708129883	133.31700134277344	
202.8430938720703	49.30767059326172	47.51099395751953	130.89453125	
201.16444396972656	51.00325012207031	49.30922317504883	131.472412109375	
206.6506805419922	50.34883499145508	44.421409606933594	126.73506164550781	
203.38656616210938	51.063941955566406	47.28295135498047	124.87324523925781	
203.9186248779297	48.52216339111328	46.703269958496094	128.67025756835938	
205.95785522460938	48.04228210449219	46.518882751464844	127.4684829711914	
202.33920288085938	54.27592849731445	49.85525894165039	125.41450500488281	
208.411376953125	48.7150993347168	46.111351013183594	124.99409484863281	
208.9037322998047	50.044002532958984	46.77661895751953	123.27754974365234	
211.35708618164062	49.96404266357422	45.66787338256836	122.65998840332031	
215.5213623046875	49.89767074584961	42.92304229736328	122.3756332397461	
219.18960571289062	44.9297981262207	43.401527404785156	123.54295349121094	
221.629150390625	48.25806427001953	40.41294479370117	121.13936614990234	
227.3492431640625	49.969459533691406	39.25065612792969	119.87290954589844	
232.1347198486328	50.26409149169922	40.04962921142578	119.43221282958984	
235.5255889892578	48.5999870300293	41.14265060424805	119.5265121459961	
238.19970703125	47.17035675048828	41.327728271484375	120.86856842041016	
239.37710571289062	49.43172073364258	38.916664123535156	116.43048095703125	
239.77554321289062	45.92893600463867	40.462127685546875	119.8503189086914	
239.43972778320312	45.52098846435547	41.058082580566406	120.53129577636719	
240.9650115966797	44.495849609375	42.85344696044922	122.94710540771484	
222.31076049804688	53.33991241455078	44.00354766845703	120.69194030761719	
240.2960968017578	47.26005554199219	39.85650634765625	119.67696380615234	
234.7853546142578	49.224037170410156	42.12697219848633	119.14192962646484	
225.85287475585938	49.4910888671875	47.731590270996094	122.68731689453125	
225.04470825195312	48.78145980834961	44.4442024230957	129.3732147216797	
222.2808074951172	51.35707473754883	44.08962631225586	132.99974060058594	
226.29470825195312	51.78398895263672	42.20469665527344	130.44149780273438	
227.14663696289062	56.90742874145508	43.820655822753906	127.71610260009766	
227.1730499267578	51.81390380859375	46.92767333984375	129.61917114257812	
227.76889038085938	55.48567581176758	47.183860778808594	127.14251708984375	
228.9525604248047	54.365997314453125	46.52573013305664	127.47608947753906	
234.5908203125	34.62464904785156	59.0599250793457	166.8444061279297	
227.7227325439453	51.03489303588867	47.55211639404297	132.07632446289062	
227.41549682617188	50.062259674072266	47.50231170654297	135.29104614257812	
229.31826782226562	47.83983612060547	48.91825866699219	140.2445526123047	
228.3612518310547	46.54206466674805	47.03107452392578	137.55966186523438	
229.12155151367188	48.89483642578125	44.70146942138672	132.2189178466797	
229.8689727783203	48.67530059814453	44.6644401550293	132.3514862060547	
231.33346557617188	50.1525993347168	43.95701217651367	133.38665771484375	
230.3689422607422	50.137779235839844	43.962867736816406	130.99310302734375	
227.7538299560547	49.32233810424805	42.769508361816406	128.28485107421875	
225.19515991210938	46.54311752319336	44.479408264160156	130.0546112060547	
222.83407592773438	41.12590789794922	46.199302673339844	136.28353881835938	
221.9243927001953	41.591705322265625	45.73384094238281	136.4467010498047	
218.38931274414062	40.95354080200195	45.92015075683594	132.4891815185547	
216.63937377929688	44.37432861328125	43.814414978027344	128.25611877441406	
213.82986450195312	40.918235778808594	45.795570373535156	131.71224975585938	
212.1260223388672	40.19630813598633	46.713462829589844	129.6016387939453	
211.66555786132812	41.71910858154297	46.75101089477539	132.61529541015625	
211.417236328125	40.33583068847656	47.73064422607422	136.4781036376953	
212.85498046875	41.23466873168945	48.920047760009766	136.659423828125	
211.2462615966797	41.290069580078125	47.67750930786133	131.8536376953125	
212.8596954345703	41.039188385009766	47.172935485839844	136.31541442871094	
212.33535766601562	43.44818878173828	45.82558822631836	132.71900939941406	
214.5408935546875	42.33868408203125	47.79033660888672	136.1727752685547	
216.3341064453125	45.91843795776367	46.38163757324219	134.04116821289062	
219.1504364013672	48.19812774658203	45.248634338378906	134.61373901367188	
221.21109008789062	47.85980224609375	47.742774963378906	133.68673706054688	
218.2763671875	50.81810760498047	47.452735900878906	130.61843872070312	
217.69931030273438	50.74440383911133	49.57326126098633	133.78355407714844	
215.34164428710938	46.807132720947266	53.46709060668945	139.06729125976562	
213.16372680664062	48.26137161254883	53.7647705078125	135.59390258789062	
211.8098907470703	50.875099182128906	54.04906463623047	133.65631103515625	
212.3956756591797	49.43364334106445	53.8961296081543	131.6719207763672	
214.63876342773438	48.9911003112793	52.88898849487305	132.2835235595703	
214.4856719970703	48.58414840698242	52.61353302001953	133.7968292236328	
215.91342163085938	50.079856872558594	51.52614212036133	131.34017944335938	
217.4261932373047	49.20093536376953	50.00985336303711	129.75845336914062	
220.7309112548828	47.896278381347656	46.26511764526367	132.2911834716797	
222.7068634033203	42.102813720703125	44.76096725463867	136.9587860107422	
223.69705200195312	43.79113006591797	45.06422805786133	137.4891815185547	
223.56320190429688	44.16258239746094	47.18054962158203	134.48245239257812	
238.6962890625	36.659454345703125	45.81254959106445	136.68463134765625	
236.44461059570312	38.200069427490234	49.47624588012695	132.03826904296875	
246.72805786132812	39.27995681762695	42.54369354248047	128.88540649414062	
249.49301147460938	34.033607482910156	44.6411018371582	130.32249450683594	
249.67770385742188	32.8017463684082	43.078956604003906	131.11703491210938	
248.4187469482422	34.582942962646484	40.19240951538086	126.35624694824219	
244.93838500976562	34.6966552734375	38.94873809814453	123.5981674194336	
242.25247192382812	31.324756622314453	42.33441925048828	130.16551208496094	
238.0142059326172	32.9393310546875	40.46984100341797	127.72642517089844	
235.7107391357422	32.67585372924805	42.217376708984375	131.5377197265625	
232.72885131835938	34.99507522583008	39.92099380493164	128.38385009765625	
229.4045867919922	35.89605712890625	38.92280197143555	124.39306640625	
225.59207153320312	37.37163543701172	40.30824279785156	123.7190933227539	
223.441650390625	37.81562042236328	41.69498825073242	124.6648178100586	
222.01663208007812	39.11713409423828	39.66337585449219	121.21136474609375	
220.63778686523438	40.03173065185547	39.19585418701172	117.7848129272461	
218.4581756591797	38.81056213378906	41.43883514404297	123.27774810791016	
215.6959991455078	38.850887298583984	41.36666488647461	126.28422546386719	
209.5115509033203	39.68983459472656	42.963050842285156	126.37797546386719	
213.3018035888672	33.8100471496582	40.992332458496094	135.9381561279297	
215.7707977294922	20.533405303955078	42.692237854003906	137.30274963378906	
218.6593017578125	17.292163848876953	50.557472229003906	127.70771789550781	
242.07217407226562	16.568227767944336	42.973243713378906	121.97151184082031	
254.6898956298828	15.603128433227539	46.68766784667969	121.6411361694336	
238.48410034179688	24.21959114074707	43.76326370239258	124.2557601928711	
267.94158935546875	19.767139434814453	43.72709274291992	113.84678649902344	
269.9971618652344	17.611120223999023	45.720489501953125	118.27978515625	
273.17303466796875	24.545093536376953	45.0968132019043	112.71586608886719	
270.3919372558594	26.093017578125	44.21209716796875	112.40727233886719	
267.9427185058594	34.4843635559082	43.97626495361328	110.1069564819336	
261.92767333984375	30.1143741607666	40.789249420166016	123.25299072265625	
263.65899658203125	29.498302459716797	47.69430923461914	112.05828857421875	
246.25582885742188	27.621496200561523	47.30659866333008	118.18659973144531	
267.45867919921875	16.703689575195312	46.480560302734375	115.22274017333984	
291.4248046875	16.7514705657959	44.6741828918457	105.97930908203125	
292.558349609375	15.481302261352539	43.37141036987305	106.65586853027344	
289.0652770996094	10.814937591552734	42.75023651123047	110.8768081665039	
281.73046875	11.973615646362305	41.017234802246094	109.59916687011719	
268.69012451171875	9.273844718933105	40.39472198486328	108.31544494628906	
259.52691650390625	5.13479471206665	40.898597717285156	114.04425048828125	
252.2904815673828	3.753033399581909	39.68566131591797	120.5194091796875	
243.138916015625	0.21478119492530823	42.09309005737305	126.0902328491211	
236.782470703125	0.5434707403182983	42.0222053527832	127.01673889160156	
229.77389526367188	0.0	41.36404037475586	129.391845703125	
219.95108032226562	-7.492906093597412	55.401466369628906	156.50924682617188	
220.12338256835938	3.510028839111328	41.764976501464844	119.29837799072266	
214.3144073486328	0.767742931842804	43.0017204284668	119.20783996582031	
211.3616180419922	0.0	43.41719436645508	121.3087387084961	
214.1475067138672	0.0	42.471519470214844	121.68635559082031	
215.4491729736328	0.0	45.444183349609375	125.46937561035156	
218.29550170898438	0.0	46.3469123840332	124.34112548828125	
220.89059448242188	0.0	46.891929626464844	126.1405029296875	
219.0430145263672	1.1528457403182983	48.162635803222656	138.88394165039062	
223.6099090576172	0.0	46.883243560791016	151.3075714111328	
230.2100067138672	0.0	47.958038330078125	147.43084716796875	
237.90902709960938	0.0	46.14815139770508	149.4329833984375	
243.59982299804688	0.0	50.46658706665039	140.8043212890625	
252.1174774169922	0.0	48.46745300292969	139.1969757080078	
228.94189453125	20.942283630371094	52.2553596496582	129.89292907714844	
227.8523406982422	32.053348541259766	51.90494918823242	125.4690933227539	
209.5747528076172	36.02269744873047	49.11266326904297	120.2315902709961	
196.02500915527344	37.77409362792969	48.376258850097656	121.48941802978516	
181.92198181152344	14.306599617004395	55.79901885986328	157.63229370117188	
167.7423095703125	35.96915054321289	45.92551803588867	119.7997817993164	
151.3271942138672	36.59389114379883	46.893829345703125	119.05061340332031	
133.29627990722656	35.597320556640625	50.08353042602539	120.4047622680664	
109.66239166259766	32.85560607910156	58.01225662231445	121.97113037109375	
104.42960357666016	16.780467987060547	56.3998908996582	159.3297119140625	
85.55009460449219	27.174053192138672	62.02952194213867	128.8831787109375	
83.05815124511719	25.172269821166992	61.44523239135742	129.36087036132812	
80.53583526611328	21.62690544128418	64.0080795288086	133.66238403320312	
93.50260925292969	8.380697250366211	57.316978454589844	161.9204864501953	
85.96298217773438	26.282257080078125	62.678619384765625	129.6001434326172	
88.84503173828125	28.121654510498047	62.7305908203125	131.45205688476562	
98.33602905273438	30.299118041992188	59.81025314331055	128.48562622070312	
115.89432525634766	33.43921661376953	56.6923942565918	124.20233154296875	
193.95846557617188	20.154905319213867	42.52204513549805	130.6370086669922	
195.6257781982422	17.995227813720703	43.51900100708008	128.84954833984375	
187.73223876953125	22.840993881225586	51.94678497314453	129.2770538330078	
196.67630004882812	23.221025466918945	49.618778228759766	133.45252990722656	
207.62411499023438	22.287944793701172	44.634727478027344	135.42820739746094	
219.15011596679688	28.56209945678711	50.26517868041992	131.0233917236328	
231.72848510742188	35.98362350463867	51.64018630981445	123.10835266113281	
245.072509765625	36.5616455078125	49.84191131591797	120.03370666503906	
256.1326904296875	37.89491653442383	48.40310287475586	119.7892074584961	
256.96466064453125	38.59201431274414	46.931396484375	118.9158706665039	
253.6357421875	35.772422790527344	45.07769775390625	119.07823181152344	
