237.0	114.0	37.0	38.0	
234.2985382080078	113.7968521118164	39.53725051879883	39.838497161865234	
236.4991912841797	113.9776382446289	37.46940612792969	40.09016799926758	
236.9778594970703	114.26448059082031	36.810394287109375	39.95036315917969	
237.28176879882812	114.17086029052734	36.83058166503906	40.037940979003906	
237.5338897705078	114.2266616821289	36.461830139160156	40.23957824707031	
237.3590545654297	114.64105224609375	36.4837760925293	40.049705505371094	
237.43661499023438	114.37513732910156	36.78196334838867	40.67380142211914	
237.1529541015625	114.6931381225586	36.80574035644531	40.73092269897461	
236.93734741210938	115.03407287597656	36.822975158691406	40.69226837158203	
236.35250854492188	115.23640441894531	37.22782516479492	41.13999557495117	
236.20315551757812	116.0857925415039	37.095550537109375	40.923095703125	
236.33450317382812	117.06612396240234	37.03091049194336	40.259437561035156	
235.9820098876953	117.6739730834961	37.8615608215332	40.48625946044922	
236.0608673095703	118.35736083984375	37.92539596557617	40.254905700683594	
235.2541046142578	119.3564453125	38.68910217285156	40.34265899658203	
234.3551025390625	120.44358825683594	38.92584991455078	39.954734802246094	
233.31436157226562	120.91581726074219	40.0211296081543	39.89557647705078	
232.8663787841797	120.84774017333984	40.12449264526367	40.03035354614258	
231.9722900390625	120.83101654052734	40.813148498535156	40.3683967590332	
230.48764038085938	121.96250915527344	40.492183685302734	39.406951904296875	
229.5193634033203	123.06455993652344	39.6270751953125	39.009525299072266	
228.82192993164062	123.6494140625	39.22032928466797	38.49419403076172	
228.72232055664062	124.32801818847656	38.76482009887695	38.29395294189453	
228.4622039794922	123.9776840209961	38.664222717285156	38.50277328491211	
227.62515258789062	124.68656158447266	36.692222595214844	38.00664138793945	
229.5275421142578	123.57698059082031	35.2545166015625	36.60441207885742	
239.8538055419922	111.2071762084961	37.34770965576172	39.27939987182617	
236.31796264648438	109.04222106933594	38.59998321533203	36.56339645385742	
230.59933471679688	106.28581237792969	35.75519561767578	41.348384857177734	
236.225341796875	109.7418212890625	39.363319396972656	39.74883270263672	
233.03897094726562	109.69792175292969	40.47111129760742	41.2154426574707	
231.34664916992188	108.5093765258789	42.058921813964844	42.47412109375	
231.204345703125	108.72917175292969	41.88237762451172	42.856754302978516	
229.22915649414062	107.10575103759766	44.383995056152344	44.84638214111328	
227.1190948486328	104.60050201416016	45.01427459716797	46.31819534301758	
229.80062866210938	107.7569808959961	42.264610290527344	43.40689468383789	
223.01708984375	103.70988464355469	45.61161804199219	48.264404296875	
219.2296905517578	97.03406524658203	43.79764175415039	54.555755615234375	
230.50830078125	113.04475402832031	43.85613250732422	49.543670654296875	
239.19384765625	123.8326187133789	42.04163360595703	44.70684051513672	
239.1449737548828	126.09942626953125	40.859046936035156	41.963340759277344	
237.9910430908203	121.29557800292969	40.414363861083984	43.88824462890625	
240.198486328125	119.61128234863281	38.24595642089844	44.70886993408203	
238.06240844726562	112.73628234863281	37.32941436767578	39.526485443115234	
232.7030792236328	115.4464340209961	39.61531448364258	43.2774543762207	
232.40444946289062	115.7744140625	38.412288665771484	42.35070037841797	
232.34841918945312	120.01432800292969	38.75788116455078	39.805397033691406	
230.68637084960938	113.0797348022461	40.753353118896484	45.33587646484375	
232.45166015625	112.37109375	40.918121337890625	46.63970184326172	
232.6602020263672	109.9700927734375	41.92668914794922	49.080223083496094	
232.54061889648438	110.96385192871094	41.95817565917969	48.81085968017578	
233.4805450439453	110.88297271728516	42.46516799926758	50.367408752441406	
231.46469116210938	110.18110656738281	43.92096710205078	50.54943084716797	
231.0529327392578	108.11552429199219	44.0541877746582	50.994964599609375	
231.5366973876953	108.6318359375	43.19966506958008	50.279815673828125	
237.16622924804688	118.18858337402344	40.396324157714844	43.149147033691406	
236.91397094726562	119.66493225097656	40.38193893432617	41.327728271484375	
237.63821411132812	118.93128967285156	40.53514862060547	42.074676513671875	
237.8435516357422	119.98377990722656	39.69768524169922	41.51124572753906	
238.1048583984375	116.36407470703125	38.2197265625	42.559043884277344	
236.33554077148438	115.65672302246094	38.63905715942383	44.00062942504883	
232.219482421875	112.5254135131836	41.25054168701172	47.07793045043945	
232.7478790283203	112.23530578613281	40.59373092651367	46.13942337036133	
238.31704711914062	118.9680404663086	39.74155044555664	41.8647575378418	
235.09457397460938	117.56705474853516	41.94772720336914	41.01438522338867	
234.3531036376953	116.55216979980469	42.960426330566406	40.68582534790039	
234.2115020751953	114.94046783447266	42.188594818115234	40.369834899902344	
234.5272674560547	116.41084289550781	43.96115493774414	40.02942657470703	
233.6144561767578	115.09672546386719	45.39316940307617	40.56920623779297	
232.8466796875	113.97344970703125	46.39228439331055	39.135101318359375	
228.2071533203125	98.55805969238281	44.69886016845703	41.77421951293945	
232.49533081054688	97.5617446899414	39.958072662353516	41.038002014160156	
231.06185913085938	95.20530700683594	44.62797927856445	44.329002380371094	
227.8574981689453	86.37765502929688	47.0194091796875	46.04479217529297	
228.05752563476562	86.18864440917969	46.805809020996094	45.073089599609375	
230.5552215576172	90.93658447265625	44.91746139526367	45.16669464111328	
228.6376495361328	86.05543518066406	46.142005920410156	43.72016525268555	
231.9333038330078	89.416748046875	44.21961212158203	44.47089385986328	
231.6868896484375	86.56587219238281	46.56818389892578	44.78397750854492	
233.6774139404297	91.65992736816406	46.0931282043457	45.02600860595703	
236.054931640625	91.3677978515625	44.849205017089844	44.871768951416016	
236.5758514404297	89.88276672363281	45.04419708251953	45.009647369384766	
236.6578369140625	95.07235717773438	43.751007080078125	44.810123443603516	
236.0127716064453	100.3882064819336	43.15595245361328	44.62025451660156	
236.55099487304688	103.33283996582031	42.65647888183594	43.84857940673828	
235.017822265625	100.8951644897461	43.94868850708008	43.59305953979492	
237.0019989013672	101.93733978271484	42.345420837402344	42.279571533203125	
236.7250213623047	101.83567810058594	43.228729248046875	42.5225830078125	
236.5026092529297	99.71159362792969	44.4384651184082	40.11753463745117	
234.8657684326172	99.66981506347656	44.8306884765625	40.2858772277832	
235.8048858642578	97.90715789794922	44.02838897705078	41.23711013793945	
236.80908203125	93.3887939453125	44.29423141479492	42.452972412109375	
237.7573699951172	87.7730712890625	45.81462860107422	43.119842529296875	
242.3710174560547	86.27172088623047	42.27619171142578	42.93616485595703	
242.97555541992188	82.98545837402344	41.83957290649414	43.48112487792969	
242.92178344726562	80.58720397949219	42.143226623535156	44.0483512878418	
242.7015838623047	81.17491149902344	40.88368606567383	44.198951721191406	
241.66921997070312	82.3783950805664	39.07263946533203	43.45249557495117	
243.03982543945312	81.54181671142578	39.447532653808594	45.60490036010742	
240.9855194091797	86.53605651855469	38.547760009765625	39.589569091796875	
238.9729461669922	87.86226654052734	40.61443328857422	41.712100982666016	
240.0914764404297	91.6583023071289	41.25556564331055	42.37055587768555	
240.2762451171875	94.6046142578125	40.3531608581543	41.443763732910156	
240.8851776123047	94.6535415649414	40.47623825073242	41.570167541503906	
242.6427459716797	89.02236938476562	40.174522399902344	41.26029586791992	
238.6663818359375	96.04275512695312	40.79363250732422	41.89613723754883	
236.83984375	98.04279327392578	40.57057571411133	41.667049407958984	
238.1089324951172	90.21354675292969	40.975982666015625	42.083412170410156	
243.0157928466797	88.2586669921875	40.460391998291016	41.55388641357422	
238.2197723388672	91.31625366210938	40.68408966064453	41.78363037109375	
236.18826293945312	92.97932434082031	40.20025634765625	41.286720275878906	
234.17153930664062	91.91403198242188	40.70680618286133	41.80696105957031	
236.9275665283203	95.3998031616211	40.6494255065918	41.74803161621094	
237.28463745117188	86.97175598144531	41.90061569213867	43.03303527832031	
232.74996948242188	95.84211730957031	41.81474685668945	42.94484329223633	
233.9004364013672	92.23664093017578	42.46830368041992	43.616065979003906	
234.2021026611328	95.43132781982422	42.66231155395508	43.81531524658203	
236.0228271484375	94.9041748046875	41.858543395996094	42.98982238769531	
237.2828369140625	94.99369812011719	42.70659637451172	43.86079406738281	
237.08926391601562	96.32325744628906	41.756629943847656	42.885154724121094	
237.0141143798828	94.04666900634766	43.783531188964844	44.96683883666992	
233.9561004638672	96.11250305175781	43.39554214477539	44.56836700439453	
235.88436889648438	95.93717193603516	43.22374725341797	44.391929626464844	
232.83963012695312	96.39790344238281	44.251708984375	45.44767379760742	
240.05422973632812	92.69791412353516	44.31598663330078	45.5136833190918	
234.1896514892578	97.8791732788086	44.04042434692383	45.230674743652344	
236.8074493408203	97.56385803222656	43.17226791381836	44.33905029296875	
232.8380889892578	99.94693756103516	44.63625717163086	45.84260177612305	
232.7969970703125	92.14461517333984	45.06452178955078	46.282440185546875	
234.0546417236328	82.38284301757812	45.59900665283203	46.83136749267578	
227.46597290039062	98.03582763671875	45.43986511230469	46.66792678833008	
228.39163208007812	98.77095794677734	44.26133728027344	45.457550048828125	
226.4112091064453	100.30496978759766	44.533287048339844	45.736854553222656	
226.50692749023438	94.7642822265625	43.93973922729492	45.12725830078125	
225.57333374023438	97.74725341796875	44.489158630371094	45.6915283203125	
222.7216339111328	96.68064880371094	44.894371032714844	46.107696533203125	
222.822265625	97.13656616210938	44.34502410888672	45.54350280761719	
221.1251983642578	97.458740234375	43.85887908935547	45.044219970703125	
226.5108184814453	88.39627075195312	42.9035530090332	44.063072204589844	
222.23629760742188	94.904052734375	43.05962371826172	44.22336196899414	
221.92276000976562	99.85347747802734	44.18491744995117	45.379066467285156	
222.5932159423828	98.54581451416016	43.287635803222656	44.4575309753418	
220.90133666992188	98.47206115722656	43.64305877685547	44.82256317138672	
219.60470581054688	97.17872619628906	43.047279357910156	44.2106819152832	
220.9818572998047	96.88430786132812	43.89760208129883	45.083988189697266	
220.6295928955078	91.19952392578125	44.412315368652344	45.61260986328125	
213.50955200195312	95.52610778808594	45.411231994628906	46.638526916503906	
216.9287109375	95.98681640625	46.741676330566406	48.00492858886719	
217.2392578125	96.5235824584961	46.57011032104492	47.82872772216797	
219.9734344482422	89.8652572631836	46.15010070800781	47.39736557006836	
217.86331176757812	94.88230895996094	47.37824630737305	48.65870666503906	
217.9818572998047	95.2100601196289	46.951744079589844	48.220680236816406	
215.2859344482422	95.85600280761719	46.89502716064453	48.16243362426758	
215.24380493164062	96.07576751708984	48.95707702636719	50.28022003173828	
216.70645141601562	96.89310455322266	49.40574264526367	50.741004943847656	
216.2197723388672	97.89866638183594	49.3915901184082	50.726463317871094	
212.4242706298828	96.3511734008789	48.86449432373047	50.18512725830078	
217.5717315673828	96.01527404785156	46.63623046875	47.896644592285156	
220.96658325195312	100.09742736816406	45.665855407714844	46.90004348754883	
217.8941650390625	95.1506576538086	46.2758674621582	47.52653884887695	
219.6459197998047	98.01582336425781	47.390052795410156	48.67083740234375	
214.54995727539062	95.27854919433594	47.763763427734375	49.05464172363281	
221.4623260498047	98.10807800292969	46.787696838378906	48.05220031738281	
219.2212371826172	95.47776794433594	47.334503173828125	48.6137809753418	
219.0110321044922	95.1341323852539	48.73641586303711	50.05358123779297	
218.38113403320312	90.85546875	51.13423156738281	52.516197204589844	
221.62191772460938	95.82228088378906	49.15291213989258	50.4813232421875	
221.0574188232422	94.74760437011719	49.20661163330078	50.536468505859375	
228.56948852539062	84.6701431274414	48.723228454589844	50.04001998901367	
223.61355590820312	97.43033599853516	47.30812072753906	48.58666229248047	
228.28713989257812	92.2762451171875	47.325439453125	48.60445022583008	
228.38427734375	86.49011993408203	46.826072692871094	48.09158706665039	
229.0000762939453	82.63806915283203	52.442657470703125	48.654693603515625	
229.97067260742188	86.57444763183594	51.73009490966797	46.296783447265625	
230.0652618408203	82.88825988769531	54.106712341308594	46.07102584838867	
230.8034210205078	81.58439636230469	54.248451232910156	42.26096725463867	
233.74093627929688	87.34416198730469	50.440608978271484	38.937835693359375	
235.3818817138672	92.68955993652344	47.19630813598633	37.60869598388672	
235.89816284179688	94.73001098632812	46.00364685058594	38.63929748535156	
237.7844696044922	96.45329284667969	44.14718246459961	40.20762634277344	
239.1971893310547	98.59325408935547	42.08776092529297	41.57805633544922	
239.6971893310547	101.45243835449219	41.222835540771484	41.479671478271484	
240.96932983398438	103.52885437011719	40.190059661865234	42.423831939697266	
240.736328125	104.44673156738281	40.5165901184082	42.92079544067383	
240.55715942382812	104.63105773925781	40.38202667236328	42.61574935913086	
241.0480499267578	103.41886901855469	40.36507034301758	42.62697219848633	
241.0496826171875	102.31063079833984	40.020660400390625	42.06572723388672	
240.6201171875	100.25160217285156	40.08991622924805	42.409095764160156	
241.27713012695312	98.54222106933594	39.746337890625	41.86335754394531	
241.2022247314453	95.20706939697266	40.101356506347656	42.738006591796875	
241.30172729492188	92.12310028076172	39.91362380981445	42.68853759765625	
240.9418487548828	87.76087951660156	40.68006134033203	43.288448333740234	
241.53317260742188	84.58407592773438	40.17909240722656	42.27451705932617	
241.17855834960938	80.86080169677734	40.6363639831543	42.46502685546875	
241.058837890625	77.31038665771484	40.857460021972656	42.507911682128906	
241.6314697265625	73.33079528808594	40.78193664550781	42.987037658691406	
241.8437957763672	70.8490219116211	40.39080810546875	42.370697021484375	
242.6923065185547	68.54759216308594	39.919551849365234	41.716251373291016	
242.4943389892578	65.3418960571289	40.23175811767578	42.75208282470703	
242.9469451904297	62.110382080078125	40.949214935302734	43.28409957885742	
242.4917755126953	58.759010314941406	41.628883361816406	45.374412536621094	
242.8929901123047	57.757957458496094	41.45051193237305	43.501094818115234	
242.78775024414062	55.45637893676758	41.39201354980469	44.4062385559082	
243.4296875	54.02654266357422	40.884300231933594	44.0179443359375	
243.11355590820312	52.80894088745117	41.19120788574219	43.77012634277344	
243.3591766357422	51.47291946411133	40.913856506347656	44.05554962158203	
243.1568145751953	50.98133087158203	41.193214416503906	44.158409118652344	
242.93295288085938	50.819435119628906	41.07350540161133	44.27173614501953	
242.56161499023438	51.006431579589844	41.22459030151367	43.90711212158203	
242.1673583984375	50.886207580566406	41.693965911865234	44.39015579223633	
241.91943359375	52.71129608154297	41.047279357910156	43.00215530395508	
241.1882781982422	54.34515380859375	41.2810173034668	42.901512145996094	
240.51699829101562	55.61153030395508	41.36785125732422	43.47829055786133	
240.0092315673828	57.5751953125	41.36572265625	43.15025329589844	
239.55722045898438	59.3765754699707	41.31243896484375	43.05103302001953	
238.31314086914062	62.20488357543945	41.465763092041016	42.38638687133789	
237.5626983642578	64.56597137451172	41.635902404785156	42.15646743774414	
237.0795440673828	67.52996826171875	41.05568313598633	41.574188232421875	
236.4990997314453	69.3967056274414	41.16482925415039	41.58095169067383	
236.0941925048828	71.42597961425781	41.0848274230957	40.801353454589844	
235.90771484375	73.2630386352539	40.972469329833984	40.625328063964844	
235.12081909179688	74.79902648925781	41.36445999145508	41.28421401977539	
233.9956512451172	76.60357666015625	42.057159423828125	40.951194763183594	
233.6689453125	78.3755874633789	42.103599548339844	40.93882751464844	
233.5841827392578	79.36193084716797	41.467899322509766	40.944610595703125	
233.13870239257812	80.6099624633789	41.26593017578125	39.34115219116211	
232.7775115966797	80.4347915649414	40.83498764038086	38.92306137084961	
231.2158660888672	79.5870590209961	42.00733184814453	37.97428512573242	
228.87741088867188	78.67213439941406	43.79576110839844	35.79096221923828	
228.259765625	79.31861877441406	44.11541748046875	32.1292724609375	
227.5442352294922	79.6948471069336	45.054283142089844	31.71466064453125	
225.43167114257812	78.76641845703125	47.731689453125	34.12346267700195	
223.5972442626953	78.15443420410156	48.340362548828125	36.180030822753906	
222.4384307861328	79.97541809082031	47.353294372558594	36.349063873291016	
221.4303741455078	80.26836395263672	48.89470672607422	38.71399688720703	
220.6073455810547	82.07530975341797	50.0071907043457	40.019554138183594	
223.2235565185547	87.5911636352539	36.992332458496094	37.992069244384766	
217.5896453857422	90.33887481689453	49.4315299987793	37.259559631347656	
215.6954345703125	90.89337921142578	50.89447784423828	39.77532196044922	
215.75302124023438	92.76751708984375	50.05702590942383	39.17192077636719	
214.3700714111328	94.69086456298828	50.03913497924805	38.654212951660156	
214.86819458007812	94.39311981201172	51.16107940673828	40.47205352783203	
212.8446807861328	94.91030883789062	50.903541564941406	40.703094482421875	
213.6381072998047	95.77730560302734	50.82217788696289	39.9642219543457	
212.5923309326172	96.76372528076172	50.09556579589844	39.05857467651367	
210.50985717773438	95.77452087402344	51.7158088684082	41.10014343261719	
213.44619750976562	98.07190704345703	49.77288055419922	38.697509765625	
212.56118774414062	97.59080505371094	49.63206100463867	39.23350143432617	
213.8767547607422	98.22466278076172	49.0142822265625	38.301856994628906	
213.42453002929688	98.3450927734375	49.85064697265625	38.01886749267578	
214.9590606689453	97.92721557617188	48.69021987915039	37.974647521972656	
217.04751586914062	98.32527923583984	48.34044647216797	36.96062088012695	
218.3138885498047	97.85504150390625	48.40558624267578	37.58833694458008	
218.612548828125	97.87965393066406	48.936119079589844	37.30119705200195	
220.98779296875	97.31758880615234	49.32773971557617	38.465599060058594	
222.41574096679688	97.65694427490234	48.801490783691406	37.3286018371582	
224.8291778564453	96.65139770507812	49.604095458984375	38.36620330810547	
228.6439971923828	97.12388610839844	50.147613525390625	38.80546569824219	
233.2017059326172	97.13044738769531	49.989044189453125	38.8514518737793	
234.8113250732422	98.7938232421875	48.96503829956055	37.46849822998047	
243.5160369873047	99.1065673828125	36.73189163208008	37.724586486816406	
241.08682250976562	97.71881866455078	46.86655807495117	38.02855682373047	
243.5041961669922	97.39048767089844	44.76967239379883	37.808536529541016	
247.4196319580078	98.10380554199219	41.82402420043945	37.459896087646484	
250.1975555419922	100.05179595947266	34.125770568847656	35.04803466796875	
251.48056030273438	100.99270629882812	32.88129425048828	33.769927978515625	
251.9606475830078	101.50727844238281	32.2447395324707	33.11616897583008	
252.54483032226562	101.732666015625	32.110008239746094	32.97780227661133	
253.26632690429688	101.23423767089844	32.52045440673828	33.39934158325195	
252.356201171875	101.30323791503906	32.12494659423828	32.99314498901367	
252.3415985107422	101.33980560302734	33.08644485473633	33.980628967285156	
254.4450225830078	100.470947265625	31.95549964904785	32.819114685058594	
250.2814483642578	106.35462951660156	31.863750457763672	32.72488784790039	
250.3687744140625	105.9692153930664	32.53239822387695	33.411598205566406	
250.32583618164062	103.26849365234375	33.43012237548828	34.333580017089844	
248.2073516845703	107.493896484375	33.429107666015625	34.332542419433594	
245.9074249267578	109.9730224609375	33.57720947265625	34.484642028808594	
247.8032684326172	107.9394760131836	34.023353576660156	34.942840576171875	
245.1610565185547	109.2076187133789	34.78096389770508	35.72092819213867	
245.78561401367188	109.37677001953125	34.545982360839844	35.47959518432617	
241.6090850830078	121.7857894897461	34.925323486328125	35.86919021606445	
244.0414581298828	114.9097900390625	34.92934799194336	35.873321533203125	
245.6317901611328	115.99180603027344	35.48248291015625	36.441402435302734	
252.819091796875	114.28621673583984	35.64807891845703	36.611473083496094	
255.42330932617188	125.1273422241211	34.19572830200195	35.119873046875	
263.9266662597656	144.65036010742188	34.46620559692383	35.39765548706055	
268.49420166015625	153.666259765625	34.80829620361328	35.74898910522461	
272.53277587890625	154.2202606201172	36.27409362792969	37.25440216064453	
271.03509521484375	157.76571655273438	37.30868911743164	38.316951751708984	
263.4291076660156	156.3554229736328	45.25736618041992	38.91745376586914	
276.04168701171875	167.27694702148438	39.03227996826172	32.955108642578125	
265.92718505859375	171.643310546875	37.047122955322266	38.04831314086914	
264.57574462890625	170.60147094726562	39.7569580078125	42.780601501464844	
262.7369689941406	169.52261352539062	40.48114013671875	44.079307556152344	
262.47235107421875	173.94546508789062	39.7208366394043	40.794288635253906	
263.777099609375	171.75558471679688	39.8335075378418	42.707427978515625	
261.84454345703125	170.2767333984375	41.11741638183594	43.196380615234375	
260.01983642578125	170.1612548828125	41.93280792236328	42.363948822021484	
257.50872802734375	170.2640838623047	42.02779006958008	41.72137451171875	
256.9666442871094	170.933349609375	42.003360748291016	40.693817138671875	
255.1971435546875	170.60926818847656	42.306915283203125	40.595394134521484	
253.7313232421875	169.54190063476562	43.39954376220703	41.482940673828125	
252.12158203125	165.65530395507812	45.71227264404297	41.32929992675781	
251.6584014892578	166.1215362548828	45.41309356689453	40.82073974609375	
249.6365509033203	161.87185668945312	47.862606048583984	41.8772087097168	
248.7335968017578	161.149169921875	48.284210205078125	41.481773376464844	
248.38162231445312	172.5786590576172	57.67059326171875	31.848255157470703	
246.1494598388672	164.31594848632812	60.606201171875	33.806922912597656	
250.43350219726562	155.558349609375	54.15986251831055	42.3234748840332	
253.51181030273438	156.46377563476562	54.802406311035156	42.519683837890625	
255.8238525390625	153.68479919433594	54.671661376953125	43.90528106689453	
263.89141845703125	158.5693359375	50.688053131103516	42.28942108154297	
270.8260498046875	155.37318420410156	44.832801818847656	42.68236541748047	
273.54443359375	154.7615203857422	41.25468826293945	40.367977142333984	
273.2784729003906	152.93170166015625	40.435142517089844	41.07840347290039	
273.4632873535156	152.47250366210938	41.3411979675293	41.53254699707031	
271.6098327636719	151.1398468017578	41.973228454589844	42.42139434814453	
271.0450439453125	150.60855102539062	41.71511459350586	42.950504302978516	
270.00567626953125	149.719482421875	42.46680450439453	43.80074691772461	
270.5049133300781	150.10601806640625	41.683250427246094	43.68423080444336	
268.2666931152344	153.07559204101562	39.93140411376953	41.01055145263672	
267.89739990234375	149.95713806152344	39.803985595703125	40.87968444824219	
268.78704833984375	150.64437866210938	38.72344970703125	39.76994705200195	
272.49444580078125	154.39645385742188	37.83910369873047	38.8617057800293	
268.9266052246094	153.09408569335938	37.796470642089844	38.81792449951172	
266.7222595214844	150.4517822265625	38.449913024902344	39.48902893066406	
261.3089904785156	148.7168731689453	37.851097106933594	38.87403106689453	
263.05682373046875	146.4389190673828	38.531524658203125	39.572845458984375	
264.53656005859375	145.8867950439453	38.52361297607422	39.564720153808594	
261.1526184082031	146.57327270507812	39.08237075805664	40.13857650756836	
260.84490966796875	146.22035217285156	38.812591552734375	39.86151123046875	
264.57745361328125	146.73683166503906	38.726802825927734	39.773399353027344	
265.87811279296875	151.39744567871094	38.879661560058594	39.930389404296875	
263.55224609375	150.60598754882812	39.464317321777344	40.530845642089844	
264.778564453125	152.14027404785156	40.43897247314453	41.531837463378906	
284.4386291503906	158.31813049316406	41.626522064208984	42.75148010253906	
281.0384826660156	155.4761199951172	40.896263122558594	42.001487731933594	
281.6421203613281	156.11717224121094	41.752235412597656	42.880592346191406	
274.37060546875	156.311279296875	41.54072189331055	42.663368225097656	
275.688232421875	158.43310546875	40.64129638671875	41.7396354675293	
258.4727478027344	150.34963989257812	40.24367141723633	41.33126449584961	
250.64157104492188	139.3033905029297	51.34230422973633	39.22527313232422	
249.1292724609375	140.06686401367188	53.170501708984375	41.09791564941406	
251.563232421875	142.21728515625	53.97294998168945	41.16472625732422	
256.6421203613281	145.406494140625	39.96630859375	41.046409606933594	
260.80029296875	165.33004760742188	41.159324645996094	45.55387878417969	
281.31268310546875	175.88943481445312	40.2147216796875	41.898006439208984	
268.12969970703125	174.72657775878906	38.74799346923828	44.08311462402344	
262.86114501953125	174.74964904785156	41.8775520324707	47.287208557128906	
262.25946044921875	176.1981964111328	40.922462463378906	48.007415771484375	
262.1063232421875	177.46658325195312	39.84064865112305	47.56914520263672	
261.30621337890625	179.40048217773438	39.67949295043945	47.17743682861328	
261.8323974609375	181.1128692626953	39.4383430480957	46.71818161010742	
277.0027770996094	189.2440185546875	39.54081344604492	40.609413146972656	
259.0839538574219	186.43447875976562	41.08936309814453	44.23655319213867	
260.9751892089844	187.89820861816406	43.035362243652344	46.64303207397461	
264.60888671875	188.48880004882812	41.19622039794922	48.614925384521484	
264.9359130859375	188.77505493164062	40.89188003540039	47.74721145629883	
266.49090576171875	188.47683715820312	41.68622970581055	49.272193908691406	
267.14910888671875	188.0847930908203	42.823692321777344	50.308746337890625	
268.3614501953125	189.14181518554688	43.19971466064453	50.69120407104492	
269.77008056640625	190.32919311523438	44.277198791503906	51.03717041015625	
267.8067932128906	198.06634521484375	44.02695083618164	45.64446258544922	
273.8029479980469	195.3932342529297	44.58203887939453	48.134620666503906	
278.4625244140625	200.44432067871094	43.55596160888672	48.062278747558594	
279.1745300292969	200.89247131347656	44.30270767211914	47.69113540649414	
277.79425048828125	200.2913360595703	44.34020233154297	47.04662322998047	
276.5953674316406	200.00933837890625	44.44192886352539	46.24797058105469	
278.6929016113281	202.6539306640625	44.39837646484375	45.722618103027344	
282.55218505859375	207.95712280273438	43.155094146728516	44.628543853759766	
281.3465881347656	208.28524780273438	42.2039909362793	44.6358642578125	
279.2063903808594	207.8108367919922	42.3169059753418	43.76105499267578	
279.6188049316406	209.6802520751953	40.979549407958984	43.05332946777344	
280.55224609375	212.6534881591797	39.87013626098633	42.37260055541992	
280.3995361328125	215.6470947265625	36.97907257080078	37.97844314575195	
278.51446533203125	214.4169464111328	39.07733917236328	41.984710693359375	
276.63812255859375	212.1689453125	38.41914367675781	41.28623962402344	
273.2598571777344	206.3800506591797	39.448062896728516	39.331817626953125	
264.62603759765625	192.3952178955078	43.02742004394531	38.5047492980957	
262.01971435546875	189.73435974121094	45.00741958618164	37.924461364746094	
262.0352478027344	191.29421997070312	45.74323654174805	37.656593322753906	
262.4759826660156	190.47195434570312	47.26567840576172	39.658599853515625	
262.55316162109375	190.6661376953125	47.78707504272461	39.80394744873047	
261.21429443359375	191.45278930664062	47.45173263549805	39.627769470214844	
260.9342956542969	191.30494689941406	48.512657165527344	39.574729919433594	
259.8487548828125	191.8350067138672	48.05768585205078	38.61052703857422	
260.0311584472656	192.3943328857422	47.80427169799805	38.08381271362305	
259.2640380859375	192.1454315185547	48.615943908691406	39.542972564697266	
260.2920837402344	193.44955444335938	47.033592224121094	39.44818115234375	
261.19036865234375	195.77084350585938	45.951839447021484	37.555763244628906	
260.25537109375	196.27658081054688	46.09135437011719	37.04867172241211	
260.02142333984375	194.9528045654297	46.906429290771484	37.88513946533203	
259.35650634765625	194.4872589111328	47.52831268310547	37.703948974609375	
261.053955078125	194.91787719726562	47.873931884765625	36.78633499145508	
262.0782775878906	195.49842834472656	47.917789459228516	36.7480354309082	
262.1914978027344	197.12863159179688	47.554771423339844	36.716251373291016	
260.59124755859375	198.47857666015625	48.50304412841797	38.36726379394531	
261.3878479003906	201.7606201171875	48.01308059692383	38.038970947265625	
261.44183349609375	204.34329223632812	48.0986213684082	38.74603271484375	
260.7048034667969	206.9340362548828	48.463836669921875	39.94791793823242	
260.4657897949219	211.4999542236328	47.538185119628906	38.813358306884766	
266.082275390625	218.51766967773438	36.506080627441406	37.49267578125	
263.1227722167969	217.3766632080078	48.41645431518555	39.31715774536133	
263.6413269042969	220.5095672607422	48.898826599121094	39.25447082519531	
265.30340576171875	224.0838165283203	47.260074615478516	37.63127899169922	
264.78253173828125	227.3990478515625	48.471614837646484	38.03276062011719	
264.99041748046875	229.94839477539062	48.457298278808594	38.678550720214844	
264.292724609375	232.881591796875	50.636844635009766	35.730873107910156	
273.03692626953125	238.8752899169922	35.43749237060547	36.39521408081055	
275.5457458496094	241.54592895507812	36.062225341796875	37.036834716796875	
277.63775634765625	242.83950805664062	36.39664840698242	37.38029479980469	
281.01190185546875	248.1808624267578	36.70145034790039	37.693328857421875	
280.486328125	250.09890747070312	36.57024002075195	37.558570861816406	
281.36468505859375	251.2700653076172	35.70557403564453	36.6705322265625	
284.9764404296875	248.21533203125	36.12102508544922	37.09720993041992	
301.830322265625	241.41445922851562	35.924278259277344	36.895145416259766	
301.8062744140625	241.96493530273438	37.00773239135742	38.00788116455078	
296.15728759765625	243.8589324951172	36.11930465698242	37.09544372558594	
298.2637634277344	244.98312377929688	34.96711349487305	35.91211700439453	
286.04217529296875	247.2383270263672	35.353431701660156	36.308876037597656	
294.6720275878906	244.55908203125	34.10955047607422	35.03137969970703	
308.8401184082031	243.7587890625	33.902225494384766	34.818450927734375	
311.23345947265625	241.98141479492188	33.6727180480957	34.582740783691406	
329.5619201660156	240.6626434326172	33.58552932739258	34.493194580078125	
374.216796875	234.0587921142578	33.61491775512695	34.52337646484375	
394.8605651855469	225.90011596679688	37.34181594848633	34.695838928222656	
393.90081787109375	220.3423614501953	40.00655746459961	35.33135986328125	
396.623291015625	215.24624633789062	40.41376495361328	34.101966857910156	
396.4217529296875	205.23056030273438	41.254493713378906	35.488182067871094	
401.41705322265625	191.15487670898438	42.96491622924805	37.4283447265625	
414.76739501953125	183.25473022460938	37.91807556152344	38.942832946777344	
400.15289306640625	177.96328735351562	44.06566619873047	37.01953887939453	
403.81768798828125	171.70822143554688	45.2900276184082	35.70663833618164	
403.1250915527344	166.53231811523438	41.4297981262207	34.83417892456055	
405.6940612792969	160.59762573242188	35.8415641784668	36.81019973754883	
406.6568908691406	159.2626953125	39.80241775512695	34.68499755859375	
