1.0	162.0	15.0	11.0	
2.786223888397217	161.62222290039062	14.919807434082031	10.99980354309082	
6.569281578063965	162.38034057617188	15.152356147766113	10.855672836303711	
9.902339935302734	162.25743103027344	15.547704696655273	11.425538063049316	
13.255999565124512	162.79153442382812	15.759645462036133	11.17192268371582	
16.990615844726562	162.86965942382812	15.827917098999023	11.537768363952637	
21.961219787597656	163.87852478027344	14.792943000793457	10.553434371948242	
25.152538299560547	163.36679077148438	15.667451858520508	11.448657989501953	
29.109167098999023	163.47415161132812	15.680213928222656	11.843328475952148	
33.719425201416016	163.89683532714844	15.780842781066895	11.730106353759766	
37.41978073120117	164.0343017578125	16.30833625793457	11.843473434448242	
41.52602005004883	163.55189514160156	16.926868438720703	11.888738632202148	
45.63655471801758	162.83946228027344	16.617534637451172	13.666229248046875	
51.057865142822266	164.9426727294922	17.659252166748047	13.020055770874023	
57.02715301513672	165.24539184570312	17.005826950073242	13.1077880859375	
61.958656311035156	164.3965606689453	17.868358612060547	13.8563232421875	
68.44230651855469	164.84329223632812	17.70711326599121	14.262758255004883	
73.8987045288086	165.98931884765625	19.59562110900879	13.42542552947998	
78.80787658691406	166.3218536376953	18.799251556396484	12.477824211120605	
85.33876037597656	166.1837615966797	19.451007843017578	14.068181991577148	
93.85005187988281	167.9662628173828	18.379552841186523	13.568403244018555	
100.52626037597656	167.84078979492188	19.564319610595703	14.175748825073242	
107.43339538574219	169.3577423095703	20.715106964111328	14.07561206817627	
114.43464660644531	168.7144775390625	21.011730194091797	15.466562271118164	
123.5501708984375	170.9571533203125	21.85810661315918	14.153637886047363	
132.1661376953125	171.8129119873047	22.37061882019043	15.889988899230957	
141.62478637695312	172.82278442382812	22.645282745361328	15.181829452514648	
150.9775848388672	172.6146697998047	23.923877716064453	15.940973281860352	
161.5872039794922	173.09909057617188	23.90028953552246	16.996883392333984	
173.2324676513672	175.31381225585938	24.556625366210938	16.301897048950195	
184.17184448242188	176.56085205078125	25.135284423828125	16.3353214263916	
194.7778778076172	178.63662719726562	25.459575653076172	16.351058959960938	
206.19985961914062	178.61643981933594	26.13138771057129	19.163021087646484	
219.37478637695312	174.63235473632812	26.48779296875	19.42438316345215	
236.0525360107422	174.0131378173828	26.464542388916016	19.407331466674805	
249.16409301757812	168.58865356445312	26.548181533813477	19.46866798400879	
264.90008544921875	175.8348846435547	26.97063636779785	19.778470993041992	
282.14813232421875	181.9846649169922	26.748844146728516	19.615819931030273	
279.55224609375	181.95582580566406	27.376882553100586	20.07638168334961	
274.72552490234375	183.77960205078125	32.893028259277344	18.954309463500977	
278.4649353027344	182.00143432617188	27.582788467407227	20.22737693786621	
274.10784912109375	177.66641235351562	27.626476287841797	20.259414672851562	
275.1341552734375	175.82205200195312	27.812320709228516	20.39569854736328	
281.58648681640625	175.55679321289062	26.626699447631836	19.526243209838867	
292.4038391113281	175.5505828857422	26.59732437133789	19.504701614379883	
300.3986511230469	180.892822265625	26.229602813720703	19.23503875732422	
298.69256591796875	179.82235717773438	26.803970336914062	19.656240463256836	
291.96929931640625	175.69326782226562	27.736011505126953	20.33973503112793	
289.89642333984375	174.4122314453125	28.204357147216797	20.683189392089844	
294.464111328125	178.21636962890625	30.015609741210938	22.01144027709961	
292.3246765136719	176.27902221679688	29.990270614624023	21.992855072021484	
293.774658203125	177.03199768066406	30.77461814880371	22.568042755126953	
293.28582763671875	175.53726196289062	31.52315902709961	23.116973876953125	
295.95050048828125	177.05796813964844	32.80839920043945	24.05948257446289	
296.0370788574219	178.23899841308594	32.18169403076172	23.599899291992188	
293.656005859375	176.80172729492188	32.61576843261719	23.918222427368164	
288.9994201660156	173.69692993164062	33.9205322265625	24.875049591064453	
289.3852233886719	174.4969940185547	35.59284973144531	26.101415634155273	
291.5788269042969	173.62869262695312	35.79796600341797	26.251834869384766	
296.94671630859375	174.74652099609375	37.1645393371582	27.25398826599121	
297.3543395996094	174.23049926757812	36.135353088378906	26.499252319335938	
292.657958984375	173.786865234375	36.487693786621094	26.75763511657715	
289.85076904296875	174.38796997070312	36.760337829589844	26.95757484436035	
293.64141845703125	174.51583862304688	36.96087646484375	27.104633331298828	
295.71002197265625	173.77874755859375	36.972755432128906	27.113346099853516	
296.97918701171875	174.1936492919922	37.32562255859375	27.372116088867188	
288.07025146484375	171.98060607910156	39.53807067871094	28.994577407836914	
297.0342102050781	173.62863159179688	39.62837219238281	29.060800552368164	
296.04864501953125	175.15493774414062	39.384578704833984	28.88201904296875	
293.882080078125	173.72994995117188	39.49406814575195	28.962310791015625	
300.9178161621094	172.546875	38.35102462768555	28.124080657958984	
292.40167236328125	173.3193359375	39.945213317871094	29.29315185546875	
293.58660888671875	173.32627868652344	39.952484130859375	29.29848289489746	
302.06060791015625	173.3346405029297	39.933006286621094	29.284198760986328	
298.6148986816406	172.22073364257812	40.312137603759766	29.562225341796875	
306.0937194824219	176.4734649658203	39.64128494262695	29.070262908935547	
294.5845947265625	176.01809692382812	38.559181213378906	28.276721954345703	
295.33795166015625	172.66201782226562	37.83334732055664	27.744441986083984	
292.3485412597656	172.28271484375	36.9672737121582	27.10931968688965	
301.95440673828125	175.54605102539062	37.571205139160156	27.552204132080078	
296.1513977050781	173.74069213867188	37.764984130859375	27.69430923461914	
303.486328125	167.52273559570312	36.48662185668945	26.756845474243164	
299.0628356933594	173.49404907226562	36.618316650390625	26.85342025756836	
287.4490661621094	173.3129425048828	37.17359924316406	27.2606258392334	
297.27752685546875	173.73348999023438	37.02329635620117	27.150402069091797	
291.8829040527344	175.5199432373047	36.3825798034668	26.680545806884766	
288.1783142089844	173.87132263183594	35.97051239013672	26.37836265563965	
297.06951904296875	174.6256103515625	36.342628479003906	26.6512451171875	
290.45172119140625	173.7905731201172	37.786441802978516	27.710041046142578	
287.43603515625	173.80557250976562	36.72980499267578	26.935176849365234	
288.6250915527344	174.13063049316406	36.14723205566406	26.50795555114746	
287.3507995605469	172.43983459472656	36.55779266357422	26.809030532836914	
303.3497009277344	175.975341796875	35.28453826904297	25.87531089782715	
294.9839782714844	175.1723175048828	35.54425811767578	26.065771102905273	
294.825927734375	174.3190460205078	35.567832946777344	26.08306312561035	
298.2260437011719	165.06527709960938	35.03718566894531	25.693923950195312	
289.515625	166.47384643554688	35.550819396972656	26.07059097290039	
293.66192626953125	173.7008514404297	35.98698043823242	26.390438079833984	
292.74993896484375	172.95372009277344	36.293128967285156	26.614948272705078	
294.3441162109375	173.28680419921875	36.18666458129883	26.536874771118164	
292.87506103515625	173.9195098876953	36.359989166259766	26.663976669311523	
293.78924560546875	174.6610565185547	36.384735107421875	26.682125091552734	
293.8656311035156	173.39419555664062	37.16950607299805	27.25762367248535	
296.67071533203125	174.36880493164062	36.61817932128906	26.853317260742188	
298.71832275390625	175.4590301513672	36.27561569213867	26.602102279663086	
294.09466552734375	173.09365844726562	36.423919677734375	26.710857391357422	
295.5896301269531	176.1698455810547	35.86302185058594	26.29953384399414	
296.87445068359375	173.63113403320312	36.45254898071289	26.731853485107422	
292.1188049316406	174.1293182373047	36.2747688293457	26.60148048400879	
292.72113037109375	175.06680297851562	37.284603118896484	27.342025756835938	
295.1554260253906	173.75428771972656	37.480873107910156	27.4859561920166	
298.99615478515625	176.41110229492188	37.86734390258789	27.769367218017578	
292.0987243652344	172.83082580566406	37.889278411865234	27.785451889038086	
297.2339782714844	175.26315307617188	38.315673828125	28.09814453125	
289.91851806640625	172.7772216796875	38.85231018066406	28.49167823791504	
294.6109924316406	172.01788330078125	39.868343353271484	29.236770629882812	
293.1904296875	173.79478454589844	39.82089614868164	29.201974868774414	
287.80560302734375	173.2322998046875	39.60582733154297	29.04425621032715	
293.55029296875	172.5625457763672	39.395240783691406	28.889827728271484	
294.9516296386719	171.82455444335938	38.8404655456543	28.48299217224121	
294.83306884765625	172.2335968017578	39.995121002197266	29.32973861694336	
294.9643249511719	172.66018676757812	40.87815475463867	29.977298736572266	
297.03948974609375	171.62881469726562	42.14717483520508	30.907913208007812	
296.14849853515625	171.12049865722656	39.73386764526367	29.13815689086914	
294.9530029296875	172.61544799804688	39.332069396972656	28.843509674072266	
295.7343444824219	171.64028930664062	40.145347595214844	29.43991470336914	
292.5111083984375	174.5243682861328	39.58284378051758	29.027414321899414	
298.73638916015625	172.1609344482422	40.250083923339844	29.5167236328125	
295.6963806152344	171.84158325195312	40.59061813354492	29.76644515991211	
288.6459655761719	172.33767700195312	39.794498443603516	29.1826229095459	
296.635986328125	173.73577880859375	39.18672180175781	28.736923217773438	
295.5500793457031	172.81460571289062	40.343109130859375	29.58493995666504	
293.10986328125	174.421875	40.15560531616211	29.447437286376953	
296.9505310058594	171.9320068359375	39.85832595825195	29.22943115234375	
292.708740234375	173.38082885742188	39.283695220947266	28.808034896850586	
290.2154235839844	172.2042694091797	39.124874114990234	28.691564559936523	
299.7075500488281	174.3256072998047	39.10791778564453	28.679128646850586	
293.99371337890625	173.77777099609375	37.523521423339844	27.51723861694336	
298.4199523925781	173.56088256835938	37.429100036621094	27.447998046875	
296.2452392578125	173.2807159423828	37.79408645629883	27.715656280517578	
295.59869384765625	173.13427734375	37.53729248046875	27.527339935302734	
265.8918151855469	174.7252960205078	37.00407791137695	27.136316299438477	
239.03219604492188	178.10488891601562	45.10246658325195	20.064355850219727	
246.2021026611328	179.57113647460938	49.00446319580078	21.569406509399414	
255.3072967529297	180.7248077392578	48.30156707763672	20.813488006591797	
263.8005065917969	180.37147521972656	50.843299865722656	22.45375633239746	
273.3193359375	181.6012725830078	49.29436492919922	21.429183959960938	
282.88311767578125	182.00033569335938	50.42366409301758	22.228466033935547	
292.4458312988281	182.4215850830078	50.82500457763672	22.559429168701172	
302.6003723144531	183.03927612304688	50.80224609375	23.763961791992188	
313.1588439941406	183.59693908691406	53.815826416015625	24.418567657470703	
325.55792236328125	184.5878448486328	56.39179611206055	25.671634674072266	
338.0909423828125	185.96092224121094	55.93280792236328	23.382492065429688	
361.74456787109375	183.5992431640625	41.4779052734375	30.417133331298828	
363.6656494140625	185.71897888183594	57.84831619262695	27.254440307617188	
377.5631408691406	187.10238647460938	56.89146041870117	25.494033813476562	
395.77410888671875	188.79354858398438	55.4423942565918	26.059329986572266	
413.68505859375	189.2073516845703	49.333335876464844	27.305187225341797	
423.7669372558594	196.61929321289062	40.465171813964844	29.67445945739746	
