4.0	169.0	9.0	13.0	
3.295597791671753	168.6868438720703	9.551507949829102	13.557698249816895	
3.4710800647735596	168.57687377929688	10.418479919433594	13.644131660461426	
4.111386775970459	168.4168701171875	9.723322868347168	13.22778034210205	
4.27308464050293	168.57373046875	9.704652786254883	13.297233581542969	
4.132687091827393	168.25729370117188	10.962594985961914	14.102853775024414	
5.341787815093994	168.20718383789062	9.820202827453613	13.348628044128418	
5.261162757873535	168.26364135742188	10.221148490905762	14.085733413696289	
5.407057762145996	168.50259399414062	11.034602165222168	14.542424201965332	
6.1610870361328125	168.3112335205078	10.346854209899902	14.194059371948242	
6.778691291809082	168.35366821289062	9.72749137878418	14.179425239562988	
6.481664180755615	168.6053009033203	10.716912269592285	14.218188285827637	
6.395279884338379	167.60768127441406	10.879079818725586	15.181828498840332	
8.116460800170898	168.52163696289062	9.352081298828125	13.781465530395508	
7.8827056884765625	168.65321350097656	10.64979076385498	14.501559257507324	
8.892796516418457	168.05746459960938	10.057777404785156	14.477381706237793	
9.688753128051758	168.10317993164062	9.269543647766113	14.338231086730957	
9.23836898803711	168.51499938964844	10.29932689666748	14.620160102844238	
10.044919967651367	168.130126953125	10.082212448120117	14.494028091430664	
10.699377059936523	167.9332733154297	9.201765060424805	14.662930488586426	
10.211872100830078	168.23919677734375	10.48232364654541	14.884251594543457	
10.917895317077637	168.11734008789062	10.400362968444824	14.882696151733398	
11.455540657043457	167.94129943847656	10.01823616027832	15.024986267089844	
11.32309341430664	168.02615356445312	10.738035202026367	15.416505813598633	
12.3173828125	167.90817260742188	10.030008316040039	15.043596267700195	
12.971883773803711	168.21539306640625	9.893683433532715	14.802412033081055	
13.388772964477539	168.3489990234375	10.281009674072266	14.442802429199219	
14.602605819702148	168.12765502929688	9.09026050567627	14.516079902648926	
14.361964225769043	168.10189819335938	11.120748519897461	15.846728324890137	
15.157526969909668	167.9951629638672	10.149962425231934	15.728004455566406	
15.283063888549805	167.95230102539062	10.105640411376953	16.03905487060547	
15.965519905090332	167.55494689941406	10.620329856872559	16.24416160583496	
16.376577377319336	167.574462890625	10.074044227600098	16.34906005859375	
17.111730575561523	167.5452117919922	10.484640121459961	16.563766479492188	
17.649614334106445	167.58676147460938	9.62948989868164	16.301998138427734	
18.642898559570312	167.53347778320312	10.271328926086426	16.10306167602539	
19.051311492919922	167.6215362548828	10.071747779846191	16.4017276763916	
19.975780487060547	167.05796813964844	10.092264175415039	16.286762237548828	
20.534269332885742	166.4951629638672	10.265311241149902	17.09825897216797	
21.913827896118164	167.50440979003906	9.135282516479492	15.396379470825195	
22.409021377563477	167.04412841796875	9.653221130371094	16.36687660217285	
23.607006072998047	167.51329040527344	8.896381378173828	15.433695793151855	
24.61393165588379	166.92100524902344	8.973573684692383	16.441015243530273	
24.557382583618164	166.96896362304688	9.767568588256836	17.343612670898438	
25.798471450805664	167.44091796875	9.345608711242676	17.093524932861328	
25.458829879760742	167.43972778320312	10.682485580444336	17.439529418945312	
27.180767059326172	167.83572387695312	8.971814155578613	17.132986068725586	
27.40890121459961	167.6670684814453	10.371938705444336	18.032745361328125	
28.041576385498047	167.25218200683594	9.707839012145996	18.666067123413086	
29.349706649780273	167.361328125	9.162073135375977	17.921463012695312	
28.706615447998047	166.7002716064453	11.044068336486816	19.713558197021484	
29.80954360961914	166.83175659179688	10.39770221710205	19.037899017333984	
31.79996681213379	169.66159057617188	10.462995529174805	17.946504592895508	
32.204097747802734	169.15219116210938	10.363728523254395	18.196468353271484	
33.29042053222656	168.89144897460938	9.819900512695312	17.832826614379883	
33.93071746826172	167.4981689453125	10.075281143188477	17.6873722076416	
34.931217193603516	168.0989990234375	9.010003089904785	17.58854103088379	
35.4543571472168	166.9322509765625	9.394916534423828	18.15755271911621	
36.52760314941406	167.29879760742188	9.781976699829102	18.87730598449707	
37.02939224243164	166.9525604248047	10.00141716003418	19.044572830200195	
38.202850341796875	167.10311889648438	9.471742630004883	18.977344512939453	
39.35092544555664	167.0699005126953	9.683239936828613	18.660818099975586	
39.66804122924805	167.76116943359375	10.427693367004395	19.346792221069336	
40.1141242980957	167.2113037109375	10.901962280273438	20.72524642944336	
41.51868438720703	167.4984893798828	10.118131637573242	19.934818267822266	
42.69134521484375	167.4711456298828	9.740821838378906	19.724254608154297	
43.4571647644043	168.0308380126953	10.251805305480957	20.148273468017578	
44.05574417114258	167.72340393066406	10.932207107543945	20.58309555053711	
44.94572448730469	167.69651794433594	11.252337455749512	21.102924346923828	
46.495689392089844	167.873291015625	10.302949905395508	20.254741668701172	
47.709617614746094	167.3421173095703	10.375788688659668	20.961925506591797	
48.44179916381836	166.70611572265625	10.744710922241211	21.9265193939209	
49.24126052856445	166.64254760742188	11.436841011047363	22.051061630249023	
49.54149627685547	166.58116149902344	11.906034469604492	23.040897369384766	
51.300498962402344	166.76869201660156	10.596184730529785	21.949447631835938	
52.759429931640625	166.75808715820312	10.335140228271484	21.996320724487305	
53.994720458984375	166.15977478027344	9.904911994934082	21.790966033935547	
54.56388473510742	166.87509155273438	10.618595123291016	21.56734848022461	
54.99750900268555	166.39151000976562	10.987767219543457	22.941822052001953	
56.351097106933594	166.0542449951172	10.53012466430664	22.528850555419922	
57.500892639160156	165.8475341796875	10.57795524597168	22.701343536376953	
58.651939392089844	165.808837890625	10.891977310180664	23.011884689331055	
58.27656173706055	165.9615478515625	12.078699111938477	23.46748924255371	
60.26369094848633	165.6001739501953	12.198552131652832	23.715063095092773	
61.0380973815918	165.01824951171875	11.97098159790039	23.644878387451172	
62.137847900390625	165.0299072265625	11.884706497192383	24.427602767944336	
63.25761795043945	165.38975524902344	11.461938858032227	24.564687728881836	
64.48883056640625	165.6448516845703	11.260759353637695	24.40595054626465	
65.45231628417969	165.98269653320312	11.75669002532959	24.616220474243164	
66.58375549316406	165.5452117919922	11.890968322753906	24.8991756439209	
67.75574493408203	165.5411834716797	11.886293411254883	25.171876907348633	
69.11243438720703	165.8238525390625	11.735936164855957	24.796188354492188	
70.82442474365234	166.94027709960938	11.819415092468262	23.991334915161133	
71.96370697021484	165.75238037109375	11.593214988708496	24.658458709716797	
73.4262466430664	165.40402221679688	11.11532211303711	24.554882049560547	
74.32685852050781	165.53756713867188	11.767240524291992	24.96254539489746	
75.98094940185547	166.60787963867188	11.862327575683594	24.15542221069336	
76.96908569335938	166.72055053710938	12.638753890991211	23.8868350982666	
78.20528411865234	166.20230102539062	12.661500930786133	24.915868759155273	
79.67689514160156	166.45689392089844	12.73851490020752	25.364093780517578	
81.66886138916016	167.1754913330078	11.812896728515625	24.395267486572266	
82.40384674072266	165.572998046875	11.856782913208008	24.689311981201172	
83.6724624633789	166.3159942626953	12.091670036315918	25.686771392822266	
85.16021728515625	165.3894805908203	12.16332721710205	26.795013427734375	
86.47813415527344	165.10848999023438	13.74170970916748	27.86639404296875	
88.85063171386719	167.43417358398438	12.898050308227539	26.80185317993164	
89.61372375488281	166.21473693847656	14.160723686218262	28.51093101501465	
91.62090301513672	165.83236694335938	14.041936874389648	28.514297485351562	
92.1339340209961	165.5333709716797	15.369125366210938	30.555831909179688	
94.67262268066406	165.06015014648438	15.185981750488281	30.314550399780273	
95.41448211669922	164.27915954589844	15.295282363891602	31.587610244750977	
98.12965393066406	164.6151885986328	14.905072212219238	32.40956115722656	
99.98289489746094	165.83261108398438	15.391215324401855	31.28265380859375	
101.78112030029297	166.01437377929688	15.273597717285156	32.23780822753906	
103.77156066894531	164.90415954589844	16.429340362548828	33.46269989013672	
105.12980651855469	164.4647674560547	16.747451782226562	32.49459457397461	
108.31260681152344	164.7704620361328	16.10088539123535	33.08781051635742	
110.17740631103516	165.7687225341797	16.575645446777344	33.01103973388672	
111.75520324707031	164.7851104736328	17.59946060180664	34.1831169128418	
113.9819107055664	163.5961151123047	18.134990692138672	34.532814025878906	
116.80484771728516	163.6801300048828	17.181486129760742	34.46099090576172	
119.62281799316406	164.7821044921875	16.924266815185547	33.6561279296875	
122.79008483886719	166.26602172851562	17.521381378173828	34.439056396484375	
125.88419342041016	164.91981506347656	18.383974075317383	35.65427780151367	
128.65701293945312	166.09713745117188	17.875734329223633	35.78717041015625	
131.21571350097656	166.5341339111328	18.421560287475586	35.904212951660156	
134.57650756835938	166.40350341796875	19.134403228759766	37.461307525634766	
138.31967163085938	166.587646484375	18.805185317993164	36.960594177246094	
142.4376220703125	166.85189819335938	19.011144638061523	38.4035530090332	
146.47604370117188	165.3921356201172	19.096513748168945	38.75941467285156	
150.04147338867188	164.50279235839844	19.446382522583008	39.9353141784668	
153.54710388183594	165.64739990234375	20.20736312866211	41.72941207885742	
157.7576141357422	166.1449432373047	20.15671157836914	42.558082580566406	
162.4071502685547	166.94058227539062	20.12381935119629	42.83709716796875	
167.74501037597656	169.5359649658203	20.485706329345703	42.25275802612305	
171.04757690429688	168.21701049804688	21.88636016845703	44.59758377075195	
155.07620239257812	167.3668670654297	28.262100219726562	41.61057662963867	
167.08444213867188	169.31600952148438	24.816526412963867	43.433197021484375	
159.7787628173828	167.82363891601562	26.135543823242188	43.41376495361328	
150.14340209960938	166.32296752929688	30.268047332763672	45.43544387817383	
151.3350372314453	165.62355041503906	32.44367599487305	46.59314727783203	
158.5797576904297	165.62850952148438	34.95077133178711	48.626075744628906	
164.68792724609375	166.6550750732422	36.2349967956543	50.195709228515625	
174.7577667236328	165.37692260742188	36.0425910949707	49.61149978637695	
183.8131866455078	166.6044921875	35.62529754638672	47.818450927734375	
196.20834350585938	168.4041290283203	35.177406311035156	49.36228942871094	
207.15762329101562	168.52549743652344	33.137855529785156	50.63911819458008	
216.6874542236328	169.79745483398438	31.057727813720703	51.73137664794922	
221.944091796875	172.50881958007812	39.404090881347656	56.91703414916992	
236.5860137939453	172.4872283935547	25.41734504699707	51.188087463378906	
242.12466430664062	171.52447509765625	26.78485107421875	47.03968048095703	
247.8546142578125	166.61569213867188	37.796180725097656	54.59449005126953	
262.07586669921875	173.28140258789062	25.843830108642578	49.830657958984375	
263.7076721191406	175.2535400390625	37.54689025878906	54.234405517578125	
280.8023986816406	174.0885009765625	26.648895263671875	48.1441764831543	
289.0293884277344	174.62960815429688	28.611312866210938	48.88133239746094	
299.6905212402344	175.06130981445312	36.42534637451172	52.614402770996094	
309.9305725097656	171.9970245361328	28.49985694885254	45.3858642578125	
324.740234375	171.94944763183594	26.038311004638672	47.8529167175293	
335.08056640625	172.7195281982422	28.855998992919922	49.185089111328125	
345.9252014160156	173.05599975585938	27.8741512298584	48.98371887207031	
357.87939453125	173.56195068359375	30.417949676513672	50.81501007080078	
372.84405517578125	175.91323852539062	30.205169677734375	53.57423782348633	
386.65716552734375	177.7767791748047	31.414636611938477	53.531402587890625	
398.79559326171875	176.1221160888672	40.78022384643555	58.90477752685547	
