81.0	131.0	22.0	16.0	
81.29907989501953	131.4474639892578	21.981586456298828	15.47514533996582	
81.10429382324219	131.25233459472656	23.924571990966797	15.868078231811523	
81.42247009277344	131.05136108398438	24.171737670898438	16.07699203491211	
81.5940170288086	131.3027801513672	24.955829620361328	15.802335739135742	
82.14915466308594	131.27017211914062	25.2087345123291	16.376049041748047	
82.55390930175781	131.48739624023438	25.495464324951172	15.869417190551758	
83.09529876708984	131.5738525390625	25.6166934967041	15.805410385131836	
83.58050537109375	131.35104370117188	25.761554718017578	16.173738479614258	
84.76484680175781	131.92642211914062	24.174957275390625	15.123812675476074	
85.99031066894531	132.41122436523438	23.582744598388672	14.77075481414795	
86.72992706298828	132.50283813476562	23.84732437133789	14.803825378417969	
87.23397827148438	132.4916534423828	23.885366439819336	14.734046936035156	
88.09922790527344	132.2856903076172	23.5882511138916	15.161170959472656	
88.48836517333984	132.0555419921875	23.880762100219727	15.359014511108398	
89.29045867919922	132.44827270507812	24.180234909057617	15.225091934204102	
89.5765609741211	132.49496459960938	24.905223846435547	15.003474235534668	
90.45687103271484	132.57449340820312	24.683063507080078	14.971307754516602	
89.93220520019531	131.83193969726562	27.13754653930664	16.17207908630371	
90.70245361328125	131.62466430664062	27.994842529296875	16.96213150024414	
91.4350357055664	131.83531188964844	28.2197265625	16.828763961791992	
92.43296813964844	131.6080780029297	27.780813217163086	17.494701385498047	
93.34197998046875	131.6758270263672	27.749004364013672	17.384998321533203	
93.94505310058594	131.63478088378906	28.35176658630371	17.91054916381836	
94.849853515625	131.34783935546875	28.45206069946289	18.26131820678711	
95.78176879882812	131.51803588867188	28.611032485961914	17.831729888916016	
96.69929504394531	131.98025512695312	27.798171997070312	17.02400016784668	
98.52708435058594	132.42593383789062	26.167953491210938	16.530296325683594	
99.4303207397461	132.72372436523438	26.46979331970215	16.36704444885254	
99.9935302734375	132.7054901123047	27.322223663330078	16.584125518798828	
101.09544372558594	132.91795349121094	26.926956176757812	16.444318771362305	
101.95206451416016	133.05557250976562	27.3627986907959	16.403648376464844	
102.736572265625	133.30856323242188	27.98539161682129	16.06614112854004	
103.5539321899414	133.3583526611328	28.345178604125977	16.018630981445312	
104.20106506347656	133.1797332763672	29.45501708984375	16.301729202270508	
105.4280014038086	132.48660278320312	29.779766082763672	17.462478637695312	
106.27299499511719	132.3623504638672	30.20119857788086	17.945302963256836	
106.9154281616211	131.82757568359375	31.772546768188477	18.7917537689209	
108.17706298828125	132.00482177734375	31.751407623291016	19.223285675048828	
109.38089752197266	132.38925170898438	31.948986053466797	19.136821746826172	
110.03067779541016	131.9472198486328	33.19297409057617	19.806793212890625	
111.64192199707031	132.08181762695312	32.68331527709961	20.21282958984375	
113.22441101074219	131.9764404296875	32.65949249267578	20.338260650634766	
114.36286926269531	131.7439422607422	32.782875061035156	20.527921676635742	
116.7554931640625	132.6590576171875	30.25174331665039	19.372419357299805	
118.4428939819336	132.36526489257812	30.231426239013672	19.86693000793457	
119.49908447265625	132.76931762695312	30.819543838500977	19.697895050048828	
119.724853515625	132.32269287109375	33.7669563293457	20.97242546081543	
122.29600524902344	133.5849609375	31.3994140625	19.22893714904785	
124.1035385131836	133.2572021484375	31.546810150146484	19.701343536376953	
125.9090576171875	133.58328247070312	31.429800033569336	19.677459716796875	
127.17768859863281	133.6341094970703	32.48766326904297	19.636211395263672	
127.67304992675781	132.47511291503906	35.12616729736328	21.377777099609375	
129.44277954101562	132.15013122558594	36.016021728515625	22.8408260345459	
131.5854949951172	132.43472290039062	35.788700103759766	22.52853012084961	
133.46548461914062	132.87054443359375	35.934120178222656	21.97075843811035	
136.4335479736328	133.70797729492188	34.77765655517578	21.289154052734375	
137.81546020507812	133.95578002929688	35.8057975769043	21.20490264892578	
139.3270263671875	133.82815551757812	36.944862365722656	21.225200653076172	
142.39590454101562	134.4083709716797	34.60649871826172	20.77621841430664	
144.526611328125	134.51510620117188	34.967987060546875	20.513540267944336	
147.3340606689453	135.13894653320312	34.80085372924805	19.942724227905273	
150.6138458251953	135.55319213867188	33.635955810546875	20.52913475036621	
152.40257263183594	135.7918701171875	34.779319763183594	19.945045471191406	
155.51998901367188	136.53353881835938	34.68988800048828	19.594493865966797	
156.97508239746094	136.40074157714844	35.9926643371582	19.23801040649414	
160.57595825195312	136.6225128173828	34.9030647277832	20.184326171875	
163.2932586669922	136.78622436523438	34.559898376464844	19.799591064453125	
166.37747192382812	136.95236206054688	34.715389251708984	20.381258010864258	
168.29608154296875	136.83526611328125	36.38582992553711	20.218141555786133	
171.75253295898438	136.81202697753906	36.02248764038086	20.779193878173828	
175.26158142089844	136.9282684326172	35.61469268798828	21.267379760742188	
178.3731231689453	137.26580810546875	35.31334686279297	21.105283737182617	
182.0531463623047	137.75502014160156	35.14485549926758	20.92539405822754	
185.1666259765625	137.83636474609375	35.818870544433594	21.060016632080078	
188.35708618164062	137.9633331298828	36.754249572753906	21.338315963745117	
190.6318817138672	137.90884399414062	37.14063262939453	21.362091064453125	
194.15231323242188	137.8242645263672	36.43418502807617	21.584402084350586	
197.15554809570312	138.26150512695312	37.24635696411133	21.22373390197754	
201.10484313964844	138.84373474121094	37.86649703979492	20.871870040893555	
204.02908325195312	138.37002563476562	37.5440673828125	21.80055809020996	
208.632568359375	138.4363555908203	38.28314971923828	22.410282135009766	
212.50289916992188	138.62364196777344	39.54425048828125	22.57122802734375	
216.78640747070312	139.16749572753906	40.261226654052734	23.170928955078125	
219.40573120117188	138.5802001953125	40.33160400390625	23.842151641845703	
224.69332885742188	138.90997314453125	37.84850311279297	23.30763053894043	
228.7853546142578	139.22543334960938	38.91594696044922	24.18877601623535	
232.0139617919922	139.2427520751953	40.45838165283203	24.52057456970215	
236.38882446289062	139.8418426513672	42.605857849121094	24.151151657104492	
240.99868774414062	140.2958984375	41.59575653076172	24.115381240844727	
244.8243408203125	140.43807983398438	43.4039306640625	24.708946228027344	
249.98828125	140.9248809814453	43.09400177001953	24.62785530090332	
254.87271118164062	141.00283813476562	43.761348724365234	25.10226058959961	
258.8649597167969	141.39169311523438	46.34627151489258	25.85133934020996	
263.6393127441406	141.330078125	45.562564849853516	25.53909683227539	
267.8463134765625	141.32676696777344	45.9394645690918	25.867334365844727	
273.2850036621094	141.641357421875	47.66157913208008	26.4066104888916	
277.422607421875	141.12997436523438	47.55953598022461	27.066370010375977	
283.0487365722656	141.64871215820312	49.22972869873047	27.7000675201416	
287.9554138183594	141.59217834472656	50.81468963623047	28.662694931030273	
293.77557373046875	141.75320434570312	50.369895935058594	28.656253814697266	
299.941650390625	141.63694763183594	49.59801483154297	29.998794555664062	
304.9389953613281	142.1278076171875	51.67845916748047	29.95998764038086	
310.9338073730469	142.97630310058594	56.35947799682617	30.72403335571289	
316.65020751953125	142.73873901367188	56.046607971191406	31.444433212280273	
323.28460693359375	143.62374877929688	56.330589294433594	31.388229370117188	
330.12255859375	143.8542938232422	56.3060417175293	31.47139549255371	
337.5523681640625	145.05999755859375	56.30442428588867	31.126537322998047	
344.9420471191406	145.34986877441406	58.80157470703125	31.89389419555664	
351.652099609375	146.1995086669922	61.63317108154297	31.91845703125	
359.5719909667969	145.960205078125	61.65514373779297	32.567657470703125	
367.42877197265625	147.55136108398438	62.98542404174805	32.825233459472656	
374.9844665527344	147.8556671142578	63.88301467895508	33.745689392089844	
382.90478515625	147.46861267089844	66.40129852294922	36.01396942138672	
391.3772888183594	146.4168701171875	69.11869812011719	38.198936462402344	
400.7256774902344	147.28372192382812	70.97442626953125	38.07850646972656	
410.23333740234375	147.1619415283203	70.51244354248047	39.55391311645508	
420.8052673339844	149.59605407714844	74.70972442626953	39.47753143310547	
429.84039306640625	147.92623901367188	69.3516616821289	42.28059387207031	
420.4801330566406	141.05953979492188	68.22797393798828	48.109230041503906	
407.146240234375	136.86373901367188	66.94149017333984	50.76110076904297	
405.56561279296875	135.56185913085938	73.6111068725586	53.38855743408203	
