13.0	164.0	24.0	23.0	
15.160356521606445	165.09617614746094	21.333335876464844	20.131423950195312	
15.609440803527832	164.71493530273438	22.297765731811523	20.84354591369629	
15.778800964355469	164.84170532226562	22.32145881652832	20.793476104736328	
16.75870704650879	164.21112060546875	23.00200653076172	21.569561004638672	
17.810047149658203	164.22433471679688	23.05708122253418	22.125341415405273	
18.597820281982422	164.0606231689453	23.468164443969727	22.44472312927246	
20.43037223815918	163.9441680908203	22.62103843688965	22.679798126220703	
20.76259422302246	164.1632537841797	23.398265838623047	22.53457260131836	
21.059528350830078	163.2168731689453	25.234989166259766	24.27705192565918	
21.874752044677734	162.57618713378906	26.051538467407227	25.330150604248047	
22.45197105407715	161.51026916503906	27.19717025756836	27.021785736083984	
23.833919525146484	162.21607971191406	25.756664276123047	26.1922664642334	
24.239431381225586	161.68896484375	26.835153579711914	27.62417221069336	
25.42520523071289	161.6591796875	27.03158187866211	27.442337036132812	
27.130599975585938	162.61676025390625	26.099246978759766	26.306509017944336	
28.82394790649414	162.75216674804688	25.332122802734375	26.36417007446289	
29.72489356994629	162.74349975585938	25.397977828979492	26.610437393188477	
31.897069931030273	163.22164916992188	23.662982940673828	25.786514282226562	
32.72530746459961	162.48806762695312	25.074077606201172	26.70038414001465	
34.49348068237305	162.10171508789062	24.633041381835938	27.810588836669922	
35.770591735839844	161.61172485351562	25.10404396057129	29.095895767211914	
37.31525421142578	161.4614715576172	24.79669189453125	28.704513549804688	
39.76408767700195	161.37661743164062	23.41880226135254	29.895931243896484	
40.789512634277344	160.759033203125	23.97745704650879	30.108943939208984	
41.43877410888672	159.2067413330078	25.755611419677734	31.802734375	
43.18000030517578	158.88888549804688	25.475770950317383	32.69535446166992	
44.63066864013672	158.35140991210938	26.43194007873535	32.83735275268555	
46.11812973022461	157.83741760253906	26.236719131469727	33.910335540771484	
48.09052276611328	157.46896362304688	26.02322006225586	33.746055603027344	
49.69416046142578	157.39405822753906	26.26552391052246	33.23701095581055	
52.24523162841797	157.97756958007812	24.819034576416016	33.49746322631836	
54.8375358581543	157.908935546875	25.38588523864746	33.25065994262695	
57.755592346191406	157.78726196289062	25.660022735595703	34.357147216796875	
61.630653381347656	158.59303283691406	25.287391662597656	33.00545120239258	
63.3470344543457	158.8309326171875	26.5316104888916	32.804649353027344	
64.26634216308594	159.08726501464844	27.74773597717285	32.253963470458984	
70.63650512695312	159.9208526611328	25.753854751586914	32.268707275390625	
72.89397430419922	159.7207794189453	25.638416290283203	31.407413482666016	
73.53253173828125	159.10104370117188	28.446863174438477	33.43973922729492	
74.82512664794922	158.8576202392578	30.06179428100586	34.709354400634766	
76.26942443847656	158.1160430908203	31.12930679321289	35.09784698486328	
79.0751724243164	158.07931518554688	30.628177642822266	35.06601333618164	
81.16645812988281	159.18658447265625	30.700824737548828	35.32524108886719	
82.13682556152344	158.0103759765625	32.44418716430664	35.48969650268555	
85.0071792602539	158.83084106445312	32.082275390625	35.58748245239258	
87.01014709472656	159.04580688476562	32.14364242553711	36.850738525390625	
90.13081359863281	158.6648406982422	32.89562225341797	36.74241256713867	
93.70648193359375	158.79812622070312	32.21290969848633	36.48524856567383	
96.96305847167969	159.41604614257812	32.26448059082031	37.09630584716797	
101.46104431152344	159.7191619873047	32.021331787109375	38.2194709777832	
102.97554016113281	157.7317657470703	33.15819549560547	38.474483489990234	
106.30531311035156	157.1695098876953	33.723663330078125	39.48114013671875	
110.1532211303711	157.93600463867188	34.18665313720703	39.586177825927734	
113.4620361328125	156.6750030517578	35.18513870239258	40.03172302246094	
115.83101654052734	155.9235382080078	38.4647331237793	41.42097091674805	
120.77574157714844	156.94442749023438	37.447288513183594	40.92676544189453	
124.11187744140625	155.4499053955078	37.41728591918945	42.10649871826172	
128.23623657226562	156.0216827392578	38.26012420654297	43.43914794921875	
132.88047790527344	155.55941772460938	37.6893424987793	44.35068130493164	
137.47750854492188	156.0726776123047	36.4940299987793	44.00872039794922	
141.6953887939453	155.3163604736328	38.75846862792969	44.3924674987793	
146.92251586914062	156.573974609375	39.08010482788086	44.32677459716797	
152.38565063476562	156.20750427246094	37.85918045043945	46.16503143310547	
157.1942901611328	155.1081085205078	38.080291748046875	46.192996978759766	
163.60055541992188	156.14295959472656	37.914329528808594	45.91381072998047	
169.18429565429688	155.2918243408203	37.37051773071289	47.27058792114258	
173.75289916992188	154.2598876953125	38.59188461303711	49.67226791381836	
180.66664123535156	155.0590362548828	38.30320358276367	48.807701110839844	
187.6381072998047	155.46627807617188	38.47968673706055	48.43756866455078	
193.21481323242188	154.61898803710938	39.19866180419922	50.16931915283203	
200.7024688720703	155.70010375976562	40.85424041748047	49.43659210205078	
206.3092803955078	154.27023315429688	42.10293197631836	52.12424850463867	
212.1860809326172	151.84375	43.67702102661133	55.82379150390625	
220.83267211914062	151.94874572753906	44.112918853759766	56.79216766357422	
229.84194946289062	153.9919891357422	42.95606231689453	56.544090270996094	
236.58154296875	154.6042022705078	45.7861328125	56.809165954589844	
243.7860107421875	153.31298828125	46.1443977355957	57.0927848815918	
252.30587768554688	152.6908721923828	45.845829010009766	60.04597091674805	
264.5265808105469	154.2759246826172	45.931434631347656	57.74369430541992	
273.587646484375	154.96713256835938	47.597442626953125	58.45540237426758	
282.93438720703125	151.86795043945312	47.746131896972656	62.050987243652344	
292.30096435546875	153.56069946289062	52.7818603515625	64.15898132324219	
302.23779296875	149.53297424316406	54.41411590576172	67.7833480834961	
300.0078430175781	152.3321533203125	60.943809509277344	71.41426849365234	
312.10882568359375	151.86935424804688	62.585609436035156	73.76116943359375	
324.4519958496094	147.90798950195312	61.86004638671875	75.10418701171875	
320.9241638183594	147.70602416992188	67.81985473632812	78.20991516113281	
349.55316162109375	146.72781372070312	68.33622741699219	81.13611602783203	
377.6829833984375	144.32920837402344	69.61690521240234	84.91793060302734	
395.80615234375	140.1464080810547	69.24519348144531	85.70332336425781	
415.0733947753906	140.63388061523438	71.14669799804688	88.13772583007812	
416.776123046875	151.25131225585938	81.21858978271484	77.83451843261719	
