30.0	172.0	26.0	16.0	
31.054889678955078	172.11672973632812	25.10509490966797	15.652839660644531	
31.133777618408203	172.20167541503906	25.33953285217285	15.697555541992188	
31.6724910736084	172.3672637939453	25.600048065185547	15.91185474395752	
32.29720687866211	172.11386108398438	25.632720947265625	15.829368591308594	
33.11175537109375	172.10414123535156	25.37672233581543	15.752389907836914	
33.486209869384766	172.3160400390625	25.36098861694336	15.79228687286377	
33.802955627441406	172.19876098632812	25.685245513916016	16.00093650817871	
34.11128616333008	172.0386199951172	25.87125015258789	16.046607971191406	
34.496219635009766	172.25189208984375	25.94266128540039	16.273645401000977	
34.8963623046875	172.12359619140625	26.42074966430664	16.279525756835938	
35.89392852783203	172.0276336669922	26.1357421875	16.352022171020508	
36.1748046875	172.18699645996094	26.24691390991211	16.155176162719727	
36.7553596496582	172.39776611328125	26.447256088256836	16.2358341217041	
37.37181091308594	172.25930786132812	26.244953155517578	16.207630157470703	
38.01529312133789	172.3519287109375	26.245960235595703	16.253568649291992	
38.523956298828125	172.56576538085938	26.68002700805664	16.259798049926758	
39.19219207763672	172.45144653320312	26.69110107421875	16.519542694091797	
39.92495346069336	172.48983764648438	26.015594482421875	16.35513687133789	
40.38142013549805	172.55572509765625	26.345600128173828	16.387283325195312	
41.07517623901367	172.39498901367188	26.357860565185547	16.550065994262695	
42.012630462646484	172.37954711914062	25.713272094726562	16.676645278930664	
42.7091064453125	172.395263671875	25.937347412109375	16.80899429321289	
42.93948745727539	172.38803100585938	26.747180938720703	16.9033260345459	
43.931358337402344	172.38525390625	26.263843536376953	17.009260177612305	
44.531654357910156	172.5893096923828	26.39168357849121	16.715728759765625	
44.98017501831055	172.6726837158203	27.099597930908203	16.725540161132812	
45.91225051879883	172.8280792236328	26.753774642944336	16.41287612915039	
46.681148529052734	172.5974884033203	26.495080947875977	16.705358505249023	
47.17389678955078	172.588134765625	26.628280639648438	16.905582427978516	
47.92463302612305	172.689453125	26.632543563842773	16.984485626220703	
48.21819305419922	172.61685180664062	27.330089569091797	16.96722984313965	
48.96401596069336	172.56362915039062	27.37554931640625	17.19354820251465	
49.554771423339844	172.7997283935547	27.678958892822266	16.916244506835938	
50.65879440307617	172.82736206054688	26.828472137451172	16.9865665435791	
50.87764358520508	172.6664581298828	27.8165225982666	17.1252498626709	
51.68635940551758	172.8521270751953	27.624370574951172	16.835678100585938	
52.380226135253906	172.63119506835938	27.762996673583984	17.188182830810547	
53.01476287841797	172.7944793701172	27.627023696899414	17.213096618652344	
53.441993713378906	172.6539764404297	27.90073585510254	17.39607048034668	
54.09514236450195	172.8682403564453	27.614543914794922	17.248613357543945	
55.05853271484375	172.8083038330078	27.064550399780273	17.304279327392578	
55.5751838684082	172.81558227539062	27.227825164794922	17.434329986572266	
56.460174560546875	172.8880615234375	27.139373779296875	17.598268508911133	
57.28889083862305	172.93984985351562	26.62343406677246	17.45425796508789	
57.244041442871094	173.00975036621094	27.723857879638672	17.546369552612305	
57.21355056762695	173.00416564941406	28.590824127197266	17.736867904663086	
57.705421447753906	173.12962341308594	29.356624603271484	17.672069549560547	
58.0918083190918	173.1277313232422	29.754018783569336	17.666488647460938	
58.8469123840332	173.25918579101562	30.2143497467041	17.741878509521484	
58.545860290527344	172.87811279296875	31.666004180908203	18.193527221679688	
60.01271438598633	173.0233612060547	31.27753257751465	17.928462982177734	
59.408164978027344	172.75564575195312	33.06515121459961	18.439075469970703	
59.09440231323242	172.51116943359375	34.21432113647461	18.914623260498047	
59.017921447753906	172.406494140625	35.23550033569336	18.766687393188477	
54.854248046875	171.55650329589844	38.89810562133789	19.869956970214844	
52.668128967285156	171.05734252929688	41.45675277709961	20.358884811401367	
50.70928955078125	170.8179473876953	41.011619567871094	21.84405517578125	
51.24859619140625	170.82521057128906	41.61525344848633	22.16840362548828	
52.498008728027344	170.63592529296875	43.229766845703125	22.493122100830078	
53.551063537597656	170.49423217773438	42.83686447143555	22.996021270751953	
54.71026611328125	170.2795867919922	42.0359001159668	23.941532135009766	
56.687774658203125	170.42062377929688	41.25886917114258	24.119483947753906	
57.882240295410156	170.15696716308594	41.24419403076172	24.592864990234375	
59.80900955200195	170.1239776611328	41.12091064453125	24.902666091918945	
61.3743896484375	169.82565307617188	41.207252502441406	25.586837768554688	
62.95045852661133	170.1428985595703	41.942466735839844	25.397171020507812	
64.80522155761719	169.92774963378906	41.663970947265625	26.198993682861328	
67.07804870605469	170.14126586914062	41.344085693359375	26.255884170532227	
68.68865203857422	169.77513122558594	42.733001708984375	27.038625717163086	
71.50591278076172	170.14871215820312	42.546443939208984	26.765491485595703	
73.7155532836914	169.66452026367188	43.49739456176758	27.717721939086914	
74.58710479736328	168.87442016601562	45.89310836791992	28.541706085205078	
77.30076599121094	169.04940795898438	46.53151321411133	28.798812866210938	
80.62611389160156	169.4539337158203	46.778656005859375	29.679052352905273	
83.28422546386719	169.58718872070312	47.65909957885742	29.681713104248047	
85.4008560180664	169.09205627441406	48.736061096191406	30.579904556274414	
86.14703369140625	167.90194702148438	50.9901008605957	31.56015968322754	
88.65812683105469	167.86383056640625	52.46239471435547	32.66962432861328	
90.36846923828125	167.52078247070312	54.52184295654297	33.472984313964844	
94.2234878540039	167.7443084716797	53.15656661987305	33.93362808227539	
95.95625305175781	166.37051391601562	53.9031982421875	36.0360107421875	
98.08183288574219	165.4521026611328	54.094993591308594	36.82567596435547	
100.37092590332031	165.62777709960938	58.09025955200195	37.2897834777832	
101.63135528564453	165.1304931640625	59.88077926635742	38.082847595214844	
107.9992446899414	166.31150817871094	59.147361755371094	37.615257263183594	
108.521728515625	164.4827880859375	58.883506774902344	39.24803924560547	
111.85307312011719	165.41310119628906	60.576087951660156	38.57606887817383	
117.98565673828125	166.4807586669922	62.93354415893555	39.45651626586914	
118.71114349365234	166.70753479003906	60.942298889160156	37.76365280151367	
127.39669036865234	167.79995727539062	67.06532287597656	40.10204315185547	
131.2030487060547	166.27410888671875	68.48980712890625	42.00543975830078	
135.40525817871094	165.9373779296875	69.47693634033203	42.880149841308594	
138.90980529785156	166.5731964111328	73.17130279541016	43.65053939819336	
143.9960479736328	166.65542602539062	72.96739196777344	43.7929801940918	
148.7314910888672	166.79244995117188	76.82481384277344	45.17382049560547	
153.87374877929688	166.37496948242188	76.41788482666016	45.88966751098633	
160.22264099121094	166.2203826904297	74.50952911376953	46.13440704345703	
164.26425170898438	165.92355346679688	77.9266357421875	47.05930709838867	
170.13185119628906	165.94412231445312	78.28125762939453	47.22107696533203	
175.92733764648438	164.8267059326172	78.67920684814453	47.433658599853516	
182.3288116455078	165.0930938720703	83.08793640136719	49.83867645263672	
189.4793701171875	165.3706817626953	81.33074951171875	49.16387176513672	
194.3782501220703	164.67147827148438	83.3128890991211	48.87956237792969	
204.11512756347656	165.85015869140625	86.39823913574219	50.56687545776367	
207.7181396484375	165.1832275390625	91.25972747802734	52.672767639160156	
217.74838256835938	165.4864501953125	91.94902038574219	53.795982360839844	
224.6952667236328	164.2680206298828	92.95592498779297	53.80540084838867	
230.9593963623047	164.95394897460938	95.07747650146484	54.64516067504883	
245.7466278076172	165.02700805664062	97.49415588378906	56.62224578857422	
246.19473266601562	163.15032958984375	98.20091247558594	58.225250244140625	
257.9733581542969	165.3971710205078	97.8553466796875	57.17793655395508	
268.5763854980469	166.28123474121094	99.69754028320312	59.88372039794922	
289.97119140625	165.51121520996094	100.5511703491211	59.651336669921875	
296.1905212402344	165.49905395507812	108.92500305175781	63.464683532714844	
319.07354736328125	166.74044799804688	111.4747314453125	65.46409606933594	
300.18890380859375	166.9219512939453	110.64973449707031	66.63059997558594	
312.43414306640625	166.12721252441406	116.73439025878906	68.46187591552734	
324.8450012207031	167.9530029296875	124.40511322021484	68.2929916381836	
341.46136474609375	169.05734252929688	134.18701171875	69.01513671875	
352.64837646484375	169.13003540039062	124.4771957397461	73.13136291503906	
375.8325500488281	175.5958251953125	123.48078918457031	75.98817443847656	
390.59930419921875	180.26718139648438	119.190673828125	73.34809875488281	
363.95562744140625	180.42259216308594	116.7061538696289	71.81916046142578	
352.6253356933594	177.4788360595703	109.17378234863281	67.18385314941406	
358.6415100097656	174.6970977783203	107.70987701416016	66.28298950195312	
360.4192810058594	168.677490234375	103.52323913574219	63.70660400390625	
367.218994140625	181.60858154296875	99.9332046508789	61.497352600097656	
379.4840393066406	172.11007690429688	101.7561264038086	62.6191520690918	
356.4282531738281	171.23773193359375	101.48286437988281	62.45098876953125	
365.2049865722656	182.55801391601562	98.33631896972656	60.51465606689453	
364.54241943359375	172.9205322265625	97.45451354980469	59.972007751464844	
364.84368896484375	153.13046264648438	97.73197174072266	60.14274978637695	
370.24969482421875	177.15762329101562	100.45426940917969	61.8180046081543	
369.8761291503906	176.49136352539062	97.97430419921875	60.29187774658203	
380.4190979003906	180.83029174804688	95.67274475097656	58.87553024291992	
366.53466796875	178.84634399414062	96.09458923339844	59.1351318359375	
374.1876525878906	174.66937255859375	97.26383972167969	59.85467529296875	
384.2317810058594	171.4658660888672	93.3476333618164	57.4447021484375	
362.2872009277344	168.29696655273438	95.30271911621094	58.6478271484375	
392.972412109375	181.8909912109375	96.47119903564453	59.36688995361328	
390.97589111328125	182.58639526367188	94.41154479980469	58.09940719604492	
365.08221435546875	163.6707763671875	89.32197570800781	54.96736526489258	
373.7251892089844	179.27767944335938	89.50109100341797	55.07758712768555	
391.66656494140625	182.2343292236328	86.12116241455078	52.99763107299805	
385.0941162109375	187.88479614257812	85.87864685058594	52.84839630126953	
391.3076477050781	181.1243438720703	88.05647277832031	54.18859100341797	
380.9002990722656	174.0641326904297	88.3503189086914	54.369422912597656	
379.97125244140625	178.6472930908203	90.281005859375	55.55753707885742	
386.11981201171875	180.22421264648438	90.98396301269531	55.99011993408203	
370.71807861328125	180.8999786376953	91.91622924804688	56.56382369995117	
377.2774963378906	174.2408905029297	94.34568786621094	58.058876037597656	
377.93829345703125	178.69166564941406	94.26664733886719	58.01023483276367	
378.8946228027344	182.41041564941406	98.42118072509766	60.566871643066406	
382.05950927734375	173.25619506835938	98.36392211914062	60.531639099121094	
362.2069396972656	177.44760131835938	95.36750793457031	58.68769073486328	
381.7271423339844	179.85130310058594	96.71119689941406	59.51456832885742	
379.54150390625	181.97348022460938	96.99606323242188	59.68987274169922	
368.4023132324219	179.8706817626953	97.8110122680664	60.191375732421875	
379.4440612792969	170.15077209472656	94.86863708496094	58.38067626953125	
379.2179260253906	178.64796447753906	96.88581085205078	59.62200927734375	
384.46881103515625	179.78323364257812	95.26615142822266	58.62529373168945	
354.25347900390625	171.0653076171875	94.0375747680664	57.8692512512207	
321.3112487792969	174.79493713378906	98.0249252319336	60.3230094909668	
264.33966064453125	171.27178955078125	84.45891571044922	51.8528938293457	
254.7277374267578	168.1909637451172	84.85675048828125	55.07639694213867	
256.9341735839844	168.22555541992188	89.19975280761719	55.967002868652344	
260.6990661621094	167.36265563964844	89.56400299072266	55.62688446044922	
269.76470947265625	168.9026336669922	89.23494720458984	54.74073028564453	
273.49114990234375	169.02694702148438	89.88655090332031	54.4195671081543	
276.67425537109375	168.07015991210938	93.04634094238281	55.805694580078125	
285.2547607421875	168.56564331054688	91.37875366210938	54.9921760559082	
286.39862060546875	167.9986114501953	97.50108337402344	58.10393142700195	
293.29888916015625	167.22389221191406	95.76594543457031	57.96962356567383	
297.69146728515625	166.90756225585938	100.97891235351562	60.2180061340332	
305.4204406738281	165.81272888183594	100.23664855957031	62.45891571044922	
306.4881286621094	166.1802215576172	105.03352355957031	62.309844970703125	
315.11944580078125	167.27304077148438	105.51904296875	63.54375076293945	
322.89794921875	166.625732421875	106.74754333496094	64.0145034790039	
329.04364013671875	166.56161499023438	109.67930603027344	64.525390625	
331.5049743652344	166.559814453125	107.73088073730469	63.39794921875	
347.8519592285156	167.87893676757812	109.29362487792969	64.54547882080078	
345.8466796875	167.23416137695312	111.12153625488281	62.941078186035156	
347.98590087890625	167.0274200439453	110.77713775634766	61.834449768066406	
354.0675354003906	168.40077209472656	114.25577545166016	64.76344299316406	
