172.0	191.0	16.0	15.0	
170.61163330078125	193.2503662109375	16.35745620727539	14.140970230102539	
167.1790313720703	196.8349609375	17.60894012451172	14.967846870422363	
163.23773193359375	202.50051879882812	17.724729537963867	14.6228666305542	
157.13136291503906	209.19143676757812	15.983088493347168	14.98414421081543	
151.58123779296875	212.0674285888672	16.170059204101562	17.61764907836914	
148.11505126953125	217.6050262451172	16.07804298400879	15.073163032531738	
142.83267211914062	218.4197540283203	16.765575408935547	15.717724800109863	
136.90841674804688	224.07296752929688	17.048091888427734	15.982583999633789	
122.45481872558594	214.8553924560547	19.222978591918945	14.4826078414917	
116.88325500488281	212.9807891845703	19.00196075439453	14.323997497558594	
111.7547607421875	208.59176635742188	20.151790618896484	15.247137069702148	
109.07536315917969	207.40548706054688	21.661102294921875	14.752243041992188	
110.7704849243164	205.55709838867188	19.83331871032715	12.629827499389648	
109.1405029296875	204.06027221679688	19.814462661743164	12.859533309936523	
108.32470703125	203.5838165283203	20.181381225585938	13.882942199707031	
108.09416198730469	205.09304809570312	21.06624984741211	13.70312786102295	
108.6681137084961	208.9721221923828	21.42919158935547	13.266855239868164	
113.67164611816406	215.10733032226562	20.33902359008789	13.314104080200195	
119.07527160644531	220.60012817382812	18.300649642944336	14.016497611999512	
122.02497863769531	224.40121459960938	17.801753997802734	14.537663459777832	
122.7743148803711	229.75167846679688	21.23987579345703	15.684799194335938	
129.27867126464844	222.60592651367188	20.655555725097656	15.069567680358887	
131.78622436523438	215.4520721435547	20.41135597229004	16.45562744140625	
135.0498809814453	213.00289916992188	17.29616928100586	16.215160369873047	
132.57791137695312	211.2480010986328	20.223928451538086	16.027259826660156	
130.33795166015625	209.36917114257812	22.50562858581543	17.348970413208008	
128.2745361328125	211.77734375	22.214336395263672	14.603300094604492	
125.0898208618164	214.7022705078125	21.949993133544922	13.448681831359863	
118.47810363769531	220.2364044189453	20.334209442138672	13.096673965454102	
112.80340576171875	224.6101531982422	21.40666961669922	13.558235168457031	
106.9033203125	229.36807250976562	23.517318725585938	13.708537101745605	
105.3150634765625	232.0663299560547	22.386035919189453	14.532785415649414	
103.0978775024414	225.8665008544922	19.788043975830078	13.630305290222168	
101.53966522216797	220.5937042236328	16.540035247802734	15.33226203918457	
98.7995376586914	217.7145233154297	17.187856674194336	15.324987411499023	
94.50943756103516	215.59219360351562	18.30162811279297	14.260714530944824	
94.38771057128906	217.9347686767578	17.585689544677734	14.306744575500488	
95.41622924804688	222.68798828125	17.104244232177734	15.795778274536133	
95.73834228515625	227.00830078125	17.829944610595703	15.636082649230957	
97.92662811279297	227.95779418945312	18.3065242767334	14.4679536819458	
100.85940551757812	223.5047149658203	17.61300277709961	14.1388578414917	
102.60734558105469	221.27468872070312	17.655941009521484	13.6415433883667	
103.6126480102539	219.3330078125	19.46216583251953	13.336285591125488	
104.73001861572266	219.8582000732422	19.01262664794922	13.0092191696167	
104.59078216552734	223.08291625976562	18.843542098999023	13.327896118164062	
103.7563247680664	226.80996704101562	18.56472396850586	13.023839950561523	
102.4920883178711	232.3465118408203	19.09769630432129	14.338134765625	
101.03694152832031	225.3905792236328	17.205034255981445	13.101290702819824	
100.48352813720703	220.47683715820312	17.064687728881836	14.586807250976562	
98.5380859375	216.23635864257812	17.771398544311523	14.397916793823242	
98.08912658691406	213.24319458007812	17.054943084716797	14.903813362121582	
97.54023742675781	212.3047637939453	17.202699661254883	14.907453536987305	
98.51918029785156	211.970703125	16.86454200744629	14.978826522827148	
101.544921875	212.8351287841797	17.20528793334961	15.214149475097656	
104.62937927246094	215.4857940673828	17.0031681060791	14.868762016296387	
110.94978332519531	221.7747039794922	17.52280044555664	14.478154182434082	
119.3209457397461	228.1850128173828	18.62689208984375	14.027974128723145	
121.55194091796875	229.2543182373047	21.315399169921875	16.9748477935791	
129.9531707763672	222.79745483398438	19.41488265991211	16.606914520263672	
135.80551147460938	217.7987518310547	19.011775970458984	16.40182876586914	
138.68789672851562	214.0230255126953	19.237585067749023	15.909711837768555	
147.35476684570312	210.77987670898438	17.145288467407227	16.07370376586914	
153.3964080810547	207.5914306640625	19.07135009765625	15.243148803710938	
155.78834533691406	205.34829711914062	20.91396141052246	14.175018310546875	
158.25869750976562	202.8773193359375	22.37820053100586	13.434928894042969	
161.74301147460938	200.90939331054688	21.462207794189453	13.84180736541748	
164.0122833251953	199.8002471923828	21.485563278198242	13.182278633117676	
166.08621215820312	197.4306640625	18.86893081665039	13.089574813842773	
173.2125244140625	193.6967010498047	17.178302764892578	13.043917655944824	
175.1393280029297	192.1048583984375	15.407037734985352	13.031420707702637	
174.41793823242188	192.83212280273438	15.620312690734863	12.593689918518066	
170.64669799804688	196.20330810546875	18.153955459594727	13.142498970031738	
165.6565399169922	198.47384643554688	18.811349868774414	14.617344856262207	
164.7959442138672	203.33273315429688	17.40825080871582	14.669281005859375	
161.23776245117188	211.9785614013672	19.69618797302246	13.840927124023438	
154.10284423828125	216.3755645751953	20.731477737426758	15.2713623046875	
151.1375732421875	222.8936004638672	15.780771255493164	17.916288375854492	
141.31170654296875	229.207275390625	17.454965591430664	16.734472274780273	
137.10714721679688	224.2680206298828	19.50798988342285	15.624147415161133	
135.40664672851562	220.54940795898438	18.506637573242188	15.453859329223633	
130.12588500976562	214.67111206054688	18.743356704711914	14.40485668182373	
127.37435150146484	211.1865692138672	17.613449096679688	13.642544746398926	
120.14863586425781	206.5242919921875	21.357524871826172	15.0122652053833	
121.14453125	200.59046936035156	21.602256774902344	14.412943840026855	
117.61539459228516	195.44337463378906	21.576871871948242	13.771753311157227	
115.66259765625	190.769287109375	20.466999053955078	13.814035415649414	
116.09492492675781	188.28672790527344	20.248680114746094	13.383390426635742	
117.67280578613281	184.02957153320312	18.419763565063477	12.588272094726562	
119.16090393066406	179.5765380859375	19.343292236328125	12.763530731201172	
120.29878997802734	176.9637908935547	19.328432083129883	12.809161186218262	
123.8803482055664	174.52049255371094	17.229333877563477	16.152494430541992	
126.55891418457031	171.6409454345703	17.786483764648438	16.674821853637695	
121.25862121582031	173.2759552001953	24.580894470214844	13.515339851379395	
122.5854721069336	177.0591278076172	23.753921508789062	12.63275146484375	
124.03055572509766	182.09860229492188	20.688819885253906	13.162454605102539	
124.9163589477539	185.74029541015625	20.652050018310547	12.946368217468262	
123.82176208496094	193.47023010253906	22.75687026977539	13.5167818069458	
122.88694763183594	202.71072387695312	25.159292221069336	13.101617813110352	
123.69400787353516	209.9291229248047	23.068675994873047	12.481550216674805	
125.38130950927734	219.4639129638672	21.81498908996582	12.978632926940918	
124.5513687133789	228.900634765625	22.807971954345703	15.318048477172852	
124.7490005493164	225.77383422851562	20.457149505615234	15.946253776550293	
125.14569091796875	216.3961639404297	20.40579605102539	15.4347562789917	
125.12664794921875	207.6956787109375	21.45450782775879	15.356701850891113	
123.30255126953125	201.37527465820312	22.02982521057129	15.953639030456543	
122.6336898803711	195.63929748535156	24.48110008239746	16.069515228271484	
124.3801040649414	189.33656311035156	23.066431045532227	14.405820846557617	
124.62919616699219	185.742431640625	21.943593978881836	13.771406173706055	
125.4772720336914	181.41018676757812	21.083057403564453	13.371269226074219	
125.37762451171875	178.02088928222656	23.018396377563477	13.266824722290039	
124.21458435058594	176.37193298339844	23.245121002197266	13.362298965454102	
122.9449234008789	175.1134033203125	24.002811431884766	12.979263305664062	
124.24322509765625	174.82156372070312	21.909690856933594	13.319462776184082	
123.69149017333984	175.9669952392578	22.626049041748047	13.335107803344727	
126.10884094238281	177.49359130859375	21.4019718170166	14.008867263793945	
126.43450927734375	181.54714965820312	18.939254760742188	14.482612609863281	
127.44844818115234	184.30262756347656	18.638080596923828	15.432249069213867	
128.23114013671875	191.67257690429688	19.585363388061523	14.885725021362305	
130.3318634033203	200.1412811279297	20.559431076049805	15.342440605163574	
132.49560546875	207.06057739257812	19.59541893005371	15.527521133422852	
134.32296752929688	217.66641235351562	20.20496940612793	14.333643913269043	
139.350830078125	226.6831817626953	20.093732833862305	15.074087142944336	
143.7097930908203	223.2432098388672	16.844974517822266	16.285614013671875	
145.94451904296875	214.2197723388672	19.191478729248047	15.440679550170898	
151.7113800048828	208.9239959716797	16.026010513305664	15.024375915527344	
151.6717987060547	201.7054443359375	21.628089904785156	14.14592456817627	
154.78956604003906	195.50169372558594	21.273025512695312	13.497941970825195	
159.44723510742188	188.7046356201172	17.54357147216797	14.259420394897461	
161.36770629882812	184.86570739746094	17.66913414001465	12.861108779907227	
164.93309020996094	180.67092895507812	17.70444679260254	13.313325881958008	
165.07876586914062	176.08493041992188	18.849153518676758	13.92902660369873	
165.41552734375	172.92776489257812	18.980451583862305	14.159601211547852	
166.49391174316406	171.0609130859375	19.77621078491211	14.873333930969238	
166.8809356689453	169.83071899414062	19.367467880249023	14.24500846862793	
166.07894897460938	169.3745880126953	19.749374389648438	13.521453857421875	
164.6501922607422	169.65835571289062	18.14652442932129	13.7379789352417	
162.7033233642578	170.75762939453125	17.596155166625977	14.369302749633789	
161.01235961914062	173.79061889648438	16.520111083984375	13.776402473449707	
164.4803466796875	177.79226684570312	15.554547309875488	14.582380294799805	
164.79660034179688	176.6376953125	15.017021179199219	14.078451156616211	
165.05030822753906	176.83123779296875	14.68432331085205	13.766546249389648	
165.44190979003906	178.58499145507812	14.509370803833008	13.602526664733887	
165.5219268798828	179.69789123535156	14.115867614746094	13.233617782592773	
168.3132781982422	178.16790771484375	13.912939071655273	13.043373107910156	
168.0059356689453	180.14291381835938	14.070348739624023	13.190945625305176	
169.0143280029297	180.8546142578125	14.239825248718262	13.349830627441406	
165.7379913330078	181.0679931640625	13.751480102539062	12.892007827758789	
164.42005920410156	181.032470703125	13.921571731567383	13.051467895507812	
163.13336181640625	177.4973602294922	13.517231941223145	12.672399520874023	
161.47967529296875	175.46347045898438	14.683731079101562	13.038949966430664	
161.29367065429688	177.3814697265625	13.406274795532227	12.568378448486328	
160.365966796875	177.89938354492188	13.376153945922852	12.540138244628906	
158.85850524902344	178.28172302246094	13.624204635620117	12.772685050964355	
157.57553100585938	178.40457153320312	13.412381172180176	12.574100494384766	
157.632080078125	177.865234375	13.68206787109375	12.826931953430176	
157.06430053710938	178.8412322998047	13.0797700881958	12.262277603149414	
155.12152099609375	177.06964111328125	13.495684623718262	12.65219783782959	
155.7632598876953	178.0859375	13.72801685333252	12.87000846862793	
148.67857360839844	176.6492156982422	14.032132148742676	13.155116081237793	
139.20529174804688	177.71267700195312	14.66392707824707	13.747424125671387	
135.16555786132812	171.6143798828125	15.472407341003418	14.505375862121582	
113.99369812011719	156.11190795898438	16.397104263305664	14.43628978729248	
112.7484130859375	157.06529235839844	17.18500328063965	13.704325675964355	
113.177734375	158.1662139892578	17.40348243713379	13.407720565795898	
113.5936279296875	158.61636352539062	17.781063079833984	13.320068359375	
114.22602844238281	159.4921875	18.1596736907959	13.250826835632324	
114.69502258300781	160.0721435546875	19.035968780517578	12.939974784851074	
115.27335357666016	160.4176025390625	19.091510772705078	13.209527969360352	
117.80955505371094	160.84219360351562	17.507488250732422	13.508628845214844	
119.60417175292969	160.70925903320312	17.49349594116211	13.218914985656738	
120.22503662109375	160.3427276611328	17.590993881225586	13.576571464538574	
122.68089294433594	160.73995971679688	16.77214241027832	14.201237678527832	
125.33687591552734	160.70339965820312	16.733722686767578	14.096725463867188	
129.56053161621094	162.56747436523438	13.467824935913086	12.626081466674805	
128.3854217529297	160.74493408203125	16.073959350585938	14.694023132324219	
129.26416015625	160.043212890625	16.475040435791016	15.799860000610352	
130.12704467773438	161.04568481445312	16.577280044555664	15.626287460327148	
133.60610961914062	164.32421875	13.640629768371582	12.788084983825684	
131.46322631835938	162.53890991210938	16.12343978881836	15.962846755981445	
132.82656860351562	162.89401245117188	15.25585651397705	15.596714973449707	
133.4219207763672	163.62197875976562	15.763323783874512	15.369781494140625	
136.3628692626953	165.57455444335938	13.441859245300293	12.601736068725586	
135.07644653320312	163.01144409179688	15.87578296661377	16.042837142944336	
135.99758911132812	162.57907104492188	16.44264030456543	15.500869750976562	
136.546630859375	161.3854217529297	17.002676010131836	15.682316780090332	
137.4849853515625	160.4254150390625	16.891904830932617	15.053262710571289	
137.86294555664062	158.7217559814453	17.141857147216797	14.515676498413086	
138.39950561523438	157.99746704101562	16.262540817260742	14.297813415527344	
137.41860961914062	156.99942016601562	16.974950790405273	14.308149337768555	
136.48898315429688	156.8387451171875	17.710765838623047	14.200886726379395	
136.5901336669922	158.13851928710938	16.832853317260742	14.344182968139648	
135.3020782470703	158.71986389160156	17.358205795288086	14.592704772949219	
132.9073028564453	159.72607421875	18.185089111328125	15.048898696899414	
131.2786102294922	161.18142700195312	17.76297950744629	15.372434616088867	
129.76605224609375	162.21188354492188	17.846923828125	15.790573120117188	
128.1748504638672	161.31484985351562	17.60177993774414	16.104578018188477	
127.0176773071289	161.0555877685547	18.235858917236328	15.9313325881958	
126.32099914550781	159.6183624267578	19.271045684814453	15.814096450805664	
126.52165222167969	159.12437438964844	19.195819854736328	14.392107963562012	
126.02723693847656	158.87254333496094	18.99660873413086	13.837458610534668	
128.4283905029297	158.80783081054688	15.164678573608398	14.216878890991211	
124.7169189453125	158.4261016845703	20.167224884033203	13.8760404586792	
124.77873229980469	158.46728515625	20.281633377075195	13.833831787109375	
124.7293701171875	158.07284545898438	20.178354263305664	14.405741691589355	
126.07313537597656	158.8596649169922	18.376665115356445	15.633331298828125	
126.88188171386719	158.8345947265625	18.097530364990234	15.90473461151123	
127.29740905761719	158.87246704101562	17.803943634033203	15.618982315063477	
127.81632232666016	159.26219177246094	18.27395248413086	15.87968635559082	
128.8433837890625	159.69546508789062	18.172592163085938	15.684094429016113	
130.04095458984375	160.06466674804688	17.97525405883789	15.722127914428711	
130.96890258789062	159.89102172851562	18.496164321899414	15.853930473327637	
133.607666015625	160.8616485595703	17.481224060058594	15.823701858520508	
135.23226928710938	160.64236450195312	17.583236694335938	16.163414001464844	
136.8582000732422	160.8372344970703	17.5225772857666	15.846364974975586	
137.77053833007812	160.81695556640625	17.17881965637207	16.613101959228516	
138.525146484375	161.1921844482422	16.69655418395996	16.052078247070312	
138.70046997070312	161.6433563232422	16.828258514404297	16.11837387084961	
138.29940795898438	163.3507537841797	16.574251174926758	15.997819900512695	
137.1858673095703	164.4262237548828	16.477779388427734	16.58840560913086	
136.0301513671875	165.62197875976562	16.168270111083984	16.463088989257812	
134.8665771484375	166.19085693359375	16.450071334838867	15.699450492858887	
133.09872436523438	165.18344116210938	17.288549423217773	16.24688720703125	
131.87550354003906	162.86082458496094	17.572982788085938	16.520145416259766	
130.74522399902344	160.88485717773438	17.859296798706055	17.317052841186523	
130.0069122314453	159.25051879882812	17.383808135986328	15.647863388061523	
130.10694885253906	156.60244750976562	17.165847778320312	14.684072494506836	
129.30685424804688	153.87026977539062	16.974933624267578	14.903630256652832	
128.52120971679688	152.3719482421875	16.416357040405273	14.735055923461914	
127.85264587402344	151.10482788085938	17.178281784057617	13.285415649414062	
126.57109069824219	148.76136779785156	16.950401306152344	14.661967277526855	
126.29804992675781	146.9192657470703	17.333118438720703	14.121706008911133	
128.89187622070312	147.07919311523438	14.447314262390137	13.544354438781738	
124.88819885253906	145.43405151367188	16.04135513305664	14.87016773223877	
124.19612121582031	145.494140625	16.497106552124023	14.204754829406738	
123.61385345458984	144.9244842529297	16.24052619934082	14.237258911132812	
123.39971923828125	144.6959686279297	15.945856094360352	14.755294799804688	
123.39656066894531	144.390869140625	16.098026275634766	14.580606460571289	
124.06695556640625	144.1998748779297	16.72739028930664	15.020800590515137	
124.91191101074219	144.3208770751953	16.512487411499023	14.774961471557617	
126.45198059082031	144.54660034179688	16.77719497680664	14.346471786499023	
127.8404769897461	145.2941436767578	16.81101417541504	14.606084823608398	
129.60858154296875	145.89456176757812	17.592384338378906	14.466142654418945	
132.77699279785156	146.20716857910156	17.035175323486328	14.5252046585083	
133.88894653320312	146.1610565185547	18.526988983154297	14.717358589172363	
137.00283813476562	146.51455688476562	18.014812469482422	14.239781379699707	
138.98544311523438	145.81785583496094	18.751726150512695	14.670392036437988	
141.5280303955078	145.69534301757812	18.400476455688477	13.42755126953125	
143.88345336914062	144.17030334472656	18.599468231201172	13.204629898071289	
145.32656860351562	142.18487548828125	17.314733505249023	14.16063404083252	
144.86517333984375	139.76414489746094	17.32996940612793	14.478078842163086	
144.9461669921875	138.37074279785156	16.9455623626709	14.199607849121094	
144.01022338867188	137.12686157226562	17.482105255126953	14.190557479858398	
143.14454650878906	137.5221405029297	17.689556121826172	14.018815994262695	
141.4982452392578	138.9451904296875	18.02231216430664	14.79589557647705	
139.28167724609375	141.46676635742188	17.084312438964844	14.479418754577637	
135.17105102539062	143.4992218017578	17.41880226135254	14.246421813964844	
134.82357788085938	144.17176818847656	14.903346061706543	13.971887588500977	
129.093505859375	143.09278869628906	16.831485748291016	15.136474609375	
126.38212585449219	142.21463012695312	17.10335922241211	15.273097038269043	
124.73087310791016	141.93032836914062	16.563678741455078	14.94001293182373	
122.65119934082031	141.22421264648438	17.858234405517578	14.224919319152832	
121.56233978271484	140.55441284179688	17.70244789123535	14.31396770477295	
121.03045654296875	139.85658264160156	17.459692001342773	13.190851211547852	
119.6592025756836	138.78236389160156	17.396018981933594	14.323301315307617	
121.18586730957031	138.1253204345703	15.943730354309082	14.947247505187988	
118.59432220458984	137.21206665039062	18.244548797607422	13.634686470031738	
117.54026794433594	136.07113647460938	17.80433464050293	13.899297714233398	
118.54718017578125	136.07406616210938	17.48247718811035	13.12401294708252	
117.9222183227539	136.28530883789062	17.728939056396484	13.874717712402344	
117.90986633300781	137.48651123046875	16.743078231811523	14.016438484191895	
118.34477233886719	139.09295654296875	17.08461570739746	15.152555465698242	
117.74928283691406	139.931640625	17.06716537475586	16.39337730407715	
116.50984191894531	140.10108947753906	17.779272079467773	16.326107025146484	
115.374267578125	140.17608642578125	17.742101669311523	16.816984176635742	
115.23089599609375	140.1924285888672	16.87021255493164	16.161762237548828	
114.91697692871094	140.1135711669922	16.631078720092773	15.645193099975586	
114.66373443603516	139.34014892578125	17.067840576171875	15.715757369995117	
114.21125793457031	138.76559448242188	16.9503173828125	15.445704460144043	
113.52021789550781	138.14212036132812	17.202228546142578	15.322700500488281	
113.27104187011719	137.94287109375	17.069917678833008	14.906461715698242	
112.73127746582031	139.03929138183594	16.80215072631836	15.240269660949707	
112.78913879394531	140.43887329101562	16.339107513427734	15.611425399780273	
111.88407135009766	141.9540557861328	16.15593719482422	15.658742904663086	
112.2836685180664	143.08322143554688	15.803396224975586	16.511890411376953	
112.3289566040039	144.78152465820312	15.349906921386719	16.989347457885742	
112.37336730957031	147.87112426757812	14.863153457641602	15.013280868530273	
111.21806335449219	149.21302795410156	15.72789192199707	14.696650505065918	
110.95649719238281	150.33163452148438	15.812536239624023	14.7113618850708	
111.47708892822266	151.13336181640625	15.266733169555664	15.060796737670898	
111.47627258300781	152.1119842529297	15.430578231811523	14.025697708129883	
111.29476165771484	153.39895629882812	15.765162467956543	13.886167526245117	
111.66197204589844	154.5867919921875	15.887835502624512	13.88966178894043	
111.65412902832031	155.8485870361328	16.270099639892578	13.696832656860352	
112.32418060302734	157.6792755126953	16.64645004272461	13.068550109863281	
112.9719467163086	158.48538208007812	16.65786361694336	12.88025188446045	
114.36369323730469	158.93161010742188	16.74674415588379	11.958511352539062	
115.6286392211914	158.4595184326172	16.469913482666016	12.536581039428711	
117.21705627441406	157.49935913085938	17.19025421142578	12.717510223388672	
119.14988708496094	157.39459228515625	16.775470733642578	13.002805709838867	
121.41889953613281	156.8153839111328	16.630023956298828	13.215932846069336	
123.98583984375	157.3583221435547	15.069244384765625	13.378039360046387	
125.66554260253906	157.7217254638672	14.939984321594238	13.15038776397705	
127.33341979980469	157.32284545898438	14.50196647644043	13.585172653198242	
128.6579132080078	156.2979736328125	15.325645446777344	13.772895812988281	
130.04873657226562	155.8866729736328	15.616434097290039	13.655314445495605	
131.19857788085938	155.4580078125	16.1882381439209	13.387593269348145	
132.20803833007812	154.84091186523438	16.555038452148438	12.974032402038574	
133.34910583496094	154.82681274414062	16.649913787841797	12.883127212524414	
134.80482482910156	155.3466339111328	15.7596435546875	13.143155097961426	
136.03762817382812	155.23141479492188	15.651565551757812	13.174703598022461	
136.3843994140625	154.2349853515625	16.57689094543457	12.688211441040039	
136.9824676513672	153.2035675048828	16.669261932373047	12.554044723510742	
137.81954956054688	152.4565887451172	17.030372619628906	13.223608016967773	
139.31356811523438	151.31863403320312	16.301427841186523	12.899645805358887	
140.25631713867188	150.07196044921875	16.515932083129883	12.904298782348633	
141.1941680908203	149.0045928955078	16.400800704956055	12.693571090698242	
141.97348022460938	149.12130737304688	16.045629501342773	13.021100044250488	
141.27340698242188	149.267822265625	16.299291610717773	12.776466369628906	
139.459228515625	149.63046264648438	16.389816284179688	12.783254623413086	
136.57981872558594	149.98019409179688	17.122413635253906	13.03625774383545	
133.29342651367188	150.04388427734375	17.3267879486084	13.324315071105957	
130.82583618164062	150.8354034423828	16.352754592895508	13.452081680297852	
128.73922729492188	151.35430908203125	15.221391677856445	12.863069534301758	
124.93925476074219	151.750732421875	15.736017227172852	13.202171325683594	
122.18067932128906	152.18995666503906	15.983856201171875	13.096792221069336	
120.0302734375	152.48580932617188	15.78443717956543	12.669264793395996	
118.49637603759766	152.3000030517578	15.281652450561523	12.828509330749512	
116.25016784667969	151.2190704345703	15.789668083190918	12.772055625915527	
115.04473876953125	150.06126403808594	14.965286254882812	13.621561050415039	
114.16597747802734	148.9720001220703	14.692678451538086	13.602958679199219	
113.19560241699219	148.49844360351562	14.732220649719238	13.791036605834961	
112.35367584228516	147.91635131835938	14.988367080688477	13.76519775390625	
112.26470947265625	148.16592407226562	14.61634349822998	13.233003616333008	
111.27632904052734	148.39503479003906	14.634271621704102	13.178886413574219	
110.4892578125	148.71145629882812	14.205526351928711	13.096639633178711	
109.24568176269531	148.68658447265625	15.026983261108398	12.773599624633789	
108.780029296875	148.37533569335938	14.769140243530273	12.476941108703613	
108.11643981933594	147.95654296875	14.371210098266602	12.953689575195312	
107.37247467041016	146.28176879882812	14.907313346862793	13.470614433288574	
107.07572937011719	145.06393432617188	14.891963005065918	13.563018798828125	
106.8572006225586	144.1993865966797	14.635026931762695	13.208219528198242	
106.77943420410156	143.63734436035156	15.327890396118164	12.134305953979492	
107.07096862792969	143.10435485839844	15.252883911132812	12.266351699829102	
107.38560485839844	142.67568969726562	15.214714050292969	12.393671035766602	
108.04935455322266	142.42156982421875	14.929774284362793	12.95332145690918	
108.24690246582031	142.44290161132812	14.980047225952148	13.346705436706543	
109.1934814453125	142.8568878173828	14.203413009643555	13.99744987487793	
109.12664794921875	143.6618194580078	13.567540168762207	14.853691101074219	
109.57869720458984	144.40586853027344	13.395835876464844	15.054792404174805	
110.47369384765625	144.91470336914062	13.12134838104248	14.996606826782227	
110.93045806884766	145.35275268554688	12.988214492797852	15.2978515625	
112.12454986572266	146.0404510498047	12.65815258026123	15.02111530303955	
112.20796203613281	148.657470703125	13.16582202911377	13.703607559204102	
113.00154113769531	150.1705322265625	13.226274490356445	13.016302108764648	
114.3423080444336	151.1768035888672	13.118291854858398	13.305351257324219	
115.6474838256836	152.59292602539062	13.348444938659668	12.853899002075195	
117.38117980957031	154.0093994140625	13.882156372070312	11.564512252807617	
118.99534606933594	154.89639282226562	13.936375617980957	11.84541130065918	
120.59733581542969	155.11318969726562	14.629941940307617	11.852166175842285	
122.63832092285156	155.7823028564453	14.52949047088623	12.079548835754395	
124.21134185791016	156.2537078857422	15.180292129516602	11.962898254394531	
126.59858703613281	157.2942657470703	14.249917984008789	11.96972370147705	
128.1835479736328	158.07504272460938	14.292915344238281	12.37700366973877	
128.86865234375	158.2423095703125	15.409261703491211	12.750616073608398	
129.70529174804688	159.21072387695312	15.441125869750977	12.645440101623535	
130.413330078125	159.71456909179688	14.77369499206543	13.410987854003906	
130.29367065429688	159.9275360107422	14.685946464538574	13.846796035766602	
130.46888732910156	160.1995086669922	14.43549919128418	14.286195755004883	
130.17996215820312	160.26910400390625	14.372088432312012	14.598474502563477	
129.70016479492188	159.2120361328125	14.882046699523926	15.558309555053711	
129.68405151367188	160.04437255859375	14.725361824035645	15.256921768188477	
129.49974060058594	160.40707397460938	14.577203750610352	15.047099113464355	
129.3647918701172	160.5876007080078	14.634181022644043	14.849489212036133	
129.73822021484375	161.03646850585938	14.470611572265625	14.937347412109375	
129.87136840820312	161.1217498779297	14.499873161315918	15.087811470031738	
130.2450408935547	161.53794860839844	14.13121509552002	15.206489562988281	
130.965087890625	161.86776733398438	14.324983596801758	15.082280158996582	
132.1186065673828	161.4884490966797	14.57411003112793	15.388875007629395	
133.69735717773438	162.16151428222656	14.588412284851074	14.665956497192383	
135.47189331054688	162.64199829101562	14.085774421691895	14.456289291381836	
136.34767150878906	162.222900390625	14.564767837524414	14.608182907104492	
136.66383361816406	162.90902709960938	14.527234077453613	14.712270736694336	
136.39596557617188	162.2444610595703	15.328214645385742	14.807568550109863	
136.5194854736328	163.22889709472656	14.154536247253418	14.140983581542969	
136.293701171875	164.03512573242188	13.75102424621582	14.060735702514648	
135.475830078125	164.23001098632812	13.64021110534668	14.345230102539062	
134.6923828125	165.36322021484375	13.654741287231445	13.6915864944458	
133.49998474121094	165.87486267089844	14.000265121459961	13.745305061340332	
132.13478088378906	166.25686645507812	14.31531810760498	13.735217094421387	
131.3851776123047	165.74539184570312	14.707763671875	13.803608894348145	
130.58642578125	165.66455078125	14.821823120117188	14.311993598937988	
130.11927795410156	165.28292846679688	15.039889335632324	13.905477523803711	
130.03099060058594	164.50442504882812	15.032989501953125	13.694137573242188	
129.43093872070312	162.90362548828125	15.865669250488281	14.362516403198242	
129.8578338623047	162.75006103515625	15.200777053833008	14.572969436645508	
132.78231811523438	162.49050903320312	13.520596504211426	12.675557136535645	
128.96981811523438	159.0156707763672	17.0119686126709	14.6823091506958	
128.4970245361328	157.99667358398438	17.484760284423828	14.00762939453125	
128.5852813720703	155.88970947265625	18.133935928344727	13.952211380004883	
128.7206573486328	154.156494140625	18.473506927490234	14.572718620300293	
129.38241577148438	153.62326049804688	17.847949981689453	13.916386604309082	
130.26309204101562	152.80859375	16.79802894592285	14.156170845031738	
130.30368041992188	152.2398681640625	16.994321823120117	14.544946670532227	
130.82083129882812	152.34591674804688	16.575733184814453	14.337991714477539	
131.07479858398438	152.0870361328125	16.71550178527832	14.054415702819824	
131.58218383789062	152.30296325683594	16.55014419555664	13.890235900878906	
132.37210083007812	152.50222778320312	16.677242279052734	13.743825912475586	
132.77243041992188	152.43658447265625	16.821691513061523	13.87879753112793	
133.49085998535156	152.70350646972656	17.31343650817871	13.474726676940918	
135.25694274902344	154.2203369140625	16.295352935791016	12.432978630065918	
135.4840545654297	154.1883544921875	16.31900405883789	12.949175834655762	
136.57498168945312	154.4955291748047	16.632469177246094	12.775063514709473	
137.5209503173828	154.9898681640625	16.410335540771484	12.361729621887207	
137.95816040039062	155.01116943359375	16.520748138427734	12.808671951293945	
138.55780029296875	155.3765106201172	15.89002799987793	12.8873929977417	
138.52069091796875	155.3023681640625	16.001684188842773	13.038248062133789	
138.433837890625	155.27041625976562	16.439830780029297	13.091382026672363	
138.25892639160156	157.14590454101562	15.65513801574707	13.150980949401855	
137.129638671875	157.54837036132812	16.32322883605957	12.919210433959961	
136.47378540039062	158.46807861328125	15.948951721191406	12.742560386657715	
135.7738494873047	158.7906951904297	15.48272705078125	12.908933639526367	
134.59860229492188	157.9801025390625	16.018346786499023	13.684446334838867	
134.3861083984375	157.71829223632812	15.88670825958252	14.049833297729492	
134.39901733398438	157.44699096679688	16.072689056396484	13.55792236328125	
134.07066345214844	156.74876403808594	16.483919143676758	14.069618225097656	
134.42013549804688	156.92330932617188	16.33980941772461	13.721723556518555	
135.1739044189453	157.18516540527344	16.229137420654297	13.9779634475708	
136.25839233398438	157.69174194335938	15.939862251281738	13.782055854797363	
137.6712646484375	158.180419921875	16.075241088867188	13.378886222839355	
139.2502899169922	158.12442016601562	16.50516700744629	13.251294136047363	
141.71160888671875	158.4882354736328	17.04940414428711	13.332499504089355	
145.09963989257812	158.83880615234375	17.508609771728516	13.260963439941406	
148.81802368164062	158.6462860107422	17.366369247436523	13.574938774108887	
153.28216552734375	158.59246826171875	17.461591720581055	13.937088012695312	
156.1023712158203	158.00584411621094	18.13259506225586	14.989758491516113	
159.27072143554688	158.05426025390625	18.334383010864258	15.038772583007812	
161.3727569580078	158.90696716308594	17.771320343017578	14.631108283996582	
162.8512725830078	159.38751220703125	17.48086929321289	14.663676261901855	
163.50491333007812	159.7853546142578	17.626033782958984	14.212420463562012	
163.7352294921875	160.14649963378906	17.881174087524414	14.496685981750488	
163.90463256835938	161.26370239257812	18.483020782470703	15.254656791687012	
164.58761596679688	163.1824493408203	19.705081939697266	15.528759956359863	
166.3936004638672	166.2877655029297	18.80668067932129	14.807098388671875	
169.95458984375	167.8433380126953	19.058650970458984	15.303746223449707	
174.7804718017578	168.7864990234375	18.346616744995117	15.325108528137207	
182.0052490234375	170.26425170898438	14.870997428894043	13.941561698913574	
184.53890991210938	170.7469024658203	16.813507080078125	14.083416938781738	
189.70375061035156	171.70657348632812	14.151817321777344	13.26733112335205	
190.51800537109375	169.96804809570312	14.22589111328125	14.679460525512695	
192.37234497070312	172.13858032226562	13.45367431640625	14.273043632507324	
194.13333129882812	172.948974609375	12.750042915344238	11.953166961669922	
193.7926788330078	173.72763061523438	14.191047668457031	12.376859664916992	
195.1550750732422	174.3013458251953	11.835835456848145	11.096097946166992	
194.82098388671875	173.96920776367188	11.418228149414062	10.704591751098633	
192.34060668945312	171.11618041992188	12.285125732421875	11.336801528930664	
192.8758544921875	171.04074096679688	11.633554458618164	10.906457901000977	
193.5331573486328	168.814697265625	11.597821235656738	10.872957229614258	
196.00662231445312	167.47970581054688	11.424158096313477	10.710149765014648	
197.1676788330078	161.87095642089844	11.40633487701416	10.693440437316895	
197.13870239257812	159.99252319335938	11.508096694946289	10.788843154907227	
193.50430297851562	161.5343475341797	11.087926864624023	10.394932746887207	
189.20831298828125	171.155029296875	10.953859329223633	10.269245147705078	
193.24981689453125	169.69692993164062	11.31607437133789	10.608820915222168	
191.90164184570312	165.73748779296875	11.322979927062988	10.615294456481934	
192.28370666503906	160.91490173339844	11.322561264038086	10.614901542663574	
186.42840576171875	153.46804809570312	11.351277351379395	10.641822814941406	
185.91351318359375	149.4061279296875	11.78519344329834	11.048619270324707	
185.25328063964844	148.23416137695312	12.416833877563477	11.640782356262207	
184.8465576171875	146.5506134033203	13.022705078125	12.208786964416504	
184.96713256835938	144.84083557128906	13.465276718139648	12.623698234558105	
183.73281860351562	142.9605712890625	17.146860122680664	12.81738567352295	
184.8177947998047	142.5782928466797	17.943639755249023	12.906501770019531	
187.25839233398438	141.9514923095703	16.421035766601562	14.268487930297852	
188.79075622558594	142.80084228515625	15.872476577758789	15.314886093139648	
190.67312622070312	143.7188262939453	14.519731521606445	16.017507553100586	
191.08108520507812	144.0305938720703	14.36027717590332	15.457075119018555	
190.51483154296875	143.19393920898438	14.586259841918945	15.966148376464844	
189.56808471679688	142.81019592285156	14.80787467956543	15.485528945922852	
187.3220672607422	142.95950317382812	15.87292194366455	15.438329696655273	
185.54525756835938	143.02542114257812	16.349205017089844	14.035398483276367	
183.93235778808594	142.94515991210938	17.15134048461914	14.322729110717773	
180.32211303710938	143.72727966308594	17.669477462768555	14.588717460632324	
178.37030029296875	144.55709838867188	17.272354125976562	13.982319831848145	
174.44253540039062	146.02101135253906	17.555524826049805	14.45726490020752	
172.41683959960938	147.0036163330078	17.5102481842041	14.74750804901123	
170.30245971679688	149.50338745117188	16.37563705444336	14.590852737426758	
168.67544555664062	151.99386596679688	15.759004592895508	14.065945625305176	
166.9965362548828	153.54962158203125	14.330350875854492	15.064921379089355	
164.480224609375	155.01913452148438	14.290048599243164	15.203557968139648	
162.27426147460938	155.53836059570312	15.107129096984863	14.758651733398438	
160.91986083984375	156.22547912597656	14.502721786499023	15.000467300415039	
159.038330078125	157.25717163085938	15.055437088012695	14.486343383789062	
157.7564697265625	157.69430541992188	15.246272087097168	14.425727844238281	
156.19039916992188	158.4587860107422	15.213996887207031	14.901100158691406	
155.4257354736328	159.48602294921875	14.586682319641113	14.289454460144043	
153.10263061523438	159.6078643798828	15.743486404418945	15.008646965026855	
151.49754333496094	159.96298217773438	15.537673950195312	15.74389934539795	
150.35177612304688	160.2729034423828	15.42204475402832	15.845128059387207	
149.31907653808594	160.65402221679688	15.228469848632812	15.865351676940918	
148.47671508789062	160.38389587402344	15.194765090942383	15.862205505371094	
147.22042846679688	159.94540405273438	15.749957084655762	15.327670097351074	
145.96585083007812	159.25546264648438	16.25672149658203	15.162457466125488	
145.2615966796875	159.48838806152344	15.741575241088867	14.898098945617676	
144.68316650390625	159.80831909179688	15.421735763549805	15.239375114440918	
143.764892578125	159.94346618652344	15.711277961730957	15.033395767211914	
143.00851440429688	160.6151123046875	15.847112655639648	15.334800720214844	
143.47378540039062	161.730224609375	15.055288314819336	15.206027030944824	
143.1260528564453	162.542724609375	14.934965133666992	15.557729721069336	
142.51992797851562	162.5713653564453	15.153185844421387	15.799009323120117	
142.3041229248047	164.21107482910156	14.932766914367676	14.966386795043945	
141.5376434326172	165.0431671142578	14.752450942993164	15.52015209197998	
140.79620361328125	165.50704956054688	14.525970458984375	15.148962020874023	
140.3701934814453	165.7329864501953	14.306859016418457	15.124444961547852	
139.12481689453125	165.09075927734375	14.682826042175293	15.696126937866211	
138.57241821289062	164.62997436523438	14.669721603393555	15.863163948059082	
137.99124145507812	165.03114318847656	14.446371078491211	15.303570747375488	
137.73001098632812	164.9022216796875	14.490968704223633	15.685598373413086	
137.05352783203125	164.3701171875	15.0573091506958	15.98828411102295	
137.60040283203125	163.982421875	15.083349227905273	16.175350189208984	
137.9906005859375	163.88980102539062	15.270605087280273	15.945528030395508	
138.2062225341797	162.1880340576172	16.043432235717773	16.751205444335938	
138.75521850585938	161.540771484375	15.91668701171875	16.474498748779297	
139.18089294433594	161.1906280517578	16.000049591064453	15.973368644714355	
138.88710021972656	161.0983123779297	15.944307327270508	16.074111938476562	
138.98355102539062	161.53517150878906	15.216621398925781	15.528765678405762	
137.94638061523438	161.41098022460938	15.674661636352539	15.720823287963867	
137.68165588378906	162.3968048095703	14.64820671081543	15.439264297485352	
137.32357788085938	164.21499633789062	13.52076530456543	14.555585861206055	
134.95523071289062	163.58316040039062	14.930659294128418	15.579805374145508	
133.58529663085938	164.21243286132812	14.975056648254395	15.313153266906738	
132.06259155273438	164.11244201660156	15.188888549804688	15.390215873718262	
131.07843017578125	163.37461853027344	15.563074111938477	15.7656888961792	
130.1196746826172	162.73886108398438	15.73414134979248	15.63512897491455	
130.06028747558594	161.9230499267578	15.326062202453613	15.87968635559082	
128.8488006591797	159.74549865722656	16.414775848388672	15.494300842285156	
128.9124755859375	158.0203094482422	16.063674926757812	15.429985046386719	
128.42520141601562	154.1900634765625	16.833974838256836	14.957391738891602	
129.23440551757812	151.78756713867188	16.194137573242188	13.722851753234863	
130.364990234375	150.2112274169922	15.285921096801758	13.313034057617188	
129.99032592773438	148.5423126220703	14.901237487792969	13.921989440917969	
130.61358642578125	147.43223571777344	14.886266708374023	14.675413131713867	
131.2747802734375	146.87081909179688	14.574658393859863	14.143887519836426	
133.94052124023438	145.849609375	13.908414840698242	13.039143562316895	
132.55279541015625	144.48291015625	15.59992504119873	13.698267936706543	
132.66668701171875	143.05380249023438	16.353870391845703	13.839532852172852	
132.87429809570312	141.15939331054688	17.40146827697754	14.385498046875	
134.09246826171875	139.57125854492188	16.751068115234375	14.741853713989258	
133.98995971679688	138.67025756835938	17.260356903076172	13.86347770690918	
134.7408905029297	137.63084411621094	16.89352035522461	13.209371566772461	
135.1815643310547	136.05947875976562	16.77216148376465	14.064697265625	
135.42996215820312	135.6424560546875	16.464862823486328	14.045130729675293	
135.123779296875	136.0184783935547	15.69025993347168	14.590963363647461	
134.90818786621094	135.26519775390625	16.04123878479004	14.136665344238281	
134.84375	135.53294372558594	15.73705768585205	13.321634292602539	
133.6884307861328	135.87008666992188	16.542253494262695	13.424418449401855	
132.90512084960938	135.91122436523438	16.831218719482422	13.850939750671387	
132.84707641601562	136.0692596435547	17.681537628173828	13.939535140991211	
132.724365234375	135.9567108154297	18.30984878540039	14.354029655456543	
132.33872985839844	136.5399169921875	18.439558029174805	14.14921760559082	
132.57785034179688	136.6820526123047	18.752033233642578	13.769584655761719	
132.73411560058594	137.5886688232422	18.711210250854492	13.950111389160156	
133.30821228027344	136.80148315429688	18.935226440429688	14.523205757141113	
133.32086181640625	137.25277709960938	18.620967864990234	15.396031379699707	
133.78787231445312	136.70413208007812	19.39291763305664	15.232434272766113	
134.3951873779297	136.79080200195312	19.235212326049805	15.173677444458008	
135.02243041992188	136.96441650390625	19.192214965820312	15.3971586227417	
135.9169158935547	137.1943359375	19.558094024658203	15.481640815734863	
136.96295166015625	137.60513305664062	19.11050796508789	15.431259155273438	
138.6363067626953	137.5940399169922	18.875720977783203	15.677505493164062	
140.43797302246094	137.4500732421875	18.878416061401367	15.24596881866455	
141.89854431152344	137.91600036621094	18.902393341064453	14.906537055969238	
143.41909790039062	137.59132385253906	19.16153907775879	15.27149772644043	
144.8041534423828	137.94161987304688	18.340618133544922	15.520971298217773	
145.2114715576172	138.6952362060547	18.350879669189453	15.369242668151855	
144.9175262451172	139.4897918701172	17.562942504882812	15.200695991516113	
143.46144104003906	139.9187469482422	17.78213882446289	15.3456392288208	
142.64703369140625	140.98216247558594	15.65021800994873	16.156816482543945	
140.88824462890625	142.14498901367188	14.274225234985352	15.743451118469238	
138.72265625	142.72958374023438	15.298672676086426	15.316137313842773	
135.18081665039062	142.91482543945312	16.42778968811035	14.76759147644043	
133.46212768554688	143.07293701171875	15.388418197631836	15.233489990234375	
131.3750457763672	143.22378540039062	15.168693542480469	14.983759880065918	
128.40682983398438	143.81451416015625	15.292043685913086	15.15044116973877	
126.2028579711914	143.28897094726562	16.19048500061035	15.606654167175293	
124.1447982788086	144.06143188476562	15.583417892456055	15.047688484191895	
124.68183898925781	145.97433471679688	15.344286918640137	14.385269165039062	
120.21561431884766	146.08987426757812	14.936883926391602	14.283559799194336	
117.5250015258789	146.80197143554688	15.558631896972656	14.467265129089355	
115.97526550292969	146.88009643554688	15.30810546875	14.642480850219727	
115.2197265625	147.2258758544922	15.004844665527344	15.02226734161377	
115.14327239990234	147.0385284423828	13.995344161987305	15.528459548950195	
114.76951599121094	148.30958557128906	14.11619758605957	14.378274917602539	
114.5718994140625	148.95474243164062	13.946133613586426	14.124662399291992	
114.18038177490234	148.9315185546875	14.635396957397461	14.28564453125	
114.09427642822266	149.4534912109375	14.998321533203125	14.006172180175781	
115.17765808105469	148.7305908203125	14.655031204223633	14.272809982299805	
115.83247375488281	147.73287963867188	15.739908218383789	14.240376472473145	
118.43766784667969	147.0798797607422	15.775464057922363	14.373669624328613	
121.32369232177734	143.87765502929688	16.746109008789062	13.996485710144043	
123.7031478881836	141.24810791015625	18.23676300048828	15.336023330688477	
126.7247314453125	139.80125427246094	18.584918975830078	15.41217041015625	
130.51756286621094	138.2423858642578	18.603130340576172	15.373476028442383	
134.0295867919922	137.2611541748047	18.033607482910156	15.563593864440918	
137.39837646484375	135.8515625	17.76125717163086	15.66618537902832	
140.1748809814453	135.09043884277344	18.124963760375977	15.785059928894043	
142.92300415039062	135.5269775390625	16.967906951904297	14.322649002075195	
145.4107666015625	135.4080047607422	16.24673080444336	13.988423347473145	
146.86367797851562	134.49710083007812	16.984066009521484	14.273017883300781	
148.61788940429688	134.8804931640625	16.119516372680664	13.307879447937012	
150.32730102539062	135.00216674804688	15.657636642456055	12.90942668914795	
153.5125732421875	135.36895751953125	14.357922554016113	13.460551261901855	
153.21463012695312	135.0425567626953	15.442042350769043	13.93011474609375	
154.19143676757812	134.71914672851562	15.924270629882812	12.985095024108887	
155.0098419189453	135.0544891357422	15.311258316040039	12.657724380493164	
155.7362823486328	135.0633087158203	14.36711311340332	12.616029739379883	
156.29696655273438	134.9966583251953	14.456457138061523	12.298272132873535	
156.5858612060547	135.22561645507812	14.846364974975586	12.63496208190918	
156.9276123046875	134.8495330810547	14.608891487121582	12.924649238586426	
156.5917510986328	135.12124633789062	14.846989631652832	13.538818359375	
156.62808227539062	134.8065948486328	14.766189575195312	13.392221450805664	
156.9042205810547	134.6877899169922	14.828887939453125	13.594484329223633	
157.3489227294922	134.58148193359375	14.687344551086426	13.237594604492188	
158.10037231445312	134.57485961914062	14.091302871704102	12.888737678527832	
159.77957153320312	135.7938232421875	14.500686645507812	13.594386100769043	
159.89877319335938	134.5878143310547	14.09778118133545	12.943707466125488	
160.51632690429688	134.13485717773438	14.258766174316406	12.519172668457031	
160.99472045898438	134.5041961669922	14.001208305358887	13.12309455871582	
162.42739868164062	134.76412963867188	13.695440292358398	12.227673530578613	
162.95616149902344	135.22830200195312	14.125083923339844	12.232714653015137	
163.85104370117188	135.5568389892578	14.792638778686523	11.351706504821777	
166.10952758789062	135.9582977294922	14.679476737976074	11.073224067687988	
166.8434295654297	136.25399780273438	16.160057067871094	11.81790828704834	
169.41702270507812	136.64382934570312	15.58497428894043	11.157356262207031	
171.2981414794922	136.7033233642578	14.491620063781738	11.9187593460083	
171.64599609375	136.28123474121094	14.877197265625	12.084222793579102	
170.9585723876953	135.8312225341797	15.103487968444824	11.89610481262207	
169.83290100097656	135.57522583007812	14.811681747436523	13.1353120803833	
167.64633178710938	136.27859497070312	15.849813461303711	12.311779975891113	
164.8507843017578	136.94459533691406	15.869178771972656	12.742807388305664	
162.65577697753906	137.38705444335938	15.828938484191895	12.228760719299316	
160.80142211914062	137.69418334960938	16.012378692626953	12.45399284362793	
158.66819763183594	138.74844360351562	16.17754554748535	12.28526782989502	
156.62767028808594	138.950439453125	15.904296875	12.843999862670898	
154.2567138671875	139.9273223876953	15.643722534179688	12.59642505645752	
149.63067626953125	140.44583129882812	17.588993072509766	13.516616821289062	
146.16908264160156	142.1520233154297	18.265527725219727	13.338726997375488	
140.83285522460938	144.32412719726562	18.290788650512695	13.48266887664795	
135.84266662597656	146.01722717285156	18.564586639404297	14.438377380371094	
131.80300903320312	148.93296813964844	17.99722671508789	14.327776908874512	
127.0596694946289	152.61741638183594	17.869953155517578	13.847638130187988	
121.23188781738281	156.1614990234375	19.506704330444336	14.083623886108398	
121.24113464355469	159.604736328125	16.87307357788086	15.818499565124512	
114.20597076416016	159.9833526611328	19.532941818237305	13.198765754699707	
111.93852233886719	159.7938232421875	18.894107818603516	12.772581100463867	
111.19285583496094	157.98248291015625	17.823375701904297	12.6228609085083	
111.57185363769531	154.6421661376953	15.297330856323242	13.77593994140625	
111.8729019165039	151.66050720214844	14.888999938964844	13.81373119354248	
113.91927337646484	148.04177856445312	13.566058158874512	13.630212783813477	
114.37193298339844	143.82919311523438	13.439613342285156	15.613626480102539	
114.87437438964844	142.52305603027344	14.566774368286133	15.8159818649292	
116.26704406738281	140.9905548095703	15.401605606079102	16.015277862548828	
118.79103088378906	139.63226318359375	16.874256134033203	14.196439743041992	
121.95219421386719	137.80099487304688	16.757919311523438	12.827264785766602	
124.77940368652344	135.3708953857422	16.29648780822754	13.9654541015625	
127.00758361816406	134.23074340820312	17.098234176635742	14.025665283203125	
130.59190368652344	132.92001342773438	16.64093589782715	13.769719123840332	
133.2176055908203	132.16397094726562	16.753808975219727	14.074061393737793	
136.09579467773438	131.7951202392578	18.035064697265625	14.975537300109863	
138.72532653808594	132.67555236816406	16.590091705322266	13.574422836303711	
140.76156616210938	133.5217742919922	16.26118278503418	14.704179763793945	
141.70230102539062	132.8818359375	17.216854095458984	14.2599458694458	
143.20440673828125	131.98568725585938	17.06484603881836	13.88880729675293	
143.9449462890625	130.26219177246094	17.206613540649414	13.958440780639648	
144.5540008544922	130.2724151611328	17.668895721435547	13.68065071105957	
144.76010131835938	129.5958251953125	16.591976165771484	13.90185546875	
145.19076538085938	129.43203735351562	16.9963436126709	13.445361137390137	
146.9723358154297	130.4519805908203	15.7347993850708	12.827435493469238	
147.45474243164062	130.65089416503906	16.437259674072266	13.15937328338623	
148.68624877929688	130.422119140625	16.64373207092285	13.046104431152344	
149.96856689453125	131.6097412109375	16.189115524291992	12.996912002563477	
151.5057830810547	131.94760131835938	16.078298568725586	12.19762897491455	
152.86691284179688	131.32745361328125	16.503253936767578	12.37980842590332	
154.76766967773438	130.7025146484375	17.109027862548828	12.507792472839355	
157.48403930664062	130.3670654296875	15.880815505981445	11.215715408325195	
158.90379333496094	129.5825958251953	15.34429931640625	11.88770866394043	
160.199951171875	129.4982452392578	14.964902877807617	12.44800853729248	
161.89952087402344	128.90628051757812	14.689485549926758	13.623026847839355	
163.14125061035156	129.13479614257812	14.939066886901855	13.157361030578613	
163.73379516601562	129.5312957763672	15.625285148620605	12.709124565124512	
165.09097290039062	128.71713256835938	15.43604564666748	13.664525032043457	
165.9590301513672	128.850341796875	16.161014556884766	13.012773513793945	
167.35647583007812	129.1791229248047	17.376510620117188	12.969683647155762	
170.3328857421875	129.78285217285156	17.0255126953125	14.33061695098877	
172.31121826171875	129.7431640625	19.105993270874023	14.85472297668457	
174.36715698242188	131.04971313476562	18.755977630615234	14.831457138061523	
176.73548889160156	131.31680297851562	19.272579193115234	14.884252548217773	
178.33511352539062	131.0024871826172	19.961200714111328	15.187044143676758	
180.6871337890625	130.4069061279297	19.359210968017578	15.37377643585205	
182.0916290283203	129.65533447265625	19.192785263061523	15.673063278198242	
182.8975067138672	129.69436645507812	19.76816749572754	15.69725513458252	
184.79800415039062	129.520751953125	18.90240478515625	16.11403465270996	
185.01467895507812	130.3201904296875	18.903593063354492	16.57489585876465	
187.6071319580078	131.3816375732422	18.017690658569336	16.296226501464844	
188.6817169189453	132.08782958984375	17.748855590820312	16.810983657836914	
189.16806030273438	132.22531127929688	18.050277709960938	17.045011520385742	
190.114990234375	131.6844940185547	18.118879318237305	16.714969635009766	
191.2991943359375	131.2372589111328	17.39837646484375	16.19320297241211	
191.19296264648438	131.57028198242188	17.023963928222656	16.439441680908203	
190.1771240234375	131.41786193847656	16.28717041015625	15.435551643371582	
190.11953735351562	131.7535400390625	16.194616317749023	14.777097702026367	
189.69691467285156	131.86135864257812	16.363393783569336	15.368535995483398	
191.35829162597656	133.6865692138672	15.934568405151367	14.93864917755127	
188.9469757080078	132.49685668945312	16.458389282226562	14.5575590133667	
188.34368896484375	132.45957946777344	16.798513412475586	14.984315872192383	
186.57615661621094	132.97869873046875	17.902172088623047	15.185516357421875	
185.43507385253906	132.7544403076172	17.55454444885254	15.033218383789062	
183.24269104003906	134.30381774902344	17.757902145385742	13.696060180664062	
182.02333068847656	134.40316772460938	18.433521270751953	13.635698318481445	
181.28506469726562	134.3011932373047	18.830474853515625	13.56671142578125	
179.67193603515625	134.2788543701172	18.264055252075195	13.710301399230957	
178.0164337158203	134.42306518554688	17.712013244628906	13.272436141967773	
176.89431762695312	134.07044982910156	17.96587562561035	13.377530097961426	
176.3031463623047	134.1741943359375	17.185787200927734	13.56554126739502	
176.60873413085938	134.1465301513672	16.80316162109375	13.231783866882324	
175.66171264648438	134.6248321533203	17.57781410217285	13.357795715332031	
175.18533325195312	135.8868408203125	17.18149757385254	13.183244705200195	
175.07467651367188	136.25291442871094	17.542844772338867	13.290873527526855	
174.02406311035156	136.87432861328125	17.594791412353516	12.945416450500488	
172.7675323486328	136.18771362304688	17.670520782470703	13.555560111999512	
171.6593017578125	135.7971954345703	16.898468017578125	13.16443920135498	
169.89010620117188	135.30502319335938	17.23435401916504	12.887423515319824	
166.5977325439453	134.70828247070312	18.285966873168945	13.515878677368164	
165.49159240722656	134.36395263671875	17.681772232055664	13.905485153198242	
162.88156127929688	135.1564483642578	17.352323532104492	13.549814224243164	
161.47152709960938	135.7589569091797	16.29900550842285	13.667989730834961	
160.16552734375	136.38897705078125	16.264934539794922	12.65797233581543	
158.8209686279297	136.69851684570312	15.912074089050293	13.40997314453125	
157.15371704101562	136.56732177734375	16.084692001342773	13.741827011108398	
156.29678344726562	136.65225219726562	15.817480087280273	13.425003051757812	
154.91806030273438	136.52047729492188	15.712002754211426	13.665449142456055	
152.7794189453125	136.1643829345703	16.922014236450195	14.27650260925293	
151.40359497070312	135.7308807373047	16.887828826904297	14.885088920593262	
149.89013671875	135.3789825439453	17.281658172607422	15.033853530883789	
147.29920959472656	135.61416625976562	18.33953285217285	15.27729320526123	
145.7428436279297	135.44737243652344	18.567014694213867	15.207700729370117	
145.1969757080078	134.96237182617188	17.977174758911133	15.701845169067383	
144.3533477783203	135.1217803955078	17.961380004882812	15.134119033813477	
142.82757568359375	135.67556762695312	17.697681427001953	14.768013000488281	
141.27767944335938	135.31814575195312	18.62850570678711	15.246999740600586	
140.2657012939453	134.7053680419922	18.725309371948242	15.81109619140625	
139.5118865966797	134.3841552734375	18.62116050720215	15.82965087890625	
138.77720642089844	134.5923614501953	17.674583435058594	15.200422286987305	
137.3527069091797	134.42984008789062	18.640737533569336	14.96733570098877	
136.36459350585938	134.74948120117188	18.49363899230957	15.169425964355469	
135.7994384765625	134.99087524414062	18.670217514038086	15.077127456665039	
134.97531127929688	136.33963012695312	18.249534606933594	15.05366325378418	
134.5875701904297	137.04281616210938	18.521886825561523	15.295782089233398	
132.59141540527344	137.84225463867188	19.186973571777344	15.398025512695312	
130.74229431152344	138.56387329101562	19.487747192382812	15.543615341186523	
129.2653045654297	138.7874298095703	18.773317337036133	15.50206184387207	
127.10157775878906	139.18252563476562	18.88062858581543	15.205163955688477	
124.99858093261719	138.93951416015625	19.050424575805664	15.746867179870605	
122.90826416015625	139.53660583496094	18.73322868347168	15.275982856750488	
120.09456634521484	140.88906860351562	19.140640258789062	14.547796249389648	
117.1379165649414	140.56820678710938	18.993175506591797	15.133397102355957	
114.03974914550781	141.07119750976562	18.356563568115234	16.40817642211914	
112.7125473022461	140.5509490966797	15.803024291992188	16.851924896240234	
109.9578628540039	141.6422119140625	19.697921752929688	18.466787338256836	
110.83000183105469	140.56524658203125	15.702383041381836	15.892041206359863	
107.82038879394531	143.65603637695312	14.4459867477417	14.887725830078125	
106.13436126708984	144.3125	14.91283893585205	16.28054428100586	
105.0254135131836	144.2424774169922	16.174846649169922	15.645609855651855	
104.8754653930664	144.07852172851562	16.357458114624023	15.314323425292969	
104.86907958984375	143.96484375	16.404401779174805	15.624295234680176	
104.72468566894531	144.08924865722656	16.598831176757812	15.559106826782227	
105.8465576171875	144.02072143554688	15.866557121276855	15.958059310913086	
107.19234466552734	142.577880859375	16.01390838623047	17.502405166625977	
