61.0	150.0	11.0	24.0	
61.182777404785156	148.93893432617188	10.238423347473145	24.389461517333984	
61.82816696166992	149.71658325195312	9.570173263549805	22.22210693359375	
62.1094970703125	149.79934692382812	9.427909851074219	21.05240249633789	
61.94403076171875	148.4786834716797	10.761411666870117	23.479442596435547	
62.966064453125	148.17959594726562	11.02148723602295	24.046878814697266	
61.87290573120117	150.01724243164062	9.90341854095459	24.06227684020996	
61.929832458496094	148.56675720214844	9.72084903717041	24.648632049560547	
61.72723388671875	148.82028198242188	9.963366508483887	25.06446075439453	
61.63527297973633	148.13262939453125	9.861250877380371	25.569290161132812	
61.71366500854492	149.23068237304688	9.869956016540527	24.79391860961914	
61.6088752746582	149.4434051513672	9.882884979248047	25.188871383666992	
61.488609313964844	149.41696166992188	9.993115425109863	25.1608829498291	
61.538536071777344	149.97201538085938	10.034582138061523	24.626407623291016	
61.43766403198242	148.17819213867188	10.002754211425781	25.886865615844727	
61.42108917236328	148.19461059570312	9.992507934570312	26.146886825561523	
61.33940887451172	148.46360778808594	10.220635414123535	25.776477813720703	
61.28447341918945	148.75888061523438	10.149175643920898	25.589494705200195	
61.4427604675293	149.14723205566406	9.939535140991211	25.250564575195312	
61.35504150390625	149.57281494140625	10.164091110229492	25.299474716186523	
61.304595947265625	148.9370574951172	9.967244148254395	25.289287567138672	
61.48420333862305	149.20143127441406	9.852028846740723	25.13924217224121	
61.44707107543945	149.381591796875	10.032832145690918	25.1038818359375	
61.55708694458008	148.74087524414062	9.928779602050781	25.776748657226562	
61.3607177734375	149.56427001953125	10.137419700622559	25.206329345703125	
61.13311004638672	149.2659454345703	10.18536376953125	25.42719078063965	
61.410499572753906	148.18704223632812	10.077526092529297	25.92608642578125	
61.64619064331055	148.9543914794922	9.921783447265625	25.37167739868164	
61.51342010498047	148.87210083007812	9.827160835266113	25.69729995727539	
61.56304168701172	149.89208984375	9.888404846191406	24.53390884399414	
61.43120574951172	149.6669158935547	9.797250747680664	24.55800437927246	
61.435630798339844	148.9507598876953	9.932214736938477	25.752771377563477	
61.59504318237305	149.2469482421875	9.87556266784668	25.01686668395996	
61.71770095825195	148.75311279296875	9.776448249816895	25.373241424560547	
61.3232307434082	148.37612915039062	10.127301216125488	25.66164207458496	
61.626220703125	149.45350646972656	9.785066604614258	24.689197540283203	
61.697357177734375	149.68203735351562	9.919622421264648	24.57883071899414	
61.58308792114258	149.29164123535156	9.770035743713379	25.344627380371094	
61.7222900390625	149.1280517578125	9.697883605957031	25.363338470458984	
61.56675338745117	148.21044921875	9.714452743530273	25.7794132232666	
61.740814208984375	149.41677856445312	9.722892761230469	24.813297271728516	
61.77739334106445	150.0853729248047	9.657110214233398	24.527997970581055	
61.785011291503906	149.27735900878906	9.69714069366455	25.341033935546875	
61.57216262817383	149.4090118408203	9.962697982788086	24.976261138916016	
61.70450973510742	148.71475219726562	9.77966022491455	25.67531394958496	
61.6745719909668	149.55184936523438	9.884538650512695	25.084753036499023	
61.557289123535156	148.91928100585938	9.928247451782227	25.39847183227539	
61.46549606323242	148.5254364013672	10.067338943481445	25.7642822265625	
61.435577392578125	148.3553466796875	9.999407768249512	26.194377899169922	
61.215492248535156	148.6956024169922	10.3147611618042	25.822296142578125	
61.127037048339844	148.40113830566406	10.305807113647461	25.9456729888916	
61.368385314941406	147.69691467285156	10.021899223327637	26.35361099243164	
61.206459045410156	148.4251708984375	10.270349502563477	25.56689453125	
61.35927200317383	149.4447784423828	10.255622863769531	25.47372055053711	
61.55115509033203	148.6300048828125	10.055448532104492	25.48733139038086	
61.504310607910156	149.16384887695312	9.932886123657227	25.328054428100586	
61.4482536315918	148.8102569580078	10.023944854736328	25.390243530273438	
61.59519577026367	148.35816955566406	9.938692092895508	25.6033935546875	
61.41729736328125	149.6470489501953	10.108707427978516	24.84556007385254	
61.34453201293945	149.67367553710938	10.14015007019043	24.619203567504883	
61.259742736816406	148.64413452148438	10.053194999694824	25.887903213500977	
61.5712776184082	149.22158813476562	9.938251495361328	25.051883697509766	
61.61347579956055	148.94625854492188	9.84516716003418	25.412456512451172	
61.579063415527344	148.43582153320312	9.90799617767334	25.40108299255371	
61.6709098815918	150.04580688476562	9.864627838134766	24.825916290283203	
61.7366943359375	149.02777099609375	9.676827430725098	25.249496459960938	
61.90764617919922	149.26766967773438	9.523985862731934	25.027448654174805	
61.735069274902344	149.3905792236328	9.781397819519043	25.22151756286621	
61.832183837890625	149.25604248046875	9.708337783813477	24.825077056884766	
61.758941650390625	149.1430206298828	9.555274963378906	25.100801467895508	
61.691368103027344	149.04171752929688	9.704277992248535	25.03371810913086	
61.804473876953125	149.4567413330078	9.723950386047363	24.453689575195312	
61.59901809692383	149.21775817871094	9.799697875976562	24.894302368164062	
61.597312927246094	149.12826538085938	9.871411323547363	25.62644386291504	
61.532005310058594	149.27664184570312	9.87629222869873	25.1715030670166	
61.70051956176758	148.95599365234375	9.77721118927002	25.39223289489746	
61.42168045043945	148.7046356201172	9.882307052612305	26.077795028686523	
61.58675003051758	149.6173553466797	9.903608322143555	24.92997169494629	
61.5374755859375	149.6472930908203	9.797847747802734	24.998003005981445	
61.6507682800293	150.1025390625	9.922524452209473	24.638090133666992	
61.66462326049805	148.59054565429688	9.721146583557129	25.691837310791016	
61.70698165893555	149.26412963867188	9.811575889587402	25.53750991821289	
61.71049118041992	149.46096801757812	9.772834777832031	25.283458709716797	
61.91487503051758	150.02914428710938	9.631162643432617	24.15706443786621	
61.4741096496582	149.49777221679688	10.000935554504395	25.30921745300293	
61.86060333251953	148.50784301757812	9.586782455444336	25.345684051513672	
61.595970153808594	149.04147338867188	9.916315078735352	25.502605438232422	
61.82469940185547	149.57476806640625	9.690939903259277	24.990236282348633	
61.72303009033203	150.33151245117188	9.697014808654785	23.9885196685791	
61.80670166015625	150.15066528320312	9.629003524780273	24.508466720581055	
61.556053161621094	149.6559600830078	9.906540870666504	24.67469596862793	
61.531471252441406	149.51695251464844	9.946764945983887	25.031723022460938	
61.709922790527344	149.94171142578125	9.785360336303711	24.76532554626465	
61.64179229736328	149.23721313476562	9.76416301727295	25.026853561401367	
61.50107955932617	149.92715454101562	9.901164054870605	24.782337188720703	
61.828468322753906	148.9185791015625	9.605875968933105	25.055179595947266	
61.356285095214844	150.0787353515625	10.053288459777832	24.569189071655273	
61.53483963012695	148.76708984375	9.892313003540039	25.988636016845703	
61.54481887817383	149.51515197753906	9.943574905395508	25.03163719177246	
61.68524932861328	149.4613037109375	9.838513374328613	25.052291870117188	
61.431861877441406	149.50125122070312	9.996427536010742	25.05274772644043	
61.8236083984375	148.7577362060547	9.635477066040039	25.157426834106445	
61.6579704284668	149.16763305664062	9.712972640991211	25.215932846069336	
61.560401916503906	149.08761596679688	9.93443775177002	25.21077537536621	
61.562522888183594	149.1139678955078	9.998383522033691	25.39423179626465	
61.30219650268555	148.70095825195312	10.18531608581543	25.756362915039062	
61.48606491088867	149.12767028808594	10.035653114318848	25.201358795166016	
61.5305061340332	148.58981323242188	9.776956558227539	25.6668701171875	
61.47394943237305	148.6320037841797	9.926275253295898	26.136112213134766	
61.667259216308594	149.1839599609375	9.790236473083496	24.964448928833008	
61.5395622253418	148.3716278076172	9.926887512207031	25.888164520263672	
61.51448440551758	149.38656616210938	9.910261154174805	25.053255081176758	
61.52252960205078	149.03414916992188	10.025472640991211	25.34188461303711	
61.502723693847656	148.96975708007812	10.019639015197754	25.483501434326172	
61.59114456176758	148.4409942626953	9.765019416809082	25.90749168395996	
61.61295700073242	149.49520874023438	9.86280632019043	24.628881454467773	
61.41002655029297	149.06680297851562	10.004690170288086	25.609155654907227	
61.76140213012695	149.1844024658203	9.74036979675293	25.132909774780273	
61.765235900878906	149.87387084960938	9.784584045410156	24.464208602905273	
61.6390266418457	149.03897094726562	9.786775588989258	25.39168930053711	
61.41877365112305	149.36830139160156	10.098034858703613	25.312053680419922	
61.60174560546875	148.4513397216797	9.777097702026367	26.05792808532715	
61.48298263549805	148.6267852783203	9.973730087280273	25.989826202392578	
61.5542106628418	148.84759521484375	9.93962287902832	25.640216827392578	
61.251243591308594	149.26956176757812	10.254653930664062	25.424869537353516	
61.142333984375	149.27001953125	10.333162307739258	25.53628921508789	
61.44014358520508	148.8882293701172	10.099523544311523	25.871532440185547	
61.31452560424805	148.6332550048828	10.130094528198242	25.901470184326172	
61.51416015625	149.12973022460938	9.92339038848877	25.37497329711914	
61.43284225463867	149.52601623535156	9.947759628295898	25.053335189819336	
61.72175216674805	149.1745147705078	9.8198881149292	25.458431243896484	
61.6186408996582	148.72105407714844	9.881902694702148	25.733875274658203	
61.49720001220703	149.0688018798828	9.872323989868164	25.484935760498047	
61.69083786010742	149.0431671142578	9.860522270202637	25.221723556518555	
61.71503829956055	150.09141540527344	9.754424095153809	24.48360824584961	
61.65409469604492	149.49667358398438	9.86541748046875	24.878433227539062	
61.54381561279297	148.92257690429688	9.885622024536133	25.743457794189453	
61.607574462890625	149.16354370117188	9.874549865722656	25.59906578063965	
61.45839309692383	148.4947509765625	10.120912551879883	26.288665771484375	
61.582763671875	149.25125122070312	9.913369178771973	25.280071258544922	
61.500770568847656	148.80062866210938	10.04451847076416	25.598846435546875	
61.3884391784668	148.77316284179688	10.045891761779785	25.599023818969727	
61.453521728515625	148.6083984375	9.965785026550293	25.889577865600586	
61.3421630859375	149.38450622558594	10.07880973815918	25.15983009338379	
61.35771942138672	150.16375732421875	10.22962474822998	24.37327766418457	
61.39038848876953	148.69937133789062	10.123736381530762	25.996017456054688	
61.59490966796875	149.11404418945312	9.916784286499023	25.61928939819336	
61.44762420654297	148.9439239501953	9.999737739562988	25.693166732788086	
61.59850311279297	149.77957153320312	9.919400215148926	24.561979293823242	
61.339027404785156	148.86550903320312	10.110466003417969	25.519886016845703	
61.33466720581055	148.32444763183594	10.180506706237793	26.2683162689209	
61.46265411376953	148.67327880859375	10.170263290405273	25.291202545166016	
61.29352569580078	148.6003875732422	10.207719802856445	25.58780860900879	
61.391258239746094	149.08523559570312	10.058210372924805	25.062599182128906	
61.2499885559082	148.3794403076172	10.305379867553711	25.969356536865234	
61.22147750854492	148.65560913085938	10.355387687683105	25.780004501342773	
61.2092170715332	149.1143035888672	10.321696281433105	25.504112243652344	
61.3204345703125	148.7953338623047	10.200541496276855	25.921676635742188	
61.16465377807617	147.95118713378906	10.35027027130127	26.540597915649414	
61.112823486328125	148.1249237060547	10.333740234375	26.58120346069336	
61.2304801940918	148.65145874023438	10.283942222595215	25.69156837463379	
61.229820251464844	148.89645385742188	10.187939643859863	25.37743377685547	
61.421722412109375	147.82830810546875	10.120258331298828	26.148279190063477	
61.220909118652344	149.87435913085938	10.35394287109375	24.600719451904297	
61.41313552856445	149.15431213378906	10.020172119140625	25.468364715576172	
61.39374923706055	149.56260681152344	10.095452308654785	25.246440887451172	
61.43224334716797	149.31793212890625	9.997052192687988	25.433706283569336	
61.627716064453125	149.8943634033203	9.914525985717773	24.377315521240234	
61.7345085144043	149.4388885498047	9.778817176818848	25.036521911621094	
61.71797561645508	149.36912536621094	9.717493057250977	25.230575561523438	
61.65983200073242	149.3669891357422	9.86301040649414	25.060625076293945	
61.45758819580078	149.4076385498047	9.977429389953613	25.059871673583984	
61.490562438964844	149.0597381591797	10.012147903442383	25.343015670776367	
61.489540100097656	149.11135864257812	10.08271598815918	25.377033233642578	
61.340415954589844	148.61764526367188	10.066710472106934	25.663753509521484	
61.29656982421875	149.0511474609375	10.168542861938477	25.652029037475586	
61.35402297973633	149.12619018554688	10.136802673339844	25.62301254272461	
61.50200271606445	148.4888458251953	9.940104484558105	26.090530395507812	
61.315406799316406	148.0020294189453	10.17910099029541	25.9870662689209	
61.438392639160156	149.76361083984375	10.184074401855469	24.838375091552734	
61.23350143432617	149.13829040527344	10.279478073120117	25.54421615600586	
61.18280029296875	148.40982055664062	10.4192533493042	26.128597259521484	
61.2091178894043	149.0018768310547	10.380941390991211	25.257793426513672	
61.068687438964844	148.28793334960938	10.487905502319336	26.55337905883789	
61.10243606567383	148.11642456054688	10.36337661743164	25.946569442749023	
61.08002853393555	147.37081909179688	10.481145858764648	27.1090145111084	
61.07252883911133	147.5652313232422	10.285249710083008	27.509729385375977	
61.206382751464844	147.84056091308594	10.276567459106445	26.716259002685547	
61.23726272583008	148.7073974609375	10.251922607421875	25.80584716796875	
61.124412536621094	148.19882202148438	10.360250473022461	26.441020965576172	
61.3369026184082	148.29067993164062	10.079960823059082	26.131732940673828	
61.1591682434082	149.22982788085938	10.429031372070312	25.438343048095703	
61.4033088684082	148.26773071289062	10.060972213745117	26.22353172302246	
61.584068298339844	148.47052001953125	9.907098770141602	25.766128540039062	
61.2641716003418	148.97976684570312	10.223555564880371	25.5434627532959	
61.25457763671875	148.78195190429688	10.429666519165039	25.78611183166504	
60.986167907714844	147.88478088378906	10.492694854736328	26.294925689697266	
61.16523361206055	148.60574340820312	10.367082595825195	25.915451049804688	
61.1224479675293	148.80789184570312	10.41451644897461	25.502151489257812	
60.99165725708008	148.33050537109375	10.538702011108398	25.84749412536621	
61.061378479003906	148.63668823242188	10.499776840209961	25.918848037719727	
61.077117919921875	148.5953826904297	10.396851539611816	25.832422256469727	
61.070335388183594	148.9579315185547	10.535443305969238	25.804840087890625	
61.36968994140625	148.30392456054688	10.253255844116211	26.0009708404541	
61.15366744995117	147.7783966064453	10.312886238098145	26.518077850341797	
61.11006546020508	148.18527221679688	10.449625015258789	26.7210750579834	
61.462890625	148.96218872070312	10.11567211151123	25.36239242553711	
61.4374885559082	149.05633544921875	10.082340240478516	25.585107803344727	
61.64899826049805	149.87213134765625	9.919049263000488	24.693130493164062	
61.4798469543457	149.39572143554688	10.106912612915039	25.278972625732422	
61.378013610839844	149.48526000976562	10.188738822937012	25.230518341064453	
61.37413787841797	149.90097045898438	10.22010612487793	24.584819793701172	
61.466522216796875	149.40682983398438	10.100408554077148	25.14718246459961	
61.33237838745117	148.62600708007812	10.19440746307373	25.720592498779297	
61.40863037109375	149.3662567138672	10.179298400878906	25.117687225341797	
61.374061584472656	148.8674774169922	10.08662223815918	25.5878963470459	
61.454551696777344	150.08314514160156	10.091812133789062	24.731109619140625	
61.46503448486328	149.20603942871094	10.083955764770508	25.021484375	
61.37569046020508	149.84104919433594	10.105184555053711	24.568767547607422	
61.52901077270508	148.6168212890625	9.944742202758789	25.500661849975586	
61.321319580078125	149.0213165283203	10.311707496643066	25.82793617248535	
61.56199264526367	148.80975341796875	10.077225685119629	25.536787033081055	
61.4018440246582	149.0251007080078	10.073963165283203	25.63509178161621	
61.209083557128906	149.031494140625	10.45402717590332	25.60896873474121	
61.28485107421875	148.05796813964844	10.256715774536133	26.360946655273438	
61.09452438354492	148.7576904296875	10.23271369934082	25.988332748413086	
61.31602096557617	148.58584594726562	10.168123245239258	25.845478057861328	
61.3905143737793	149.34889221191406	10.224973678588867	25.13797950744629	
61.3194694519043	148.43740844726562	9.988687515258789	25.91861343383789	
61.40399169921875	148.8837890625	10.095930099487305	25.755340576171875	
61.4068489074707	148.70033264160156	9.953404426574707	25.548070907592773	
61.54517364501953	149.13351440429688	9.9541597366333	25.092187881469727	
61.70329666137695	149.36013793945312	9.768145561218262	24.82338523864746	
61.4602165222168	149.75286865234375	10.06028938293457	24.923952102661133	
61.60078048706055	150.42282104492188	9.925161361694336	24.155372619628906	
61.45560836791992	149.7128448486328	9.942204475402832	24.850540161132812	
61.43083572387695	149.40249633789062	9.903874397277832	25.091732025146484	
61.61988067626953	149.83486938476562	9.883288383483887	24.677644729614258	
61.65581130981445	149.68551635742188	9.764015197753906	24.709320068359375	
61.5457763671875	149.00531005859375	9.87256145477295	25.176639556884766	
61.60813522338867	150.05203247070312	9.963983535766602	24.2783260345459	
61.75139617919922	149.16734313964844	9.710136413574219	24.940275192260742	
61.66791915893555	149.60617065429688	9.874988555908203	25.038768768310547	
61.637481689453125	150.2097625732422	9.956141471862793	24.467676162719727	
61.4683723449707	148.9940948486328	10.068245887756348	25.383586883544922	
61.5382194519043	150.30279541015625	9.943618774414062	24.194679260253906	
61.410308837890625	150.29248046875	10.053976058959961	24.191207885742188	
61.679840087890625	150.1090545654297	9.78956127166748	24.422452926635742	
61.692787170410156	150.24777221679688	9.819560050964355	24.32248306274414	
61.82426834106445	149.94802856445312	9.614870071411133	24.353097915649414	
61.554115295410156	148.74661254882812	9.800268173217773	25.3070011138916	
61.58787155151367	149.88986206054688	9.726679801940918	24.867080688476562	
61.5225830078125	149.69479370117188	9.878531455993652	24.611103057861328	
61.464691162109375	149.38558959960938	10.014009475708008	25.14947509765625	
61.267967224121094	149.1657257080078	9.953059196472168	25.50592041015625	
61.59208297729492	149.96585083007812	9.934930801391602	24.864532470703125	
61.55712890625	150.05934143066406	9.899236679077148	24.169458389282227	
61.4677848815918	149.25738525390625	10.019638061523438	25.181346893310547	
61.476585388183594	149.39932250976562	9.983295440673828	25.248600006103516	
61.554649353027344	148.9814910888672	9.84914493560791	25.336641311645508	
61.379905700683594	149.2872772216797	10.129104614257812	25.034854888916016	
61.440277099609375	148.83775329589844	9.9773530960083	25.524681091308594	
61.44336700439453	149.61599731445312	10.010075569152832	24.859167098999023	
61.55089569091797	149.0604248046875	9.876903533935547	25.550264358520508	
61.524559020996094	148.51858520507812	10.003381729125977	25.902822494506836	
61.56499099731445	150.12733459472656	9.941325187683105	24.44068717956543	
61.49418258666992	149.09530639648438	9.97089958190918	25.351999282836914	
61.2066535949707	148.94711303710938	10.206128120422363	25.483835220336914	
61.50439453125	148.66244506835938	9.97889232635498	25.587366104125977	
61.43733596801758	149.2733154296875	10.025406837463379	25.472768783569336	
61.53179168701172	148.81814575195312	9.879486083984375	25.312856674194336	
