111.0	174.0	20.0	16.0	
110.85887145996094	173.39712524414062	21.34494400024414	17.30501365661621	
112.16059875488281	174.06736755371094	20.1552734375	16.041128158569336	
112.30033111572266	173.69924926757812	20.671297073364258	16.778934478759766	
113.45040130615234	173.93215942382812	19.946338653564453	16.273035049438477	
112.55522155761719	173.36270141601562	22.142107009887695	17.54876708984375	
113.67247009277344	173.7561798095703	21.51028823852539	16.739299774169922	
113.18995666503906	173.0766143798828	23.78891944885254	18.291688919067383	
113.95660400390625	173.51187133789062	23.319116592407227	17.325895309448242	
114.23626708984375	173.18734741210938	23.643447875976562	18.034053802490234	
115.28690338134766	173.06472778320312	23.189727783203125	18.224720001220703	
116.19511413574219	172.9822540283203	22.295854568481445	18.238834381103516	
116.879638671875	173.08847045898438	22.344064712524414	18.149898529052734	
117.29052734375	172.87982177734375	22.94980812072754	18.645999908447266	
118.04969787597656	172.81362915039062	22.864742279052734	18.82584571838379	
118.3927993774414	172.4324188232422	23.536556243896484	19.636001586914062	
119.24586486816406	172.45887756347656	23.26438331604004	19.743751525878906	
120.2075424194336	172.52236938476562	22.738697052001953	19.637704849243164	
120.8667221069336	172.6521759033203	23.023618698120117	19.42348861694336	
121.9778060913086	172.68446350097656	22.44211769104004	19.388294219970703	
122.82442474365234	172.46998596191406	22.69447135925293	19.684192657470703	
123.59468841552734	172.4308624267578	23.02896499633789	19.77935791015625	
124.744384765625	172.4847869873047	22.92314910888672	19.590116500854492	
125.1488037109375	172.4365692138672	23.896656036376953	19.743366241455078	
126.0808334350586	172.1352996826172	24.459613800048828	20.442642211914062	
127.32817077636719	172.37197875976562	23.61151123046875	20.537866592407227	
128.4542999267578	172.5706329345703	23.40349769592285	20.092540740966797	
129.6549072265625	172.6888885498047	23.619998931884766	20.104846954345703	
129.62588500976562	171.9031982421875	25.034255981445312	21.58051109313965	
130.53150939941406	172.12808227539062	25.56612777709961	21.473691940307617	
131.28561401367188	172.11001586914062	25.80301856994629	21.666976928710938	
132.6980438232422	172.5527801513672	25.26422691345215	20.860780715942383	
133.93276977539062	172.76991271972656	24.612224578857422	20.510290145874023	
135.00633239746094	173.0603790283203	24.75535011291504	19.964580535888672	
136.05917358398438	173.02146911621094	24.511417388916016	20.141387939453125	
136.91871643066406	172.8914794921875	24.846206665039062	20.478288650512695	
138.21212768554688	172.53759765625	24.6036376953125	21.018835067749023	
139.07666015625	173.09408569335938	25.375469207763672	20.037837982177734	
140.51031494140625	172.841552734375	25.161231994628906	20.698734283447266	
141.70205688476562	173.0945281982422	25.49718475341797	20.497995376586914	
143.1009979248047	173.03797912597656	25.50510597229004	20.72393798828125	
143.6470489501953	172.85488891601562	26.544567108154297	21.52394676208496	
144.80429077148438	172.89602661132812	27.1364688873291	21.482192993164062	
145.9176483154297	172.55923461914062	27.695148468017578	22.24755859375	
147.43060302734375	172.3689727783203	27.252544403076172	22.59004783630371	
149.29139709472656	172.56607055664062	26.610614776611328	22.124874114990234	
151.0067901611328	173.11721801757812	26.529199600219727	21.22272491455078	
152.28359985351562	173.68170166015625	27.52614402770996	20.962535858154297	
153.37916564941406	173.18775939941406	27.71151351928711	22.393218994140625	
155.00491333007812	173.12832641601562	27.959274291992188	22.68509292602539	
156.32766723632812	173.13497924804688	28.735828399658203	22.56626319885254	
158.36691284179688	173.17727661132812	27.54352378845215	22.349327087402344	
159.84719848632812	173.23440551757812	27.73305320739746	22.43777084350586	
162.19607543945312	173.58343505859375	27.660640716552734	22.43671989440918	
164.06906127929688	173.8824920654297	28.296329498291016	22.141408920288086	
164.77719116210938	173.22682189941406	29.233112335205078	23.320362091064453	
166.74330139160156	173.18142700195312	30.610260009765625	23.270557403564453	
168.56201171875	173.1490936279297	29.583728790283203	23.36141586303711	
170.9082489013672	173.64102172851562	28.756107330322266	22.462289810180664	
172.72608947753906	173.5114288330078	28.736568450927734	23.479991912841797	
174.4881591796875	174.0789337158203	28.852502822875977	22.2147216796875	
176.5476837158203	173.78671264648438	30.191417694091797	23.37752914428711	
178.79002380371094	174.11245727539062	30.31612777709961	22.835275650024414	
181.691650390625	174.08990478515625	29.656341552734375	23.531116485595703	
183.43699645996094	174.35916137695312	30.480966567993164	23.775596618652344	
185.54373168945312	174.4765167236328	31.184612274169922	23.61785888671875	
187.78668212890625	174.37261962890625	31.480907440185547	24.113088607788086	
189.92034912109375	174.31655883789062	32.24009704589844	23.590198516845703	
193.0922393798828	174.7034912109375	31.642475128173828	23.64885711669922	
195.16355895996094	174.32955932617188	32.67353057861328	24.22016143798828	
197.9879150390625	175.05636596679688	33.43403244018555	24.230518341064453	
200.61883544921875	174.72323608398438	33.079750061035156	24.660076141357422	
203.1558380126953	174.18788146972656	35.08667755126953	25.574121475219727	
206.9734649658203	174.76626586914062	33.90930938720703	25.695858001708984	
210.1392364501953	174.82989501953125	33.478328704833984	25.72150230407715	
213.251220703125	175.04177856445312	33.93537139892578	25.46846580505371	
216.123291015625	175.22872924804688	34.525753021240234	25.286991119384766	
219.6685028076172	175.2776641845703	33.89916229248047	25.57220458984375	
223.08251953125	175.7579345703125	34.366294860839844	24.960187911987305	
226.072265625	175.47415161132812	36.18547439575195	25.576519012451172	
229.91055297851562	175.69639587402344	34.76907730102539	25.453128814697266	
234.248291015625	176.33779907226562	34.84159469604492	24.896595001220703	
238.9775390625	176.65306091308594	34.72900390625	24.852813720703125	
243.7625274658203	176.9689483642578	35.073638916015625	25.50264549255371	
247.84768676757812	176.80252075195312	35.456764221191406	25.681583404541016	
252.877685546875	177.4114532470703	35.413414001464844	25.17653465270996	
256.411865234375	176.70266723632812	37.2835807800293	26.65341567993164	
261.38446044921875	177.16554260253906	37.2883186340332	26.410537719726562	
266.4817810058594	177.803466796875	37.6115608215332	26.313220977783203	
271.6075744628906	178.13653564453125	38.258827209472656	26.598825454711914	
276.4368896484375	178.42312622070312	39.361549377441406	26.408823013305664	
281.94647216796875	179.02098083496094	39.548248291015625	24.751766204833984	
288.5058288574219	179.16384887695312	39.51191329956055	26.150775909423828	
294.34820556640625	179.2321014404297	41.31570816040039	27.467227935791016	
300.87066650390625	179.8011016845703	42.42616653442383	25.397090911865234	
307.789306640625	180.30233764648438	42.032470703125	25.51808738708496	
314.2521667480469	179.5088348388672	42.53904342651367	27.481689453125	
321.52301025390625	179.91201782226562	44.392494201660156	27.282323837280273	
329.11737060546875	179.8677215576172	44.28307342529297	28.931671142578125	
337.0666198730469	179.8870391845703	46.815338134765625	29.298227310180664	
345.2527160644531	179.4253387451172	47.484432220458984	31.675945281982422	
353.8912658691406	179.42715454101562	46.73973083496094	32.541934967041016	
363.66485595703125	180.28541564941406	49.602298736572266	33.30274200439453	
370.7786560058594	176.05592346191406	52.95255661010742	42.362022399902344	
384.39727783203125	180.2696533203125	51.86753463745117	34.43901824951172	
395.5787048339844	180.8166961669922	54.971397399902344	35.5583381652832	
406.123291015625	181.99119567871094	59.021644592285156	37.94929122924805	
417.48297119140625	182.47084045410156	60.05560302734375	37.66786575317383	
429.34814453125	181.0543670654297	59.93939208984375	41.28081512451172	
440.3392028808594	178.00588989257812	52.565513610839844	43.549766540527344	
447.4869079589844	174.1126708984375	44.19995880126953	50.749778747558594	
