40.0	145.0	66.0	102.0	
50.75029754638672	146.53758239746094	64.11204528808594	98.13069152832031	
65.57872772216797	146.5189971923828	60.85138702392578	97.62773895263672	
81.95059967041016	146.72293090820312	59.14684295654297	96.73213195800781	
93.63609313964844	146.98834228515625	57.50592803955078	94.33822631835938	
105.80339050292969	147.38726806640625	54.27006912231445	94.3290786743164	
115.65827941894531	146.51986694335938	54.00982666015625	95.45641326904297	
125.1559829711914	145.815673828125	53.333091735839844	95.37637329101562	
133.55787658691406	145.8516387939453	54.68132400512695	94.57588958740234	
142.13296508789062	145.4367218017578	51.588584899902344	94.61717224121094	
149.3274688720703	145.5598602294922	51.553863525390625	94.23729705810547	
156.89076232910156	145.041015625	50.97332000732422	94.48944854736328	
164.3885498046875	145.69766235351562	50.310752868652344	93.3698959350586	
170.74952697753906	144.7228546142578	47.70726776123047	94.78117370605469	
175.60256958007812	145.31619262695312	48.670894622802734	94.95623016357422	
183.82568359375	146.6601104736328	48.97696304321289	91.90988159179688	
188.39901733398438	149.4551544189453	48.408164978027344	89.65922546386719	
193.86434936523438	148.92886352539062	47.66838455200195	89.55579376220703	
197.33584594726562	149.32679748535156	49.67073059082031	89.76271057128906	
203.2901611328125	149.15228271484375	47.668312072753906	90.71719360351562	
209.42343139648438	149.87461853027344	47.30437469482422	88.80477142333984	
214.5327911376953	150.7671356201172	45.06951904296875	85.13371276855469	
217.43258666992188	151.08908081054688	45.46543502807617	85.09628295898438	
221.0686798095703	151.44615173339844	46.09285354614258	82.51848602294922	
224.2707977294922	150.8766632080078	45.967620849609375	79.41636657714844	
230.1687774658203	152.52310180664062	43.490257263183594	78.66861724853516	
234.84130859375	153.9434356689453	42.33544921875	78.74717712402344	
237.56460571289062	153.44810485839844	42.698997497558594	79.1448745727539	
241.29739379882812	154.71646118164062	41.592430114746094	77.18353271484375	
244.8665008544922	154.76316833496094	40.6501579284668	74.33438110351562	
246.9819793701172	154.7077178955078	40.496273040771484	76.11589050292969	
251.8926239013672	155.95816040039062	40.119781494140625	71.82197570800781	
255.4296875	156.14149475097656	38.230064392089844	72.54949951171875	
259.1468811035156	156.82022094726562	37.419189453125	69.4276351928711	
261.5473937988281	156.6448211669922	37.97822189331055	71.52889251708984	
266.28826904296875	158.0612030029297	35.213626861572266	62.9745979309082	
268.53167724609375	159.07525634765625	34.495330810546875	61.55182647705078	
270.8134460449219	158.20913696289062	35.69743728637695	62.653846740722656	
272.8830871582031	158.52633666992188	33.98445510864258	62.89094924926758	
275.49688720703125	159.4763641357422	35.52104187011719	63.4333381652832	
278.2545471191406	159.04820251464844	33.79642868041992	61.91321563720703	
280.22393798828125	160.1813507080078	34.293113708496094	59.77111053466797	
282.39569091796875	160.34930419921875	36.09490203857422	60.218177795410156	
284.6376953125	159.32412719726562	34.473175048828125	59.21171188354492	
285.1864013671875	160.74705505371094	34.97959899902344	58.36847686767578	
288.1254577636719	161.30819702148438	33.95562744140625	56.059303283691406	
290.35089111328125	160.7096710205078	33.69580841064453	56.3634147644043	
292.2008361816406	162.2399139404297	32.9887809753418	54.15052032470703	
293.56866455078125	163.04373168945312	32.97496032714844	53.6633186340332	
296.2302551269531	162.61026000976562	31.296405792236328	52.45560836791992	
298.12158203125	162.9626922607422	31.699960708618164	52.199668884277344	
299.3109436035156	163.2216033935547	31.478878021240234	50.99030685424805	
300.9661560058594	162.91824340820312	31.25454330444336	49.73404312133789	
302.93585205078125	162.72177124023438	30.96993637084961	50.46434783935547	
304.00616455078125	162.6769561767578	31.118846893310547	48.635093688964844	
304.7718200683594	163.2647705078125	30.854461669921875	48.9144172668457	
306.0997009277344	164.277587890625	30.6845760345459	49.56612777709961	
307.53369140625	163.91156005859375	29.616619110107422	47.20070266723633	
309.5411071777344	164.0694580078125	29.320343017578125	46.36736297607422	
310.6049499511719	164.9507598876953	29.85213279724121	46.6732292175293	
311.7976989746094	164.8902130126953	29.58550453186035	47.83266830444336	
314.1388854980469	164.77198791503906	29.731842041015625	47.70379638671875	
315.28997802734375	164.79075622558594	28.050495147705078	46.68943405151367	
317.06304931640625	164.18606567382812	27.292434692382812	45.85047912597656	
318.0851745605469	165.0901641845703	25.918331146240234	42.75128936767578	
319.40252685546875	166.82911682128906	26.702407836914062	41.26737976074219	
320.2367858886719	166.54959106445312	25.87296485900879	42.17409133911133	
321.3051452636719	166.52471923828125	25.65829086303711	42.24040985107422	
321.8559875488281	166.6830596923828	26.496158599853516	42.98859786987305	
322.96807861328125	166.54931640625	26.11111831665039	41.9874267578125	
324.07708740234375	166.8455352783203	25.59037208557129	42.274559020996094	
324.9075622558594	166.76158142089844	26.407358169555664	41.82620620727539	
325.5400390625	166.7030029296875	27.294811248779297	41.69062042236328	
325.9304504394531	167.18045043945312	26.309885025024414	41.33601379394531	
326.7454528808594	166.85157775878906	26.96307373046875	41.26342010498047	
327.93231201171875	166.35113525390625	26.669681549072266	41.157325744628906	
329.24090576171875	166.1308135986328	26.864582061767578	41.184749603271484	
330.5904541015625	166.85202026367188	26.182140350341797	39.33687210083008	
330.53533935546875	167.2752685546875	26.792800903320312	41.12819290161133	
331.1884765625	166.6971435546875	27.261306762695312	40.95919418334961	
332.1920471191406	167.18032836914062	26.842330932617188	40.81426239013672	
332.3402404785156	167.34169006347656	26.834457397460938	41.4320068359375	
334.01861572265625	167.91574096679688	25.502805709838867	37.81382369995117	
335.16949462890625	168.4147491455078	25.422883987426758	38.220237731933594	
336.22698974609375	167.65817260742188	24.94771957397461	38.20010757446289	
336.9089660644531	167.7832489013672	25.09014892578125	37.9287109375	
337.7401123046875	168.1837921142578	24.28673553466797	37.789859771728516	
338.34326171875	167.92257690429688	24.307079315185547	37.66252899169922	
339.4737243652344	167.90203857421875	24.655330657958984	37.016727447509766	
339.0776672363281	167.7215576171875	24.78441619873047	38.30382537841797	
340.0147399902344	167.71156311035156	24.70732307434082	36.33143615722656	
340.07427978515625	166.96621704101562	24.155771255493164	37.894989013671875	
341.0389099121094	167.49276733398438	24.57049560546875	36.36648941040039	
342.02471923828125	166.9769744873047	23.890869140625	37.43345260620117	
342.6668395996094	167.97509765625	23.190099716186523	36.34547424316406	
342.78179931640625	168.4563446044922	23.508487701416016	36.509307861328125	
343.8621520996094	169.10745239257812	23.149423599243164	34.39208984375	
344.1845397949219	168.51083374023438	23.112695693969727	35.08428192138672	
344.5448303222656	168.1884307861328	22.859792709350586	34.285945892333984	
345.2155456542969	169.3092498779297	22.13400650024414	34.508949279785156	
346.54290771484375	169.16905212402344	21.431060791015625	33.268959045410156	
346.3111877441406	168.4790496826172	22.25606918334961	33.35235595703125	
348.2047424316406	169.68173217773438	20.469402313232422	31.792766571044922	
349.4221496582031	170.52455139160156	19.642324447631836	31.9746036529541	
349.7022399902344	170.38079833984375	19.62460708618164	31.805957794189453	
349.4915771484375	170.3731231689453	20.296630859375	31.602611541748047	
350.74713134765625	170.79647827148438	19.40300941467285	31.398550033569336	
351.02081298828125	170.62974548339844	19.09344482421875	30.639530181884766	
351.67254638671875	171.2859344482422	17.95862579345703	29.783935546875	
352.0132751464844	171.24154663085938	18.24274444580078	29.021936416625977	
352.97100830078125	171.6155242919922	17.375476837158203	28.337688446044922	
354.12872314453125	171.257568359375	17.44281578063965	28.28449058532715	
353.638916015625	171.7236785888672	17.823999404907227	28.150732040405273	
354.3865661621094	172.143798828125	17.30231285095215	27.65934181213379	
354.212890625	171.9186553955078	17.64126968383789	28.712411880493164	
354.2659912109375	172.06100463867188	17.49895668029785	27.612834930419922	
355.53082275390625	171.84701538085938	16.71837615966797	27.609018325805664	
355.8193664550781	171.99838256835938	16.92302131652832	27.42966079711914	
356.9898376464844	172.19895935058594	16.2022762298584	26.744739532470703	
356.51910400390625	172.40371704101562	16.46094512939453	27.254695892333984	
357.9627380371094	171.9368896484375	15.776135444641113	26.79693031311035	
358.0314025878906	171.9790802001953	16.081966400146484	27.271997451782227	
358.2874450683594	172.2650604248047	16.120349884033203	26.86564064025879	
359.1650390625	171.9145050048828	15.744359970092773	26.2366886138916	
359.10528564453125	171.87648010253906	15.952168464660645	26.562877655029297	
359.15509033203125	171.9415740966797	15.78306770324707	26.669631958007812	
359.8387451171875	171.51724243164062	15.967036247253418	26.72454833984375	
360.0738220214844	170.9419708251953	16.239437103271484	27.137359619140625	
360.25567626953125	171.2779541015625	15.513554573059082	27.037200927734375	
360.87945556640625	171.03851318359375	15.4391450881958	26.193218231201172	
360.9825134277344	171.7018280029297	14.838369369506836	26.705764770507812	
361.6925354003906	171.99142456054688	14.767488479614258	26.156635284423828	
362.1025695800781	171.5941925048828	14.624407768249512	25.263599395751953	
362.3026123046875	172.19923400878906	14.406875610351562	24.58207130432129	
362.207275390625	172.09286499023438	14.29072380065918	24.963674545288086	
362.65765380859375	172.0704803466797	13.909770011901855	23.944198608398438	
362.29083251953125	172.7889862060547	13.965130805969238	24.605484008789062	
362.85162353515625	172.81405639648438	14.215962409973145	24.11720085144043	
362.77569580078125	173.6136474609375	13.888239860534668	23.999481201171875	
362.74945068359375	172.9376678466797	14.384719848632812	24.446882247924805	
363.22027587890625	172.28382873535156	14.549062728881836	24.43739891052246	
362.95391845703125	171.68084716796875	14.918551445007324	24.279056549072266	
363.4425354003906	172.508544921875	14.879534721374512	24.502582550048828	
363.5679626464844	172.5306854248047	14.839715957641602	24.48126792907715	
363.5557861328125	172.4258575439453	15.22693920135498	24.97311782836914	
364.0772399902344	172.03955078125	14.633882522583008	24.07990264892578	
364.2069091796875	172.00094604492188	14.547502517700195	23.896228790283203	
364.26373291015625	171.76828002929688	15.032580375671387	24.41975975036621	
364.5771179199219	171.913330078125	15.230606079101562	24.05419158935547	
364.6044006347656	171.82400512695312	14.834390640258789	23.966899871826172	
364.673095703125	171.87759399414062	14.399114608764648	23.374584197998047	
364.76922607421875	172.38072204589844	14.909799575805664	24.054309844970703	
365.01617431640625	171.9457244873047	14.9298734664917	23.559574127197266	
365.1235046386719	172.28933715820312	14.714630126953125	23.704792022705078	
365.29339599609375	171.74600219726562	14.811564445495605	23.173215866088867	
365.7444763183594	172.12123107910156	14.875633239746094	23.394229888916016	
365.89862060546875	173.16636657714844	14.666589736938477	22.666595458984375	
365.03564453125	171.66278076171875	14.991537094116211	24.171972274780273	
365.3292236328125	171.94448852539062	15.093235969543457	23.587154388427734	
365.90887451171875	171.33267211914062	14.958233833312988	23.75432777404785	
365.52899169921875	171.446533203125	14.92820930480957	23.834697723388672	
366.2608642578125	172.09109497070312	15.035054206848145	22.835586547851562	
366.44171142578125	171.40335083007812	14.919031143188477	23.75623893737793	
366.5025329589844	172.35960388183594	14.7573881149292	23.868867874145508	
366.90753173828125	172.64511108398438	14.631024360656738	22.613813400268555	
366.8154296875	172.3022918701172	15.292635917663574	23.317035675048828	
366.44232177734375	171.8681182861328	15.603424072265625	23.633771896362305	
366.90924072265625	172.21743774414062	15.626533508300781	23.348787307739258	
367.52386474609375	172.79751586914062	15.762229919433594	22.7241268157959	
367.26043701171875	172.90736389160156	15.458154678344727	22.937286376953125	
367.33172607421875	173.22702026367188	15.503374099731445	22.919002532958984	
366.8944396972656	172.3045654296875	15.921585083007812	23.439041137695312	
366.9712219238281	171.9097900390625	15.92036247253418	23.284656524658203	
367.3499755859375	173.05712890625	15.007223129272461	22.593639373779297	
367.67742919921875	172.57418823242188	14.934499740600586	22.749095916748047	
368.42852783203125	172.36322021484375	15.03418254852295	22.87635040283203	
368.34088134765625	172.61793518066406	15.224664688110352	22.41168212890625	
369.2740783691406	172.0784454345703	14.808611869812012	22.34002113342285	
369.1877136230469	172.93392944335938	14.24053955078125	21.701738357543945	
369.6820373535156	173.29183959960938	13.553197860717773	21.041439056396484	
369.90863037109375	173.7851104736328	13.416406631469727	20.980113983154297	
370.164794921875	174.1798553466797	13.661775588989258	20.92366600036621	
370.2132263183594	173.1161651611328	14.088216781616211	21.59773063659668	
370.5472717285156	172.34136962890625	14.185234069824219	22.312297821044922	
