86.0	175.0	20.0	10.0	
87.2266616821289	175.13095092773438	18.918243408203125	9.808272361755371	
90.61483001708984	175.9333953857422	13.573127746582031	9.2048921585083	
90.87396240234375	176.16488647460938	12.738044738769531	9.013998985290527	
91.34759521484375	175.8227081298828	12.63197135925293	9.703970909118652	
91.76481628417969	175.83157348632812	12.788846969604492	9.496915817260742	
92.13569641113281	176.13760375976562	12.604307174682617	9.295265197753906	
92.57411193847656	175.76034545898438	12.022500991821289	9.7891263961792	
92.73524475097656	175.96543884277344	12.434043884277344	9.646200180053711	
93.26187896728516	176.2410125732422	12.965768814086914	9.115692138671875	
93.50442504882812	176.00009155273438	12.424703598022461	9.231547355651855	
93.57402038574219	176.5093994140625	13.054925918579102	8.80799674987793	
94.5131607055664	176.28762817382812	13.234051704406738	8.914448738098145	
94.81935119628906	175.9798126220703	12.866582870483398	9.379182815551758	
95.2630844116211	176.21434020996094	13.575799942016602	8.969609260559082	
95.9134521484375	176.645751953125	12.897183418273926	9.694945335388184	
96.20709991455078	177.20651245117188	12.65028190612793	9.133655548095703	
96.56034088134766	177.22377014160156	13.26893424987793	8.798286437988281	
96.83964538574219	176.52554321289062	12.35451889038086	9.284667015075684	
97.4627456665039	177.682373046875	12.938641548156738	8.346420288085938	
98.33869934082031	176.78582763671875	12.918283462524414	9.216887474060059	
99.22014617919922	177.43685913085938	12.505414962768555	8.487772941589355	
99.6898422241211	176.51828002929688	12.633074760437012	8.962278366088867	
100.53326416015625	177.07620239257812	11.950839042663574	8.926374435424805	
101.2535629272461	176.70718383789062	12.326966285705566	8.948623657226562	
101.70880889892578	176.99705505371094	12.189958572387695	9.07468318939209	
102.31465911865234	177.47113037109375	13.373001098632812	8.44078254699707	
102.88786315917969	176.4283447265625	12.632563591003418	9.371835708618164	
103.59675598144531	176.98129272460938	13.893930435180664	8.841607093811035	
104.347900390625	176.56735229492188	13.677923202514648	9.708845138549805	
105.33380126953125	177.75050354003906	14.727391242980957	8.932367324829102	
105.64500427246094	176.89279174804688	14.181124687194824	9.388740539550781	
105.51522064208984	175.36659240722656	14.045324325561523	10.293883323669434	
106.4346923828125	176.0799102783203	13.873883247375488	9.085393905639648	
107.10310363769531	175.5465087890625	14.952798843383789	11.367212295532227	
108.1602783203125	176.57498168945312	16.073253631591797	10.579028129577637	
109.51371002197266	177.7458953857422	16.67293357849121	9.829648971557617	
110.61689758300781	177.3155975341797	16.146535873413086	10.567441940307617	
111.57228088378906	177.6793670654297	15.131335258483887	10.08763599395752	
111.99797058105469	176.9766082763672	15.777819633483887	10.404976844787598	
113.0639419555664	177.7108154296875	16.34668731689453	10.614805221557617	
113.79752349853516	177.04592895507812	16.740455627441406	10.603137016296387	
114.27518463134766	176.8029327392578	17.534879684448242	11.017580032348633	
115.5756607055664	177.3826446533203	16.711227416992188	10.616659164428711	
117.20329284667969	178.3024444580078	17.036880493164062	10.219809532165527	
118.3214111328125	178.3135986328125	16.621007919311523	10.209298133850098	
118.8194351196289	177.12155151367188	17.145305633544922	11.248993873596191	
119.62373352050781	177.2550506591797	18.325204849243164	11.614675521850586	
120.7325210571289	177.0661163330078	18.411853790283203	11.681742668151855	
121.9160385131836	176.6121063232422	17.20503044128418	11.006056785583496	
122.0736083984375	176.4409637451172	17.72946548461914	11.265661239624023	
124.0616226196289	177.15956115722656	17.55112075805664	11.137029647827148	
124.954345703125	176.6005859375	18.588069915771484	11.828298568725586	
126.4495620727539	177.1453857421875	18.63370704650879	11.870104789733887	
128.847900390625	178.24371337890625	20.319110870361328	12.40318489074707	
129.00621032714844	177.02468872070312	22.363380432128906	13.13316822052002	
130.00392150878906	175.7482452392578	24.34422492980957	14.224835395812988	
130.4066925048828	175.22897338867188	23.95907211303711	13.4844331741333	
131.58505249023438	175.51637268066406	24.440771102905273	13.249319076538086	
132.02894592285156	175.4026336669922	25.816930770874023	13.42297077178955	
133.072265625	174.80020141601562	27.087635040283203	14.527704238891602	
135.17916870117188	174.1920623779297	28.772216796875	16.512662887573242	
135.8856201171875	174.1236114501953	28.9969482421875	16.587383270263672	
138.12881469726562	173.9129180908203	27.577999114990234	17.20050621032715	
139.80398559570312	174.10748291015625	26.89629554748535	17.257282257080078	
141.81565856933594	175.45864868164062	25.28375244140625	16.743303298950195	
142.49200439453125	175.84617614746094	27.42214584350586	16.534343719482422	
144.53330993652344	175.7019500732422	28.35638427734375	17.83954429626465	
146.39761352539062	176.193603515625	27.59137535095215	17.639976501464844	
148.25047302246094	176.868408203125	28.169931411743164	17.31846046447754	
149.4503173828125	176.16012573242188	27.600732803344727	16.38625144958496	
151.10324096679688	176.4255828857422	32.02192687988281	17.809633255004883	
152.9397430419922	176.32070922851562	31.138341903686523	18.376455307006836	
155.03457641601562	176.77346801757812	30.256093978881836	18.529287338256836	
156.93038940429688	176.3914031982422	30.133899688720703	18.962974548339844	
159.72952270507812	176.70132446289062	30.02834701538086	19.42342185974121	
161.7810821533203	176.92758178710938	30.919042587280273	20.028053283691406	
162.16738891601562	175.68777465820312	31.762405395507812	20.640060424804688	
165.46823120117188	175.9932098388672	32.50261306762695	21.362775802612305	
167.6575164794922	176.52462768554688	34.1966438293457	20.591426849365234	
169.9578094482422	176.6032257080078	35.323463439941406	21.017024993896484	
171.85556030273438	177.0241241455078	37.11113357543945	21.078060150146484	
174.18223571777344	176.66749572753906	37.43985366821289	22.16600227355957	
177.7628631591797	175.97183227539062	35.90775680541992	22.645694732666016	
181.0909881591797	175.5105743408203	37.71718215942383	22.320356369018555	
184.57980346679688	176.41522216796875	36.193260192871094	20.852508544921875	
189.00827026367188	177.885009765625	34.98626708984375	20.468164443969727	
194.28182983398438	179.30825805664062	34.62181854248047	21.012828826904297	
197.8011932373047	179.36068725585938	34.389400482177734	21.47838592529297	
201.03787231445312	180.0880126953125	35.010475158691406	21.607358932495117	
204.49618530273438	178.84396362304688	36.693443298339844	21.861263275146484	
202.96591186523438	175.9359893798828	40.96625518798828	21.3767032623291	
207.64859008789062	176.4941864013672	40.44417953491211	22.487308502197266	
212.24197387695312	176.7886962890625	43.255916595458984	23.770051956176758	
217.810791015625	177.92776489257812	42.9078369140625	24.444942474365234	
223.8727569580078	182.26828002929688	42.551212310791016	23.414478302001953	
226.49072265625	179.1578826904297	43.352272033691406	23.28529930114746	
227.05770874023438	175.34727478027344	45.15414810180664	22.912500381469727	
232.51065063476562	176.32052612304688	46.08992385864258	23.467885971069336	
235.42349243164062	174.9805908203125	46.25248336791992	23.126012802124023	
245.05398559570312	179.0684356689453	48.46457290649414	23.444705963134766	
250.0341796875	178.68026733398438	46.54436111450195	23.174612045288086	
259.44921875	181.77639770507812	46.246517181396484	24.01190185546875	
265.60235595703125	182.19117736816406	49.726226806640625	23.96685218811035	
272.935791015625	182.7293243408203	48.39706802368164	24.294347763061523	
280.611083984375	184.18771362304688	51.59686279296875	25.520488739013672	
286.6814270019531	185.0680694580078	51.44242477416992	25.745197296142578	
284.926025390625	175.78805541992188	54.67101287841797	25.84662437438965	
292.187255859375	175.50881958007812	51.615684509277344	26.18575668334961	
305.6473083496094	179.67979431152344	52.985496520996094	26.76983070373535	
307.92156982421875	174.00643920898438	49.63881301879883	28.347248077392578	
310.30230712890625	174.1896209716797	68.91407775878906	34.45703887939453	
342.02703857421875	186.97616577148438	58.700767517089844	28.82369613647461	
352.96258544921875	186.9174041748047	60.752403259277344	29.2919921875	
361.6545104980469	186.4853973388672	64.62285614013672	28.911535263061523	
377.37811279296875	189.9010772705078	67.6677017211914	30.50063705444336	
393.8231506347656	193.4379119873047	60.84809494018555	28.9176025390625	
410.4354553222656	194.76942443847656	62.67107391357422	28.829059600830078	
426.3641052246094	196.6148681640625	57.77760696411133	27.4400634765625	
