28.0	169.0	19.0	15.0	
28.02756690979004	168.3517303466797	18.501510620117188	15.317459106445312	
28.211694717407227	168.4193115234375	18.563302993774414	15.297449111938477	
28.27871322631836	168.59263610839844	19.009408950805664	14.823399543762207	
29.014907836914062	168.4381103515625	18.124347686767578	15.2898530960083	
29.321598052978516	168.24102783203125	18.656152725219727	15.660505294799805	
29.3154354095459	168.22885131835938	19.53194808959961	15.795141220092773	
29.836498260498047	168.28671264648438	18.73379135131836	15.524541854858398	
30.393310546875	168.30044555664062	19.163049697875977	15.64496898651123	
30.66852378845215	168.2176971435547	19.245264053344727	15.72521686553955	
30.773468017578125	168.10433959960938	19.093294143676758	15.824409484863281	
31.189056396484375	168.37594604492188	19.126827239990234	15.265539169311523	
31.51706314086914	168.1961212158203	20.044727325439453	15.809865951538086	
32.02766799926758	168.15185546875	19.270572662353516	15.981809616088867	
32.286415100097656	168.3109130859375	19.920434951782227	15.613232612609863	
32.59980392456055	168.16055297851562	20.166717529296875	15.965066909790039	
33.13806915283203	168.16397094726562	19.696821212768555	15.920095443725586	
33.04539108276367	168.28111267089844	21.155439376831055	15.6646089553833	
34.045326232910156	168.02120971679688	20.400312423706055	16.368297576904297	
34.31871032714844	168.01937866210938	20.402137756347656	16.184057235717773	
34.378379821777344	168.25921630859375	21.523265838623047	15.86638069152832	
35.19407653808594	167.9944305419922	20.743051528930664	16.380247116088867	
35.440093994140625	168.04876708984375	20.551685333251953	16.026569366455078	
36.2403678894043	168.24667358398438	21.302026748657227	16.289785385131836	
36.5672607421875	168.05496215820312	20.858381271362305	15.822466850280762	
37.119667053222656	168.24520874023438	20.9771785736084	16.0654239654541	
37.434444427490234	167.82237243652344	21.708711624145508	16.65530776977539	
38.005916595458984	168.03965759277344	20.926895141601562	16.00815200805664	
38.62016296386719	167.7723388671875	21.83509063720703	16.895843505859375	
39.07886505126953	168.085693359375	21.527273178100586	16.22564125061035	
39.711273193359375	167.9393310546875	22.515981674194336	16.766630172729492	
40.20714569091797	167.91665649414062	21.602130889892578	16.491985321044922	
40.90439987182617	167.88406372070312	22.531007766723633	16.813095092773438	
41.4847526550293	167.88400268554688	21.770999908447266	16.633588790893555	
42.330841064453125	167.908935546875	22.826244354248047	17.176067352294922	
42.84519577026367	167.98751831054688	21.611684799194336	16.670116424560547	
43.95668411254883	167.79010009765625	21.86860466003418	17.363677978515625	
44.33073806762695	167.88311767578125	22.188724517822266	16.88611602783203	
45.34040069580078	167.7117462158203	21.65279769897461	17.491130828857422	
46.16246795654297	168.06057739257812	22.796457290649414	17.57210922241211	
46.225242614746094	167.90716552734375	23.168432235717773	16.973026275634766	
47.26854705810547	168.06765747070312	23.777738571166992	17.554107666015625	
48.4515380859375	168.29281616210938	23.22086524963379	17.503311157226562	
49.348594665527344	169.29830932617188	22.868093490600586	16.511940002441406	
49.96849060058594	168.74069213867188	23.48666763305664	17.03392791748047	
50.732566833496094	169.05276489257812	23.8392276763916	16.806928634643555	
52.04914093017578	169.3143768310547	22.219329833984375	16.707386016845703	
52.79224395751953	168.3426971435547	22.8994197845459	17.435470581054688	
53.63628005981445	168.10340881347656	23.719371795654297	17.646026611328125	
54.30077362060547	168.1134490966797	23.556198120117188	17.17910385131836	
55.16658401489258	168.15679931640625	23.627111434936523	17.117271423339844	
56.558563232421875	167.9806365966797	22.823040008544922	17.620702743530273	
57.69843292236328	168.27362060546875	23.467212677001953	18.0874080657959	
58.80613327026367	168.20278930664062	23.45889663696289	18.43562889099121	
59.6663703918457	168.23751831054688	23.50904655456543	18.38652992248535	
60.327606201171875	168.2566680908203	24.089801788330078	18.419109344482422	
61.3463249206543	168.17791748046875	23.87265396118164	18.764392852783203	
62.97840118408203	168.5721435546875	23.811925888061523	18.62483787536621	
63.86236572265625	168.4994354248047	24.686899185180664	18.82404136657715	
64.85198974609375	168.6165771484375	25.159122467041016	18.554271697998047	
65.92292785644531	168.50376892089844	25.574609756469727	18.818920135498047	
67.75848388671875	168.70123291015625	25.054325103759766	18.873342514038086	
69.31098937988281	168.8291473388672	24.66063117980957	18.762235641479492	
70.48158264160156	169.2779541015625	25.198322296142578	18.651927947998047	
71.3046875	169.18075561523438	25.962162017822266	19.124221801757812	
72.32769775390625	169.34432983398438	26.36067771911621	19.353857040405273	
73.84744262695312	169.12423706054688	26.69643783569336	19.41995620727539	
74.73783111572266	168.7225799560547	25.6844539642334	19.813701629638672	
76.5656509399414	169.3770294189453	26.267169952392578	19.871395111083984	
79.05914306640625	170.62448120117188	26.014873504638672	18.32918930053711	
80.67015075683594	170.82327270507812	25.91574478149414	18.81322479248047	
81.28916931152344	170.18234252929688	26.224456787109375	19.593395233154297	
82.87217712402344	170.3964385986328	26.274206161499023	19.515527725219727	
83.377685546875	169.93295288085938	26.732311248779297	19.68191146850586	
85.39112854003906	170.34347534179688	27.790454864501953	19.94359588623047	
87.40010833740234	170.90428161621094	27.401256561279297	19.86130714416504	
88.42362976074219	170.2555389404297	27.427825927734375	19.886842727661133	
88.87738037109375	169.16053771972656	29.29837417602539	21.24850082397461	
90.68867492675781	169.3900146484375	28.447412490844727	20.949617385864258	
92.26617431640625	169.04339599609375	28.194122314453125	20.74717140197754	
93.7885971069336	169.3302764892578	27.366479873657227	20.994447708129883	
95.75680541992188	169.02772521972656	27.265453338623047	21.173112869262695	
98.00213623046875	170.28115844726562	28.620189666748047	20.37025260925293	
99.8183364868164	170.61402893066406	27.293441772460938	20.081607818603516	
101.45233154296875	170.65469360351562	28.45388412475586	20.217445373535156	
103.55965423583984	170.44863891601562	27.594844818115234	20.10835838317871	
104.31071472167969	169.98660278320312	28.19888687133789	21.184547424316406	
105.67984771728516	169.92190551757812	30.004440307617188	21.341901779174805	
107.68980407714844	170.05911254882812	30.15801429748535	21.630611419677734	
109.725830078125	170.11904907226562	29.165008544921875	21.967456817626953	
110.92964935302734	169.9949188232422	32.37920379638672	22.476245880126953	
112.82661437988281	169.63018798828125	31.758203506469727	23.329845428466797	
114.0616455078125	168.86050415039062	31.077407836914062	23.734683990478516	
116.28761291503906	169.72940063476562	32.91447830200195	22.976184844970703	
117.90281677246094	168.95150756835938	32.50030517578125	23.918529510498047	
120.3814468383789	169.8900909423828	32.27149963378906	22.752544403076172	
121.8901138305664	169.54171752929688	31.256916046142578	23.462268829345703	
123.50633239746094	168.94046020507812	31.417858123779297	24.02099609375	
125.94771575927734	169.07022094726562	32.66783142089844	23.734539031982422	
128.815673828125	170.0524139404297	31.766132354736328	22.263057708740234	
130.60177612304688	169.81471252441406	32.66097640991211	22.728618621826172	
132.7515411376953	169.456787109375	32.089439392089844	23.656946182250977	
134.9611358642578	169.2390899658203	33.978363037109375	23.815868377685547	
137.62106323242188	169.36941528320312	34.65684127807617	24.202417373657227	
140.0760498046875	169.50389099121094	34.644432067871094	24.874521255493164	
142.43524169921875	168.93423461914062	34.66847229003906	25.560245513916016	
145.3792266845703	169.2366943359375	34.766700744628906	25.884429931640625	
147.0003662109375	167.77960205078125	31.1235408782959	26.561481475830078	
148.98899841308594	168.62649536132812	34.49496841430664	26.752588272094727	
153.90005493164062	168.98208618164062	32.34061050415039	25.407344818115234	
156.33737182617188	169.55401611328125	35.596595764160156	25.309986114501953	
158.3049774169922	169.31321716308594	38.14564514160156	26.779306411743164	
161.5550537109375	169.78880310058594	41.68828582763672	27.558029174804688	
164.07302856445312	169.221923828125	41.86271286010742	29.069665908813477	
166.53834533691406	168.20675659179688	43.561058044433594	30.681499481201172	
171.1794891357422	169.1365509033203	40.9110107421875	29.116344451904297	
175.72811889648438	169.69198608398438	41.958553314208984	28.965206146240234	
176.9128875732422	168.28195190429688	44.97200393676758	30.530553817749023	
180.78195190429688	167.91978454589844	43.053897857666016	31.031625747680664	
184.4132537841797	167.6060028076172	43.19109344482422	32.05496597290039	
189.03292846679688	168.7988739013672	46.04711151123047	32.12321853637695	
191.08224487304688	167.32943725585938	45.217098236083984	33.105560302734375	
196.23110961914062	168.2760009765625	46.4814338684082	32.580726623535156	
203.2105255126953	169.32249450683594	49.014610290527344	33.05799102783203	
205.758056640625	168.83590698242188	49.03341293334961	33.071651458740234	
209.84030151367188	168.80908203125	50.347984313964844	33.32880783081055	
213.212646484375	166.58328247070312	46.708778381347656	34.70884323120117	
221.18618774414062	168.63897705078125	49.699005126953125	34.5908317565918	
221.8461151123047	166.30941772460938	48.693538665771484	35.491355895996094	
228.3148651123047	166.67745971679688	49.509803771972656	35.673763275146484	
233.7838897705078	167.3330535888672	48.61370086669922	34.75652313232422	
239.05807495117188	166.484130859375	50.86781311035156	36.32920455932617	
245.26223754882812	167.5760040283203	55.18971633911133	38.18082809448242	
247.50338745117188	165.70529174804688	56.38555145263672	40.777931213378906	
256.3210754394531	165.21910095214844	56.56782913208008	41.14571762084961	
262.50164794921875	165.27713012695312	57.11656951904297	41.503509521484375	
268.548828125	165.68556213378906	59.56206130981445	42.526283264160156	
276.5029296875	165.37376403808594	60.0401725769043	44.6556282043457	
289.136474609375	166.1068115234375	57.30718994140625	42.98199462890625	
293.24505615234375	165.2434539794922	63.006591796875	44.96299362182617	
301.8160400390625	164.92442321777344	63.35814666748047	46.81859588623047	
317.0753479003906	168.39620971679688	64.6720962524414	45.477577209472656	
310.5400390625	166.76412963867188	64.18133544921875	42.62518310546875	
320.0778503417969	166.24465942382812	63.849365234375	44.22861862182617	
340.1398620605469	166.24990844726562	63.5120964050293	45.676002502441406	
354.80572509765625	166.12330627441406	64.23906707763672	46.60778045654297	
365.9027099609375	164.49700927734375	61.147621154785156	44.887794494628906	
377.9378967285156	164.7398681640625	60.48834228515625	44.83191680908203	
393.7860107421875	165.88308715820312	59.35491943359375	44.471656799316406	
378.46990966796875	166.6816864013672	69.02194213867188	44.24480438232422	
370.3583068847656	168.79898071289062	76.23430633544922	42.49551010131836	
