20.0	126.0	122.0	121.0	
34.227020263671875	126.17784118652344	118.38211822509766	119.15541076660156	
52.522804260253906	129.29925537109375	113.75416564941406	113.01092529296875	
68.71121215820312	130.1499786376953	109.17403411865234	111.31562805175781	
78.46421813964844	131.94876098632812	109.27113342285156	108.20247650146484	
92.00585174560547	132.79209899902344	101.91212463378906	107.11356353759766	
101.69852447509766	133.6897430419922	100.71290588378906	104.24150085449219	
110.98393249511719	135.02220153808594	99.041015625	101.60031127929688	
122.9153823852539	135.8096466064453	95.61663818359375	100.38093566894531	
130.99098205566406	137.52066040039062	94.89947509765625	96.91194152832031	
139.77334594726562	138.6502227783203	90.4769515991211	93.41182708740234	
144.86009216308594	138.00344848632812	90.87301635742188	95.03369140625	
155.09701538085938	140.46409606933594	84.3419189453125	89.7192153930664	
162.43531799316406	142.4854278564453	83.24020385742188	86.81340026855469	
169.4336700439453	143.386474609375	82.2115249633789	85.87850952148438	
176.9698486328125	144.92092895507812	79.56842041015625	82.95356750488281	
184.3429412841797	146.36294555664062	78.33889770507812	80.57870483398438	
188.82955932617188	146.1629638671875	79.05696868896484	78.81770324707031	
194.8094940185547	146.74778747558594	76.90435791015625	77.70613098144531	
201.9962158203125	147.96994018554688	74.51293182373047	74.8260269165039	
207.43618774414062	148.8175811767578	72.98783111572266	72.12955474853516	
212.4812469482422	148.9122314453125	71.12084197998047	70.35845184326172	
218.0252685546875	149.7877197265625	70.5012435913086	70.0577392578125	
223.1063690185547	149.77432250976562	68.12394714355469	69.23467254638672	
227.63619995117188	150.53494262695312	67.42647552490234	67.3685531616211	
231.60366821289062	151.23886108398438	66.91284942626953	66.7409896850586	
237.61044311523438	152.03868103027344	64.32051086425781	63.484642028808594	
241.9737091064453	152.6082000732422	64.64608001708984	63.116371154785156	
246.37179565429688	153.2914276123047	63.9775390625	62.06958770751953	
251.90762329101562	153.7438201904297	62.05450439453125	61.09873580932617	
255.077880859375	154.36273193359375	60.97944259643555	59.51267623901367	
258.2577209472656	154.88946533203125	60.01715850830078	58.90712356567383	
262.85833740234375	155.30259704589844	58.56291580200195	57.61259841918945	
265.214111328125	156.00198364257812	57.90594482421875	55.77522659301758	
268.09796142578125	156.28500366210938	57.36261749267578	56.465301513671875	
272.36517333984375	156.30087280273438	55.16345977783203	55.474876403808594	
275.6863708496094	157.53402709960938	53.21082305908203	54.34149169921875	
277.9876403808594	157.817626953125	52.93202590942383	53.98591232299805	
281.5362243652344	158.00404357910156	51.46605682373047	52.526275634765625	
284.2515869140625	158.53668212890625	51.298553466796875	51.54805374145508	
285.9423828125	158.99681091308594	51.070804595947266	52.71958541870117	
289.4947509765625	159.3474578857422	48.62734603881836	51.01026153564453	
290.9029235839844	159.2317657470703	49.47434997558594	50.45866012573242	
294.2980651855469	160.364501953125	47.91230773925781	49.767093658447266	
296.164306640625	160.49264526367188	47.85735321044922	47.99098205566406	
299.3851318359375	160.32301330566406	46.165714263916016	47.52472686767578	
301.44287109375	160.7072296142578	45.12811279296875	45.812591552734375	
302.20343017578125	161.2675323486328	45.77095031738281	46.00458526611328	
305.67193603515625	161.2267608642578	44.24608612060547	44.63683319091797	
307.2008056640625	161.3001708984375	44.23542785644531	43.8234748840332	
309.622802734375	162.1514129638672	42.90180206298828	42.53322219848633	
311.788818359375	162.44058227539062	42.25074005126953	41.33892822265625	
312.68255615234375	162.53118896484375	42.40821838378906	40.81441879272461	
314.8534240722656	162.49465942382812	41.08000564575195	40.470062255859375	
316.95635986328125	162.64382934570312	40.49715805053711	40.018524169921875	
318.11871337890625	162.48818969726562	40.337100982666016	40.134002685546875	
319.8887634277344	163.4461669921875	39.248409271240234	38.83639144897461	
322.6167907714844	163.2576904296875	37.903480529785156	37.911048889160156	
323.4958190917969	163.89605712890625	38.06255340576172	38.371726989746094	
323.91827392578125	163.9956512451172	38.16413879394531	37.52631378173828	
325.814697265625	164.19613647460938	37.82861328125	36.86264419555664	
326.7863464355469	164.162353515625	37.45187759399414	36.7082633972168	
328.2942199707031	165.28892517089844	36.40089416503906	36.193016052246094	
329.11676025390625	164.73321533203125	36.11094284057617	35.42876434326172	
330.154541015625	164.9587860107422	35.9420280456543	35.57535934448242	
331.5832214355469	165.56455993652344	35.525306701660156	35.2745361328125	
333.6053771972656	165.23214721679688	34.363380432128906	34.26845169067383	
333.73846435546875	165.45286560058594	34.892662048339844	34.15316390991211	
334.17144775390625	165.73655700683594	34.96649932861328	33.88882064819336	
335.9222717285156	165.92864990234375	33.74760437011719	33.01973342895508	
336.93096923828125	166.60153198242188	32.687217712402344	32.27452850341797	
338.1130676269531	166.4903564453125	32.2694091796875	32.2074089050293	
339.57257080078125	166.1931610107422	31.834991455078125	32.09987258911133	
339.1494140625	166.88174438476562	32.65324783325195	32.31663513183594	
340.04296875	166.73495483398438	32.35748291015625	32.32358932495117	
340.8313293457031	167.0018310546875	31.881671905517578	31.348886489868164	
342.03314208984375	167.16781616210938	31.078887939453125	31.342432022094727	
342.65411376953125	168.1144561767578	29.54547691345215	29.303302764892578	
343.29705810546875	166.97076416015625	31.186044692993164	31.078054428100586	
344.06304931640625	166.7638702392578	31.28118896484375	31.282123565673828	
343.49786376953125	167.56076049804688	31.435012817382812	31.382343292236328	
345.9812927246094	167.3101806640625	30.354755401611328	30.521846771240234	
346.11944580078125	167.73751831054688	30.614521026611328	30.469268798828125	
346.52435302734375	167.76089477539062	30.40957260131836	30.538143157958984	
346.22833251953125	166.84848022460938	31.448638916015625	31.3143310546875	
346.82806396484375	167.25482177734375	30.978084564208984	31.194232940673828	
347.82733154296875	167.09820556640625	31.35262107849121	31.067241668701172	
347.762939453125	167.41610717773438	31.211172103881836	31.138011932373047	
348.2832946777344	167.22190856933594	31.046558380126953	31.016742706298828	
349.313232421875	167.747314453125	30.038604736328125	30.034412384033203	
348.71282958984375	167.3508758544922	30.9008731842041	30.798208236694336	
348.8406677246094	167.0249786376953	31.457164764404297	31.082876205444336	
349.6799011230469	167.42031860351562	30.240259170532227	30.147724151611328	
350.61895751953125	167.4707794189453	30.191768646240234	30.327220916748047	
350.23541259765625	168.01121520996094	30.146556854248047	30.529254913330078	
350.216552734375	166.82630920410156	31.056066513061523	30.831146240234375	
350.53363037109375	168.45498657226562	29.788671493530273	30.2885684967041	
351.5831298828125	168.12261962890625	29.154226303100586	29.133956909179688	
351.9104309082031	167.72048950195312	28.95270347595215	28.633502960205078	
352.3149719238281	168.53536987304688	28.347301483154297	28.564218521118164	
352.6763610839844	168.3257293701172	27.998096466064453	27.866260528564453	
352.81427001953125	168.64505004882812	27.79804039001465	28.0316162109375	
353.401611328125	169.02230834960938	27.219980239868164	27.30472183227539	
353.153076171875	168.3870849609375	28.075912475585938	27.8991756439209	
352.79901123046875	168.6768035888672	27.68746566772461	27.64204978942871	
352.90728759765625	168.81655883789062	27.816370010375977	28.05385398864746	
353.81158447265625	168.75558471679688	27.509387969970703	27.926288604736328	
354.01519775390625	169.1446075439453	27.183361053466797	27.556060791015625	
353.50103759765625	168.84909057617188	27.156421661376953	27.40167808532715	
354.9442138671875	169.31150817871094	26.442163467407227	26.71469497680664	
354.873779296875	169.2528839111328	26.087421417236328	26.227008819580078	
355.763916015625	169.59548950195312	25.280414581298828	25.315410614013672	
356.29833984375	169.5255584716797	25.62185287475586	25.318418502807617	
356.30230712890625	169.30917358398438	25.6213436126709	25.561050415039062	
356.57110595703125	169.55386352539062	25.29046058654785	24.66060447692871	
356.96087646484375	169.9793243408203	24.82537841796875	24.59136390686035	
357.2946472167969	169.84146118164062	24.662708282470703	24.38228988647461	
357.7364807128906	169.54824829101562	24.99032974243164	24.535266876220703	
356.76214599609375	170.5825653076172	24.548686981201172	24.957782745361328	
357.9440612792969	169.56912231445312	24.825475692749023	24.50212287902832	
357.55340576171875	169.60452270507812	24.771339416503906	24.358516693115234	
358.69903564453125	169.73416137695312	24.374691009521484	24.091720581054688	
358.8460388183594	170.2451629638672	24.251697540283203	23.95265007019043	
359.1395263671875	169.73431396484375	24.67949104309082	24.254560470581055	
359.5594177246094	170.08908081054688	24.594879150390625	23.700008392333984	
359.5231628417969	170.20803833007812	24.46543312072754	23.972108840942383	
359.4646301269531	170.4717254638672	24.392839431762695	23.90408706665039	
359.63739013671875	170.70774841308594	23.480024337768555	23.182382583618164	
359.43670654296875	170.70643615722656	23.373498916625977	22.986736297607422	
359.8275451660156	170.86367797851562	23.101062774658203	22.444316864013672	
360.2977600097656	170.89389038085938	22.916492462158203	22.391387939453125	
360.21728515625	171.27655029296875	22.619464874267578	21.939983367919922	
360.44232177734375	171.59645080566406	21.516836166381836	21.419429779052734	
361.7206115722656	171.7418670654297	20.693790435791016	20.219818115234375	
362.2215270996094	172.0792694091797	20.55401039123535	20.15102767944336	
362.4605712890625	172.33241271972656	20.071956634521484	20.00234603881836	
361.4855651855469	172.518798828125	19.96999740600586	20.215396881103516	
361.7423400878906	172.21426391601562	20.29092025756836	20.44248390197754	
362.093994140625	171.6014404296875	20.61284065246582	20.603893280029297	
362.44879150390625	172.23475646972656	19.53415298461914	19.374069213867188	
362.8333435058594	172.41244506835938	20.256214141845703	20.538301467895508	
367.19122314453125	171.63211059570312	19.662200927734375	19.192935943603516	
