326.0	143.0	21.0	49.0	
326.1751708984375	142.20350646972656	20.78579330444336	49.307464599609375	
326.47552490234375	142.3878631591797	20.718475341796875	50.11789321899414	
326.8806457519531	141.81398010253906	20.58644676208496	50.19135665893555	
327.21881103515625	141.62060546875	20.51347541809082	50.836463928222656	
328.799072265625	142.61904907226562	20.62430763244629	50.64748001098633	
328.6473693847656	142.072265625	20.78299331665039	52.0443229675293	
328.6934509277344	140.7672882080078	19.720216751098633	51.7783203125	
329.14141845703125	140.39224243164062	19.946170806884766	51.89768600463867	
326.08404541015625	140.8566436767578	22.226707458496094	51.48653030395508	
324.6986389160156	141.169921875	22.648462295532227	51.0250244140625	
325.0108337402344	141.2632598876953	21.694128036499023	50.68757247924805	
324.9956359863281	141.39842224121094	21.866262435913086	50.06751251220703	
324.16864013671875	141.6078643798828	21.84408950805664	49.50550079345703	
324.4014587402344	142.52578735351562	21.362314224243164	49.17047882080078	
324.05865478515625	141.84632873535156	22.002548217773438	50.44572830200195	
324.63690185546875	142.8225555419922	21.465702056884766	49.43185043334961	
324.15692138671875	142.4884033203125	21.850481033325195	49.759883880615234	
323.8760070800781	142.6159210205078	21.587017059326172	49.62406539916992	
323.65283203125	142.7278289794922	21.912551879882812	48.879005432128906	
324.23211669921875	142.868896484375	21.3066463470459	48.87173843383789	
324.20684814453125	142.58865356445312	21.61728286743164	49.02367401123047	
323.66009521484375	142.63858032226562	21.629863739013672	48.45570755004883	
324.3850402832031	142.6671142578125	21.134204864501953	48.57892608642578	
323.9892578125	143.0813446044922	21.020166397094727	48.682735443115234	
324.1375427246094	143.2123260498047	21.33523941040039	48.29829025268555	
324.3458557128906	143.26284790039062	21.0355281829834	48.42514419555664	
324.67510986328125	142.904052734375	20.677265167236328	48.305850982666016	
324.245361328125	142.84829711914062	21.116252899169922	48.49136734008789	
324.56304931640625	142.64166259765625	20.416881561279297	49.11902618408203	
324.24090576171875	142.49349975585938	21.30581283569336	49.30195236206055	
324.25531005859375	142.79432678222656	21.4554443359375	48.88398361206055	
324.3377380371094	143.05337524414062	21.041744232177734	48.31716537475586	
324.4130554199219	142.7528076171875	21.308202743530273	48.9321174621582	
324.59149169921875	143.34779357910156	20.220630645751953	48.0435791015625	
324.3216247558594	143.4346160888672	21.29901885986328	47.877132415771484	
324.51715087890625	143.60922241210938	20.65169334411621	47.63812255859375	
324.9808654785156	143.4762420654297	20.110408782958984	47.38798522949219	
324.3089294433594	142.9520263671875	20.975351333618164	48.601104736328125	
324.384521484375	142.7161407470703	20.992408752441406	48.71144485473633	
323.9658508300781	142.7737579345703	21.303436279296875	48.78783416748047	
324.3314514160156	143.07606506347656	21.16493034362793	48.98027038574219	
324.5757751464844	142.52980041503906	20.966169357299805	48.99718475341797	
325.31878662109375	143.8193359375	19.638891220092773	47.790863037109375	
324.47564697265625	143.378662109375	20.582021713256836	48.2644157409668	
325.3148193359375	142.94174194335938	21.087886810302734	48.38262939453125	
324.58551025390625	142.86656188964844	21.624771118164062	48.45733642578125	
324.727294921875	143.47808837890625	20.52408218383789	48.0003662109375	
324.798095703125	143.3918914794922	20.70351219177246	48.27257537841797	
324.1241760253906	143.226806640625	20.854568481445312	48.14773941040039	
324.7801818847656	142.5351104736328	20.703678131103516	48.21320724487305	
324.6562805175781	143.20855712890625	20.686738967895508	48.38254928588867	
324.6685485839844	142.7843780517578	20.940311431884766	48.90288543701172	
324.86114501953125	142.88436889648438	21.10221290588379	48.73268508911133	
324.76263427734375	142.7703857421875	20.952207565307617	49.15886306762695	
324.758544921875	142.71681213378906	21.067806243896484	48.729652404785156	
324.6780700683594	142.4893798828125	20.80889320373535	49.028499603271484	
324.9219665527344	142.47763061523438	21.070068359375	49.43714904785156	
325.26959228515625	142.57298278808594	20.890886306762695	48.943519592285156	
324.5583190917969	143.0357208251953	20.991653442382812	48.6148681640625	
324.673583984375	143.3610382080078	20.648574829101562	47.93464279174805	
325.2712707519531	142.85450744628906	20.563634872436523	48.26890563964844	
325.0437927246094	142.84207153320312	20.602069854736328	48.363731384277344	
324.8096923828125	143.2553253173828	20.740570068359375	48.81439971923828	
324.6155700683594	142.98721313476562	20.830656051635742	47.82857131958008	
324.69561767578125	142.8307342529297	20.72423553466797	48.501739501953125	
324.8668212890625	143.5329132080078	20.577556610107422	47.593116760253906	
324.403564453125	142.8251953125	21.05470848083496	48.78248596191406	
324.410888671875	143.27447509765625	21.039852142333984	47.91303253173828	
324.6263732910156	143.0312957763672	20.91339111328125	48.364585876464844	
325.0327453613281	143.19358825683594	20.883169174194336	48.61997604370117	
325.015380859375	143.07904052734375	20.707853317260742	48.86853790283203	
325.0638732910156	142.4829864501953	21.237384796142578	49.68037033081055	
325.0083923339844	143.25205993652344	20.862850189208984	47.93089294433594	
324.8121337890625	142.95266723632812	21.134572982788086	48.348487854003906	
324.3825378417969	143.13943481445312	21.581069946289062	48.7571907043457	
325.0213928222656	142.9598388671875	20.766117095947266	48.691627502441406	
324.8720703125	142.6112518310547	21.403987884521484	48.96833038330078	
324.4410705566406	142.64846801757812	21.620220184326172	48.846435546875	
324.79376220703125	142.6506805419922	21.114110946655273	49.03056716918945	
324.6784362792969	142.4501495361328	20.95476722717285	49.452476501464844	
324.92987060546875	143.36026000976562	20.826305389404297	48.152671813964844	
324.7950744628906	142.74142456054688	21.035274505615234	48.90919494628906	
324.3612365722656	143.25274658203125	21.00628089904785	48.11278533935547	
324.61175537109375	142.87857055664062	20.67327880859375	48.674739837646484	
324.6810607910156	143.36001586914062	20.887348175048828	48.06938934326172	
324.3457336425781	143.26402282714844	21.11834144592285	47.68828582763672	
325.3402404785156	143.28350830078125	20.91061019897461	48.345306396484375	
324.8783874511719	143.60983276367188	20.06278419494629	47.63663101196289	
324.1976318359375	143.00392150878906	20.785818099975586	48.35982131958008	
324.80133056640625	142.71646118164062	21.203927993774414	48.57548141479492	
324.84625244140625	143.2105255126953	20.69687843322754	48.046913146972656	
325.1495056152344	143.1678924560547	20.45370864868164	47.976722717285156	
325.2733459472656	143.12612915039062	20.32564353942871	48.25933074951172	
325.31475830078125	143.29750061035156	20.77216339111328	48.37334060668945	
325.79827880859375	143.47056579589844	19.492502212524414	47.638519287109375	
325.07781982421875	143.78396606445312	20.104663848876953	47.35918426513672	
324.74530029296875	142.7458038330078	21.123594284057617	48.862632751464844	
324.67010498046875	143.10467529296875	20.55952262878418	48.45499038696289	
324.6932678222656	142.52499389648438	21.1171932220459	48.83979415893555	
324.4617919921875	142.97384643554688	21.13870620727539	48.22429656982422	
324.7843933105469	142.37071228027344	21.374818801879883	49.572235107421875	
324.52459716796875	142.43875122070312	21.71724510192871	48.743255615234375	
324.2982177734375	143.1853485107422	21.21847152709961	48.25564956665039	
324.95001220703125	142.77967834472656	21.188966751098633	49.24884796142578	
324.7723388671875	142.76145935058594	21.178855895996094	48.979854583740234	
324.8431396484375	143.0782928466797	21.256694793701172	49.06932067871094	
324.9739074707031	142.3820037841797	21.476043701171875	49.63435745239258	
324.04180908203125	142.5140380859375	21.469507217407227	49.23368453979492	
323.3990173339844	143.0267333984375	21.517749786376953	47.696285247802734	
322.33026123046875	142.90451049804688	20.922019958496094	48.48841857910156	
321.0304260253906	142.64248657226562	21.3194580078125	48.94676971435547	
318.5784606933594	143.22189331054688	20.990110397338867	47.47850799560547	
315.1280212402344	143.11705017089844	20.890649795532227	47.182342529296875	
311.9023132324219	143.42843627929688	21.552200317382812	48.118507385253906	
306.1422424316406	142.5246124267578	21.266271591186523	48.676361083984375	
299.54400634765625	142.75393676757812	21.5377140045166	47.80210494995117	
291.95806884765625	141.83770751953125	21.847064971923828	48.79127883911133	
285.0014343261719	141.8463134765625	21.76993751525879	48.69892120361328	
279.13214111328125	140.8174285888672	22.547645568847656	49.67647933959961	
269.27935791015625	141.32424926757812	22.955228805541992	48.910118103027344	
258.6809387207031	141.8005828857422	21.633127212524414	47.94698715209961	
248.4832305908203	140.78102111816406	21.651010513305664	48.79201126098633	
240.0205535888672	140.3954315185547	21.507339477539062	49.57807159423828	
233.76473999023438	140.09762573242188	21.58115005493164	49.297752380371094	
228.23916625976562	141.0724334716797	21.137523651123047	47.58012008666992	
221.9640655517578	140.08328247070312	22.00765609741211	48.821266174316406	
216.2366485595703	139.24722290039062	22.85548210144043	49.65400314331055	
211.5751190185547	139.44122314453125	22.562543869018555	49.48673629760742	
206.8870391845703	139.57382202148438	21.629444122314453	49.055274963378906	
204.4603271484375	139.577880859375	21.560962677001953	48.546958923339844	
200.45037841796875	139.57020568847656	21.271011352539062	49.0772705078125	
197.1299285888672	139.1892852783203	21.571189880371094	48.91230392456055	
194.28125	139.2199249267578	22.045793533325195	48.537113189697266	
190.87542724609375	139.4989471435547	21.489734649658203	49.272682189941406	
186.36573791503906	139.93582153320312	21.247966766357422	48.594451904296875	
180.9288330078125	139.5454864501953	20.994579315185547	48.1888313293457	
176.64547729492188	139.7134246826172	20.78158950805664	48.12364959716797	
171.2495880126953	139.93661499023438	21.11092758178711	47.60803985595703	
166.79855346679688	138.87913513183594	21.279937744140625	48.53022003173828	
162.5718536376953	139.4290771484375	21.160533905029297	47.93274688720703	
158.7737579345703	139.318115234375	20.343595504760742	47.73341369628906	
154.4059600830078	138.9149169921875	21.096973419189453	48.45935821533203	
151.74143981933594	139.2562713623047	21.048675537109375	48.233097076416016	
146.9191436767578	138.97589111328125	20.795085906982422	48.047447204589844	
142.24990844726562	139.17926025390625	20.780105590820312	47.832374572753906	
138.0012969970703	138.86550903320312	20.328596115112305	47.859649658203125	
133.4201202392578	139.42544555664062	20.363515853881836	47.111629486083984	
129.2455596923828	139.45140075683594	19.679988861083984	47.07306671142578	
125.00897216796875	138.7130126953125	19.602115631103516	47.79872512817383	
120.6971435546875	138.6738739013672	20.005212783813477	47.8790397644043	
115.57170104980469	138.82643127441406	19.513437271118164	47.14985275268555	
109.1217269897461	138.42127990722656	20.045530319213867	47.95879364013672	
102.5097885131836	138.33865356445312	20.201427459716797	46.88263702392578	
96.58375549316406	138.41787719726562	19.605602264404297	46.98065948486328	
89.95442199707031	138.2932586669922	19.6035213470459	47.59938430786133	
83.68710327148438	137.11984252929688	20.82143783569336	49.06592559814453	
77.12858581542969	136.44586181640625	20.995723724365234	48.87816619873047	
68.90922546386719	135.8514862060547	21.679691314697266	50.260169982910156	
59.574867248535156	134.32180786132812	23.658184051513672	55.20237350463867	
47.95441436767578	134.45162963867188	21.417919158935547	49.59040832519531	
37.13500213623047	134.18014526367188	21.448474884033203	51.81878662109375	
25.568958282470703	134.20106506347656	21.69647979736328	51.90946578979492	
17.0003662109375	135.26580810546875	20.715513229370117	50.94890213012695	
12.763381004333496	135.2050323486328	20.387914657592773	51.59299850463867	
11.527730941772461	136.53439331054688	21.049619674682617	52.01777267456055	
6.056876182556152	135.87258911132812	21.55251693725586	51.58626174926758	
1.5485801696777344	137.03561401367188	21.350126266479492	51.5805549621582	
0.01874713972210884	136.68746948242188	20.121240615844727	51.91362762451172	
0.0	135.37911987304688	19.645183563232422	55.01572799682617	
-2.651958703994751	138.45675659179688	23.621129989624023	55.115928649902344	
1.9676975011825562	143.8620147705078	23.391780853271484	54.580787658691406	
19.600269317626953	141.024658203125	23.57080078125	54.998497009277344	
17.687524795532227	138.46751403808594	22.7100830078125	52.99015426635742	
13.443331718444824	136.95489501953125	22.749462127685547	53.08203887939453	
5.076483726501465	142.1885986328125	23.05373764038086	53.792015075683594	
2.6535913944244385	135.64053344726562	22.920745849609375	53.48169708251953	
0.025591086596250534	138.6671142578125	23.627605438232422	55.13103485107422	
0.25110894441604614	143.3696746826172	22.748798370361328	53.080482482910156	
20.91011619567871	142.13150024414062	23.1212100982666	53.94944381713867	
77.82927703857422	142.8964385986328	22.988357543945312	53.63945388793945	
82.6400375366211	156.27023315429688	23.870819091796875	55.69852828979492	
87.8351821899414	147.8748321533203	23.15451431274414	54.02714920043945	
83.92649841308594	147.4170684814453	23.57279396057129	55.00312423706055	
75.21421813964844	137.92054748535156	22.821374893188477	53.24980926513672	
79.68472290039062	140.52615356445312	23.23516845703125	54.21532440185547	
79.9004898071289	143.61572265625	23.160114288330078	54.040199279785156	
61.89152908325195	154.611328125	23.935148239135742	55.848609924316406	
58.515892028808594	158.1478729248047	23.913909912109375	55.79905319213867	
63.33152389526367	163.5043487548828	23.199466705322266	54.13202667236328	
42.1242790222168	166.44833374023438	22.517772674560547	52.541412353515625	
44.03118133544922	170.17234802246094	22.17354965209961	51.73822784423828	
31.307117462158203	168.8331756591797	21.77398681640625	50.80591583251953	
31.458820343017578	155.71322631835938	22.22161293029785	51.850379943847656	
28.448522567749023	155.53244018554688	22.408018112182617	52.28532791137695	
23.83155059814453	167.0637664794922	22.205669403076172	51.81318283081055	
28.416366577148438	170.1688232421875	22.022666931152344	51.38617706298828	
24.041194915771484	160.77108764648438	21.597272872924805	50.393592834472656	
11.724740028381348	163.21310424804688	20.852672576904297	48.65619659423828	
6.266624927520752	169.8383331298828	19.55943489074707	59.26108932495117	
-1.0857213735580444	187.2324981689453	21.236011505126953	49.550655364990234	
1.8942086696624756	180.0028533935547	19.55484390258789	59.35004806518555	
4.057064056396484	180.15524291992188	21.93447494506836	61.8628044128418	
0.4031715393066406	184.7912139892578	21.65236473083496	61.61659622192383	
9.372883796691895	179.08921813964844	22.628345489501953	63.75679397583008	
6.9622673988342285	181.77606201171875	20.959224700927734	60.91438674926758	
4.374255180358887	178.77230834960938	21.629016876220703	62.90633010864258	
1.7633707523345947	180.5156707763672	21.274967193603516	62.201751708984375	
0.8533876538276672	178.58087158203125	21.189151763916016	64.40238952636719	
0.5043733716011047	181.3944854736328	21.184123992919922	62.329833984375	
0.8377572894096375	180.31459045410156	21.18711280822754	62.26366424560547	
-1.0729957818984985	186.9779815673828	22.091373443603516	51.5464973449707	
0.24507160484790802	181.84695434570312	20.926170349121094	62.53179931640625	
0.11917056888341904	186.1015167236328	20.189651489257812	58.462059020996094	
-3.398519992828369	189.6925048828125	21.191059112548828	49.445770263671875	
-2.97240948677063	187.58412170410156	21.76459312438965	50.784019470214844	
-3.2810752391815186	190.62496948242188	20.996509552001953	48.991825103759766	
2.1653542518615723	187.20286560058594	21.93593978881836	51.18382263183594	
1.0247468948364258	199.6542205810547	22.02231216430664	51.38535690307617	
0.040779877454042435	202.9521484375	22.715688705444336	53.00323486328125	
-1.852002739906311	212.0915069580078	22.618688583374023	52.77690505981445	
0.4391084611415863	205.64608764648438	22.392414093017578	52.248924255371094	
3.5242857933044434	191.7928924560547	22.546659469604492	52.60883331298828	
-1.9562923908233643	185.9708251953125	22.458711624145508	52.40361785888672	
1.3907318115234375	157.55010986328125	22.279010772705078	51.98432159423828	
-1.8731319904327393	155.09902954101562	23.332168579101562	54.441688537597656	
0.6486034393310547	158.06942749023438	23.052146911621094	53.788307189941406	
-1.025329351425171	166.25216674804688	22.418981552124023	52.3109245300293	
9.329771041870117	167.77090454101562	22.6339111328125	52.81242752075195	
0.4266067445278168	172.00460815429688	22.90052604675293	53.43452835083008	
9.838696479797363	174.69979858398438	23.528833389282227	54.90057373046875	
-0.5059598684310913	167.64697265625	23.044466018676758	53.7703857421875	
17.007450103759766	158.4685516357422	23.06791114807129	53.8250846862793	
12.54416561126709	163.68824768066406	22.457557678222656	52.40092849731445	
-0.12255020439624786	177.83602905273438	23.10373878479004	53.90868377685547	
8.919832229614258	170.96109008789062	23.13692855834961	53.986122131347656	
-0.5151994824409485	166.72918701171875	23.540136337280273	54.92694091796875	
3.6304690837860107	171.51112365722656	22.658939361572266	52.870811462402344	
7.182237148284912	140.5545654296875	22.609222412109375	52.75480270385742	
10.036545753479004	145.61134338378906	23.161653518676758	54.04380416870117	
6.5693559646606445	137.74606323242188	23.62825584411621	55.132545471191406	
17.33803939819336	125.86280822753906	24.21257972717285	56.49596405029297	
41.37804412841797	110.46588134765625	24.134078979492188	56.31279373168945	
46.33333969116211	108.8226089477539	25.026830673217773	58.39588165283203	
31.03032875061035	115.71739196777344	24.97804832458496	58.28205490112305	
2.003542900085449	123.8746337890625	25.055967330932617	58.4638671875	
-1.3961427211761475	131.8484649658203	26.08926773071289	60.874900817871094	
24.516515731811523	129.12417602539062	26.723331451416016	62.3543815612793	
9.28285026550293	117.0886001586914	25.960834503173828	60.575218200683594	
10.263956069946289	108.27299499511719	25.75579833984375	60.0968017578125	
31.657947540283203	120.34149169921875	25.94607925415039	60.54079055786133	
47.783912658691406	121.7596664428711	26.16555404663086	61.05290603637695	
47.701820373535156	112.11857604980469	26.31052017211914	61.39115524291992	
38.75617599487305	123.56559753417969	25.806476593017578	60.215049743652344	
45.24407958984375	133.0726318359375	25.823471069335938	60.25469970703125	
37.48837661743164	132.17745971679688	25.35587501525879	59.16364288330078	
34.51016616821289	113.91438293457031	26.23958396911621	61.225624084472656	
38.05438232421875	120.86738586425781	25.81827163696289	60.2425651550293	
13.695795059204102	141.6051483154297	27.202983856201172	63.47356033325195	
18.301525115966797	133.16775512695312	27.735641479492188	64.7164306640625	
19.486122131347656	112.89735412597656	26.957393646240234	62.9005241394043	
26.240192413330078	113.4308090209961	26.558002471923828	61.9686164855957	
25.88775062561035	135.1480255126953	26.141071319580078	60.99578094482422	
31.56805419921875	123.4412841796875	25.645282745361328	59.83893966674805	
27.4680118560791	98.30489349365234	25.5047607421875	59.51105880737305	
21.478994369506836	110.668212890625	25.7539005279541	60.092384338378906	
28.69220542907715	127.674072265625	27.16794204711914	63.391807556152344	
20.384166717529297	124.6416244506836	27.413803100585938	63.965484619140625	
18.860612869262695	130.9330596923828	26.93434715270996	62.84675216674805	
11.012735366821289	130.89614868164062	26.515941619873047	61.87047576904297	
9.05058479309082	130.5448760986328	26.742801666259766	62.399818420410156	
7.343050956726074	129.52841186523438	26.178050994873047	61.082069396972656	
8.839367866516113	115.1243667602539	25.925121307373047	60.491905212402344	
4.632601737976074	129.49954223632812	25.13544273376465	58.649314880371094	
0.43160074949264526	124.21519470214844	25.49607276916504	59.49078369140625	
3.9878151416778564	128.39199829101562	24.920574188232422	58.14795684814453	
1.4947240352630615	133.46957397460938	25.156421661376953	58.698265075683594	
-0.8117778897285461	110.79652404785156	24.344499588012695	56.80378341674805	
-1.2641271352767944	106.13542175292969	24.271419525146484	56.633262634277344	
1.5248920917510986	129.3517608642578	24.173871994018555	56.4056510925293	
-2.339146852493286	133.85061645507812	25.06446647644043	58.48370361328125	
-0.2668127119541168	132.38619995117188	25.16907501220703	58.7277946472168	
0.30201929807662964	123.57987213134766	25.7142333984375	71.69425201416016	
0.0	122.7462158203125	25.51473045349121	69.40382385253906	
0.0	122.82890319824219	24.418716430664062	67.74581146240234	
-3.0092177391052246	126.65153503417969	25.252668380737305	58.9228515625	
0.0	123.20308685302734	24.10535430908203	66.24491882324219	
0.6350105404853821	121.3458023071289	25.12044334411621	66.21609497070312	
0.23060473799705505	121.1857681274414	24.739049911499023	67.07132720947266	
0.988014817237854	120.8978042602539	25.551074981689453	70.4070053100586	
1.7550649642944336	124.8952865600586	28.79116439819336	71.28849792480469	
-1.538806676864624	131.24896240234375	28.127071380615234	65.62979888916016	
1.4023122787475586	127.84532165527344	28.673328399658203	74.14508056640625	
1.1540743112564087	128.6702880859375	28.2086238861084	74.13574981689453	
1.0547258853912354	137.33956909179688	29.23101234436035	71.78877258300781	
0.5850971341133118	139.82101440429688	30.627843856811523	69.66265869140625	
0.78643399477005	143.66796875	28.873382568359375	67.53853607177734	
0.9364307522773743	140.8140869140625	29.707080841064453	70.28338623046875	
1.9323612451553345	142.983642578125	29.220600128173828	71.68787384033203	
2.064070224761963	142.85568237304688	28.609750747680664	72.6944580078125	
1.0024242401123047	140.9395751953125	29.114070892333984	73.61180114746094	
0.7049590945243835	143.7815399169922	28.619720458984375	72.53257751464844	
0.1451747864484787	145.0835723876953	27.59554100036621	73.76251220703125	
-4.184060573577881	155.51571655273438	28.90347671508789	67.44139862060547	
0.0	144.8903350830078	30.928775787353516	72.98568725585938	
-4.089198589324951	151.91592407226562	29.127710342407227	67.964599609375	
0.0	152.4642333984375	29.98287010192871	70.00941467285156	
0.0	156.22756958007812	29.445606231689453	68.57870483398438	
0.0	149.76193237304688	28.162216186523438	68.57393646240234	
0.16106224060058594	147.17935180664062	26.735309600830078	70.19757843017578	
0.0	151.5455322265625	26.90768814086914	68.857421875	
-3.8276710510253906	157.72975158691406	27.807323455810547	64.8836898803711	
1.3383243083953857	138.6020965576172	29.894512176513672	80.29566955566406	
0.8236358761787415	137.06912231445312	28.9110107421875	78.91468811035156	
1.0329005718231201	131.0938262939453	29.186349868774414	76.2429428100586	
1.07177734375	129.2784423828125	29.028844833374023	76.09088897705078	
1.5501224994659424	128.78335571289062	29.625808715820312	73.31780242919922	
1.3761117458343506	129.99472045898438	28.35762596130371	72.28499603271484	
0.5318792462348938	131.05636596679688	28.013280868530273	70.61225891113281	
0.45753440260887146	131.39248657226562	28.391265869140625	72.38294982910156	
0.0	128.2667236328125	29.886333465576172	74.40592193603516	
0.07892493903636932	123.66935729980469	31.272964477539062	74.15830993652344	
0.2941654324531555	122.03004455566406	30.96343421936035	73.9219970703125	
0.1470668762922287	122.91200256347656	28.97310447692871	71.95793151855469	
0.0	123.66020202636719	29.86343765258789	72.77145385742188	
0.48330116271972656	122.7714614868164	33.06940460205078	74.9205551147461	
0.42671242356300354	122.80403137207031	31.74539566040039	74.44769287109375	
0.09967422485351562	122.99516296386719	30.341564178466797	74.26638793945312	
0.6652936935424805	128.17123413085938	29.304224014282227	71.19329833984375	
1.5602366924285889	136.190185546875	30.523754119873047	68.21314239501953	
0.5846742391586304	144.4519805908203	29.72501564025879	64.64080047607422	
1.5171787738800049	148.7573699951172	28.656265258789062	61.295166015625	
0.15732765197753906	151.23599243164062	28.99489402770996	60.391143798828125	
-5.6664958000183105	146.85122680664062	30.381275177001953	70.88957214355469	
0.0	148.82833862304688	27.60744857788086	63.040618896484375	
0.0	147.50543212890625	29.884693145751953	65.75250244140625	
0.0	148.3739776611328	32.3510627746582	68.22493743896484	
0.0	148.66552734375	30.64629554748535	69.97201538085938	
0.0	153.43045043945312	30.309337615966797	67.44204711914062	
0.0	155.9451141357422	29.008831024169922	65.4266128540039	
0.0	160.4258270263672	29.01676368713379	66.87156677246094	
-6.561633110046387	158.43301391601562	30.152141571044922	70.35493469238281	
0.0	163.14346313476562	29.99245834350586	65.62931823730469	
0.0	161.8939971923828	30.14495277404785	69.44767761230469	
0.03078174591064453	157.64889526367188	30.4755859375	71.5197982788086	
0.0	151.1636505126953	32.35079574584961	76.63643646240234	
0.0	148.2960205078125	33.037322998046875	77.12596893310547	
0.0	149.3967742919922	33.119144439697266	75.83866882324219	
0.0	148.6961212158203	33.33091354370117	77.91876220703125	
0.0	148.0574188232422	32.83369827270508	79.119140625	
0.0	150.5888671875	32.64104080200195	78.42585754394531	
0.0	148.76361083984375	34.0068473815918	77.09239196777344	
0.0	150.64572143554688	32.30748748779297	75.86296844482422	
0.0	147.97421264648438	33.75656509399414	79.90899658203125	
0.0	147.8987579345703	33.875755310058594	76.48699951171875	
0.0	149.4015350341797	32.029075622558594	79.34928894042969	
0.0	147.3732452392578	32.37882995605469	77.427490234375	
0.0	146.25302124023438	34.47473907470703	79.70698547363281	
0.0	148.71421813964844	32.99357223510742	81.68932342529297	
0.0	146.79031372070312	35.2756462097168	78.78191375732422	
0.0	147.07199096679688	33.88808822631836	79.87275695800781	
0.0	144.2286376953125	34.758487701416016	79.04341125488281	
0.0	145.83682250976562	35.093135833740234	78.7372817993164	
0.0	146.4815673828125	34.59599685668945	79.00291442871094	
0.0	144.25009155273438	35.66777801513672	83.38750457763672	
0.0	147.4417266845703	35.01415252685547	82.98104095458984	
0.0	145.8865203857422	37.13349151611328	84.22236633300781	
0.0	144.92991638183594	36.93415069580078	81.17962646484375	
0.06685256958007812	145.57147216796875	36.74359130859375	82.82594299316406	
0.0	144.525634765625	36.967041015625	82.02249145507812	
0.0	145.8609619140625	35.26824951171875	79.37877655029297	
0.0	144.53683471679688	34.36993408203125	76.79405212402344	
0.0	146.89169311523438	31.611968994140625	75.47462463378906	
0.0	146.40493774414062	34.05358123779297	77.46692657470703	
0.022551346570253372	145.4473114013672	35.17992401123047	77.76651000976562	
0.0	144.6258087158203	35.92131423950195	79.9822769165039	
0.05257453769445419	146.6378173828125	34.579185485839844	80.53459930419922	
0.0	147.16983032226562	34.670921325683594	81.88252258300781	
0.0	145.97238159179688	34.45567321777344	80.34025573730469	
0.0	146.50906372070312	33.642417907714844	81.79655456542969	
0.0	147.0463409423828	33.87571716308594	79.12031555175781	
0.2506507933139801	146.56942749023438	34.96238327026367	82.37632751464844	
0.014941024594008923	147.3286895751953	33.443092346191406	83.51751708984375	
0.031218146905303	148.34580993652344	32.63587188720703	78.48211669921875	
0.0	149.0939178466797	32.5775032043457	76.37068176269531	
0.0	147.07064819335938	33.46229553222656	78.14757537841797	
0.0	146.50064086914062	34.26951217651367	78.1864242553711	
0.0	147.1184844970703	33.89398956298828	78.59588623046875	
0.0	146.85189819335938	34.5280647277832	80.8018569946289	
0.0	147.47119140625	34.174678802490234	79.39871978759766	
0.0	147.7608184814453	33.84156799316406	78.43791198730469	
0.0	146.96937561035156	34.21842575073242	80.3492202758789	
0.0	150.29452514648438	32.09178161621094	77.86082458496094	
0.0	149.27587890625	32.19534683227539	76.40642547607422	
0.0	149.06985473632812	31.679162979125977	78.8199691772461	
0.0	148.22683715820312	32.802490234375	75.38011169433594	
0.0	147.9357452392578	31.830307006835938	76.57075500488281	
0.0	147.61839294433594	34.48827362060547	78.4731674194336	
0.0	148.0048828125	34.08433151245117	78.720703125	
0.0	147.0847625732422	34.147056579589844	77.73655700683594	
