382.0	150.0	28.0	27.0	
382.1856384277344	149.9967041015625	27.921762466430664	26.41659164428711	
382.17840576171875	149.48684692382812	28.03033447265625	26.91448974609375	
382.15057373046875	149.35989379882812	28.03265380859375	26.959762573242188	
382.2426452636719	149.7151336669922	28.247507095336914	26.45267677307129	
382.00653076171875	149.7452392578125	27.931644439697266	26.72845458984375	
381.8695373535156	149.5233154296875	28.96706199645996	26.945735931396484	
382.15069580078125	149.6221466064453	28.05718421936035	26.730365753173828	
382.044677734375	149.4161376953125	27.873714447021484	27.284210205078125	
382.1163635253906	149.51763916015625	27.90021324157715	27.02167320251465	
381.847900390625	149.8880615234375	28.221776962280273	26.78042221069336	
382.16522216796875	150.20010375976562	28.159448623657227	26.187808990478516	
381.5281677246094	149.2624969482422	29.092153549194336	27.46571922302246	
382.2525329589844	149.68287658691406	27.905689239501953	26.942535400390625	
381.92864990234375	149.60922241210938	28.20564842224121	27.132465362548828	
382.4450378417969	149.5083770751953	27.56182289123535	27.16693115234375	
382.1766052246094	149.5259552001953	28.255191802978516	27.033077239990234	
381.70526123046875	149.592041015625	28.673635482788086	27.131561279296875	
382.3967590332031	149.6970977783203	27.91726303100586	26.724529266357422	
382.0163879394531	149.88697814941406	28.099475860595703	26.914730072021484	
382.2478942871094	149.66285705566406	28.122089385986328	26.285167694091797	
381.8426818847656	149.63807678222656	28.215890884399414	27.23004722595215	
382.26568603515625	149.98410034179688	28.108478546142578	26.39056396484375	
382.1690368652344	149.4661102294922	27.80661392211914	27.09708595275879	
382.5540466308594	149.4122772216797	27.636062622070312	26.944744110107422	
382.21820068359375	149.47097778320312	28.07906723022461	27.033748626708984	
382.2696228027344	149.46188354492188	27.637405395507812	26.874698638916016	
382.3697509765625	149.55523681640625	27.840167999267578	26.905696868896484	
382.30535888671875	149.81103515625	27.89934730529785	26.4703426361084	
382.11846923828125	149.81948852539062	27.78006935119629	26.59334373474121	
382.29730224609375	149.3247528076172	28.439117431640625	26.94254493713379	
382.50189208984375	149.2748260498047	27.195505142211914	27.0478572845459	
382.4770202636719	150.05569458007812	27.601787567138672	26.648122787475586	
382.65301513671875	149.82168579101562	27.5920352935791	26.531396865844727	
383.3641662597656	148.47915649414062	27.393131256103516	26.6129093170166	
383.8576354980469	148.0846710205078	27.9367733001709	26.889934539794922	
384.23834228515625	146.98678588867188	28.38483238220215	27.62383460998535	
385.65380859375	145.91578674316406	27.653270721435547	27.223840713500977	
385.35943603515625	146.2356719970703	28.11273193359375	26.903606414794922	
385.9258728027344	146.15345764160156	27.425640106201172	26.90854835510254	
385.5161437988281	146.50955200195312	27.88779640197754	26.248641967773438	
385.2945556640625	146.06436157226562	28.260089874267578	26.967212677001953	
385.6100769042969	146.59542846679688	28.052927017211914	26.445690155029297	
386.0859375	146.389404296875	26.872241973876953	26.453365325927734	
385.69622802734375	146.11767578125	27.991058349609375	26.730188369750977	
386.0686340332031	146.1816864013672	26.889205932617188	26.844478607177734	
385.466064453125	146.18017578125	27.566116333007812	26.81292724609375	
385.71160888671875	146.28829956054688	27.357463836669922	26.642227172851562	
386.19464111328125	146.06187438964844	27.146484375	26.790002822875977	
385.90850830078125	146.32566833496094	27.5731201171875	27.059040069580078	
385.9240417480469	146.55319213867188	27.4578857421875	26.653091430664062	
385.76434326171875	146.30758666992188	27.21257972717285	27.121292114257812	
386.2126159667969	146.3106231689453	27.161951065063477	26.603191375732422	
386.35272216796875	145.94332885742188	27.087093353271484	27.140605926513672	
385.6802673339844	146.4325714111328	27.48274803161621	26.849414825439453	
385.77777099609375	145.97879028320312	27.621713638305664	27.019474029541016	
386.1500244140625	146.2885284423828	26.862951278686523	26.65089988708496	
385.82342529296875	146.93983459472656	27.505828857421875	26.051401138305664	
385.57037353515625	146.28408813476562	27.258193969726562	27.080928802490234	
385.53790283203125	146.3855743408203	27.8848819732666	26.670684814453125	
386.177978515625	146.02078247070312	26.81170654296875	26.95487403869629	
385.78460693359375	146.857666015625	27.462879180908203	26.28853988647461	
384.88531494140625	146.09251403808594	28.581140518188477	27.496623992919922	
385.58197021484375	146.3192901611328	27.363393783569336	26.760879516601562	
384.8910217285156	146.0644073486328	28.738388061523438	27.36004066467285	
385.1015625	146.1770477294922	28.676071166992188	27.3111515045166	
385.519287109375	146.1992950439453	28.208913803100586	27.052875518798828	
385.612548828125	146.40074157714844	27.7478084564209	26.823217391967773	
385.5640869140625	146.23118591308594	27.52496910095215	27.33611488342285	
385.2898864746094	146.5579071044922	28.202112197875977	26.640151977539062	
385.45330810546875	146.17115783691406	28.02407455444336	26.75933837890625	
385.49102783203125	146.154296875	27.93862533569336	26.76625633239746	
385.91729736328125	146.40890502929688	27.1706485748291	26.729232788085938	
385.01123046875	146.3286895751953	28.6518497467041	26.920297622680664	
385.23773193359375	146.1763153076172	28.820560455322266	27.090185165405273	
386.08349609375	149.89599609375	27.014368057250977	26.049549102783203	
386.739990234375	149.1798095703125	27.8637752532959	26.86861801147461	
386.9999084472656	146.45803833007812	27.284652709960938	26.310176849365234	
385.76287841796875	146.74606323242188	27.431427001953125	26.323131561279297	
386.0057067871094	146.8074188232422	28.289958953857422	26.621469497680664	
386.40911865234375	147.03280639648438	27.960521697998047	26.95269775390625	
386.39691162109375	146.26187133789062	29.093585968017578	27.98624610900879	
387.65106201171875	146.2203826904297	29.78863525390625	28.724727630615234	
390.7954406738281	146.2252960205078	28.531810760498047	27.940250396728516	
390.4693298339844	143.7066192626953	29.55666732788086	27.843994140625	
388.6343078613281	144.80575561523438	27.68417739868164	27.28879737854004	
382.9764099121094	143.30410766601562	28.686603546142578	27.662057876586914	
381.9158630371094	140.28912353515625	28.268407821655273	27.258798599243164	
382.6067810058594	131.9823760986328	27.370986938476562	26.393428802490234	
390.5220642089844	129.78457641601562	25.379974365234375	24.473522186279297	
388.6018371582031	128.8660888671875	25.046958923339844	24.152400970458984	
384.33685302734375	128.3261260986328	23.761125564575195	22.912490844726562	
385.1665344238281	126.65687561035156	23.34756088256836	22.513696670532227	
388.81494140625	129.96237182617188	22.26944923400879	21.474090576171875	
385.0897216796875	126.52716064453125	22.226299285888672	21.432483673095703	
383.69964599609375	120.35737609863281	21.68953514099121	20.91489028930664	
384.7709655761719	123.80037689208984	21.284378051757812	20.524202346801758	
379.2763671875	138.43734741210938	20.156734466552734	19.436832427978516	
381.70648193359375	136.32821655273438	20.166934967041016	19.446666717529297	
389.2769775390625	130.08639526367188	20.233654022216797	19.511003494262695	
395.1009216308594	128.47695922851562	19.804790496826172	19.097454071044922	
395.9952087402344	130.0274658203125	19.3328914642334	18.64240837097168	
397.5061340332031	126.3569564819336	19.245193481445312	18.557842254638672	
392.53338623046875	132.32371520996094	19.827777862548828	19.1196231842041	
387.81158447265625	125.4735107421875	19.338611602783203	18.647926330566406	
392.75274658203125	131.1726837158203	19.085636138916016	18.40398597717285	
398.92950439453125	128.6252899169922	18.655170440673828	17.988895416259766	
389.4234924316406	128.54666137695312	18.756237030029297	18.086353302001953	
400.34564208984375	123.07496643066406	18.91885757446289	18.243167877197266	
392.27630615234375	118.41715240478516	18.304019927978516	17.65028953552246	
381.67547607421875	126.1243896484375	18.406192779541016	17.74881362915039	
376.6709899902344	130.04116821289062	17.55826187133789	16.931167602539062	
381.2743225097656	134.1779327392578	17.121196746826172	16.509714126586914	
378.186279296875	142.46133422851562	16.490917205810547	15.901947021484375	
377.0132141113281	156.46383666992188	16.47402000427246	15.885653495788574	
381.6203918457031	170.32736206054688	16.022418975830078	15.45018196105957	
381.4830627441406	172.25521850585938	15.712237358093262	15.151079177856445	
380.06060791015625	173.26126098632812	15.358156204223633	14.80964469909668	
380.951416015625	171.04769897460938	15.422253608703613	14.871452331542969	
382.435791015625	178.6729736328125	15.418695449829102	14.868021011352539	
377.8351135253906	185.39393615722656	15.184823989868164	14.642501831054688	
374.0831604003906	205.9984893798828	15.060302734375	14.522427558898926	
372.7149353027344	205.413818359375	15.026954650878906	14.490270614624023	
378.0064392089844	207.9302520751953	15.378080368041992	14.828855514526367	
372.2816162109375	204.8197784423828	15.1380615234375	14.59740924835205	
374.1981506347656	205.16897583007812	15.268610954284668	14.723295211791992	
372.704345703125	204.21763610839844	15.357477188110352	14.808987617492676	
366.89971923828125	202.29335021972656	15.36176586151123	14.813122749328613	
369.47808837890625	201.86358642578125	15.58410358428955	15.027519226074219	
377.41436767578125	207.23513793945312	16.03541374206543	15.4627103805542	
371.2757873535156	204.69102478027344	15.908035278320312	15.339881896972656	
371.88580322265625	204.29412841796875	16.407211303710938	15.82122802734375	
360.11163330078125	213.5071563720703	15.726835250854492	15.165151596069336	
364.8667907714844	204.8805694580078	15.60106372833252	15.043871879577637	
367.36773681640625	207.92587280273438	15.437695503234863	14.886337280273438	
366.91082763671875	211.5654754638672	15.182199478149414	14.639966011047363	
375.4859924316406	206.28524780273438	15.26769733428955	14.722410202026367	
374.6489562988281	204.45458984375	15.022062301635742	14.48554801940918	
373.49884033203125	206.85415649414062	14.919916152954102	14.387049674987793	
373.69598388671875	209.277099609375	14.610626220703125	14.08880615234375	
377.714111328125	208.3068084716797	14.8870267868042	14.355334281921387	
377.5460510253906	208.1025390625	14.926373481750488	14.393277168273926	
376.92034912109375	208.5855255126953	14.824432373046875	14.294977188110352	
377.3778381347656	208.8166046142578	14.708264350891113	14.182957649230957	
371.2073059082031	205.231689453125	15.333888053894043	14.786237716674805	
375.17645263671875	206.91983032226562	15.373486518859863	14.824421882629395	
374.3951416015625	207.11441040039062	14.962196350097656	14.427820205688477	
375.3136291503906	206.46243286132812	14.81072998046875	14.281764030456543	
371.36822509765625	205.250732421875	14.913772583007812	14.381126403808594	
377.95452880859375	207.45437622070312	15.287104606628418	14.741125106811523	
378.76214599609375	207.927001953125	15.264653205871582	14.719474792480469	
376.99310302734375	208.5700225830078	15.138418197631836	14.597749710083008	
362.85479736328125	201.2564239501953	15.191479682922363	14.648916244506836	
361.7061462402344	204.59927368164062	15.115452766418457	14.575604438781738	
360.6944885253906	208.131103515625	15.222308158874512	14.678642272949219	
359.3074951171875	208.41635131835938	14.95271110534668	14.418673515319824	
367.9356994628906	204.7269744873047	14.454198837280273	13.937965393066406	
363.28021240234375	206.4005584716797	14.259347915649414	13.750073432922363	
358.68280029296875	210.3526611328125	14.375144958496094	13.861734390258789	
363.3181457519531	206.2033233642578	14.61784839630127	14.095768928527832	
364.4927062988281	206.37179565429688	14.447260856628418	13.9312744140625	
366.42864990234375	204.22262573242188	14.631311416625977	14.108752250671387	
366.7833251953125	205.19485473632812	14.5662202835083	14.045985221862793	
367.9696350097656	204.3603973388672	14.387351989746094	13.873504638671875	
359.2135009765625	208.0286407470703	14.293519973754883	13.7830228805542	
362.71319580078125	207.392333984375	14.126383781433105	13.621856689453125	
365.81878662109375	205.1757049560547	14.488792419433594	13.971321105957031	
365.30902099609375	205.1871795654297	14.617457389831543	14.095392227172852	
365.663818359375	204.7012481689453	14.447866439819336	13.931859016418457	
365.01129150390625	205.04296875	14.337321281433105	13.825262069702148	
363.5602111816406	207.3107452392578	13.971697807312012	13.472696304321289	
360.3328552246094	207.5299072265625	14.264074325561523	13.754632949829102	
357.0308532714844	208.7118377685547	14.421597480773926	13.906529426574707	
360.51116943359375	209.50146484375	14.278637886047363	13.76867389678955	
363.3166198730469	205.05288696289062	14.36100959777832	13.848103523254395	
361.0892333984375	207.0125732421875	14.138954162597656	13.633979797363281	
364.4874572753906	205.9706573486328	14.094964981079102	13.591562271118164	
364.39642333984375	206.23397827148438	13.861352920532227	13.366291999816895	
369.2335205078125	204.2738800048828	13.914937019348145	13.417963027954102	
368.97613525390625	204.38015747070312	13.593954086303711	13.108442306518555	
367.5653381347656	204.93862915039062	13.662252426147461	13.174301147460938	
368.3301696777344	201.71311950683594	13.472627639770508	12.991449356079102	
367.38421630859375	205.42947387695312	13.453506469726562	12.973010063171387	
367.14471435546875	205.9337921142578	13.38610553741455	12.908015251159668	
367.66668701171875	205.11257934570312	13.18267822265625	12.71185302734375	
368.9025573730469	205.32275390625	12.979179382324219	12.51562213897705	
370.8773193359375	204.4503631591797	12.719605445861816	12.265317916870117	
365.2610778808594	206.511474609375	12.386881828308105	11.944478034973145	
367.6618957519531	205.35498046875	12.405501365661621	11.962432861328125	
365.44708251953125	206.42459106445312	12.60977554321289	12.159411430358887	
364.9868469238281	205.83505249023438	12.520930290222168	12.073739051818848	
370.87945556640625	204.65057373046875	12.160676956176758	11.726351737976074	
363.9833068847656	206.95339965820312	12.404433250427246	11.961402893066406	
366.488037109375	206.2164764404297	11.834451675415039	11.411778450012207	
371.10345458984375	205.63662719726562	11.773573875427246	11.35307502746582	
373.3925476074219	205.46743774414062	12.03480339050293	11.604974746704102	
369.3902282714844	200.6277313232422	11.94304084777832	11.516490936279297	
376.61553955078125	201.19943237304688	11.823376655578613	11.401101112365723	
370.89117431640625	199.54649353027344	12.095961570739746	11.66395092010498	
368.5591735839844	205.11917114257812	11.651178359985352	11.235054016113281	
361.6424865722656	208.768310546875	11.337296485900879	10.932382583618164	
358.406005859375	205.43185424804688	11.59617805480957	11.18201732635498	
359.20074462890625	205.5784454345703	11.486836433410645	11.076580047607422	
355.76416015625	205.1425018310547	11.533208847045898	11.121296882629395	
361.0751953125	197.7141571044922	11.306315422058105	10.902506828308105	
365.08221435546875	197.92295837402344	11.23504638671875	10.833783149719238	
367.6057434082031	193.64938354492188	11.213579177856445	10.813082695007324	
361.72930908203125	191.36495971679688	11.039833068847656	10.64554214477539	
355.5759582519531	184.59178161621094	10.609598159790039	10.230672836303711	
349.462158203125	184.2512969970703	10.221918106079102	9.856839179992676	
344.1168518066406	187.18960571289062	9.954925537109375	9.599382400512695	
347.7372131347656	183.49134826660156	9.43317699432373	9.096268653869629	
351.7527770996094	181.9273223876953	9.676518440246582	9.33091926574707	
349.0230407714844	183.90878295898438	9.393068313598633	9.057592391967773	
349.66876220703125	180.25479125976562	9.16649055480957	8.839106559753418	
350.39154052734375	185.5669403076172	9.093378067016602	8.76860523223877	
347.9229736328125	189.98374938964844	8.781091690063477	8.467473030090332	
352.24932861328125	179.69967651367188	8.732721328735352	8.420830726623535	
355.2599792480469	180.37875366210938	8.871225357055664	8.554388046264648	
358.2158203125	179.36959838867188	8.567682266235352	8.261685371398926	
351.7788391113281	180.2189178466797	8.099981307983398	7.810687065124512	
351.8878479003906	181.58181762695312	7.97512674331665	7.690291404724121	
356.44097900390625	175.0139923095703	7.955165863037109	7.671043395996094	
356.4001159667969	166.200439453125	7.892443656921387	7.610560417175293	
357.88726806640625	162.9470672607422	8.640899658203125	8.39848518371582	
356.9883728027344	165.2804718017578	8.400537490844727	8.100509643554688	
352.01361083984375	167.48854064941406	8.227821350097656	7.933961391448975	
355.1310119628906	170.9242401123047	7.98483419418335	7.699652671813965	
351.92681884765625	168.22470092773438	8.135110855102539	7.844561576843262	
348.05023193359375	162.68959045410156	8.041563034057617	7.754355430603027	
347.0694274902344	157.2309112548828	7.756805419921875	7.479767799377441	
349.04608154296875	152.72906494140625	7.717996120452881	7.442344665527344	
356.0252380371094	150.68060302734375	7.623507499694824	7.351231575012207	
351.1828308105469	149.72171020507812	7.673802375793457	7.399730682373047	
345.99749755859375	150.6786651611328	7.652562618255615	7.379249572753906	
346.2261047363281	148.13958740234375	7.5232834815979	7.2545881271362305	
347.4958801269531	150.9431915283203	7.870879173278809	8.048440933227539	
348.4843444824219	152.0671844482422	7.402626991271973	7.138239860534668	
347.67034912109375	151.60317993164062	7.72873067855835	7.952591896057129	
345.7032165527344	150.18031311035156	7.687418460845947	8.172560691833496	
346.32867431640625	149.07156372070312	8.269523620605469	8.322595596313477	
345.2142333984375	149.87234497070312	7.7117791175842285	7.436350345611572	
345.91680908203125	150.1974334716797	7.9767279624938965	8.102605819702148	
347.8181457519531	151.70285034179688	7.879057884216309	8.132406234741211	
348.7590637207031	151.85919189453125	7.875157356262207	8.1458740234375	
348.50927734375	149.4332733154297	7.72555685043335	8.000563621520996	
345.4411926269531	150.0739288330078	8.020196914672852	8.346900939941406	
345.48370361328125	149.96511840820312	7.649646759033203	7.376436710357666	
349.94976806640625	149.48828125	7.687771797180176	7.413198947906494	
345.75958251953125	148.78683471679688	7.317549228668213	7.056199073791504	
341.68865966796875	146.70919799804688	7.083324432373047	6.8303399085998535	
336.0474548339844	144.59373474121094	7.098550319671631	6.845021724700928	
330.22344970703125	142.1975860595703	6.984304904937744	6.734857082366943	
326.0821533203125	143.09786987304688	6.992001533508301	6.742278099060059	
320.5594787597656	145.40435791015625	7.176339626312256	6.920032501220703	
316.45318603515625	147.80020141601562	7.133455753326416	6.878680229187012	
311.33990478515625	146.02418518066406	7.318239688873291	7.056864261627197	
306.3443908691406	144.10995483398438	7.399100303649902	7.1348371505737305	
302.51409912109375	143.46669006347656	7.888268947601318	7.931860446929932	
298.65338134765625	147.08445739746094	7.416306495666504	7.15142822265625	
295.663330078125	146.6351776123047	7.509636878967285	7.241424560546875	
291.40484619140625	150.5013885498047	7.598715305328369	7.327321529388428	
291.1747741699219	151.10763549804688	7.4811110496521	7.2139177322387695	
290.27838134765625	150.54872131347656	8.01740550994873	8.167914390563965	
292.98974609375	153.58688354492188	7.607000827789307	7.335310935974121	
292.9919128417969	154.81387329101562	7.820147514343262	7.540844917297363	
293.6651916503906	155.59930419921875	7.7683000564575195	7.490849494934082	
294.92755126953125	160.80868530273438	8.076875686645508	7.788404941558838	
297.54925537109375	164.48780822753906	8.151331901550293	7.860201835632324	
295.74639892578125	165.92225646972656	8.382364273071289	8.082983016967773	
298.205078125	162.50735473632812	8.007129669189453	7.7211503982543945	
296.41046142578125	163.83277893066406	7.864266395568848	7.5833892822265625	
300.10760498046875	166.07130432128906	8.373136520385742	8.543219566345215	
301.4084777832031	166.22926330566406	8.493165969848633	8.271697044372559	
300.9452209472656	165.6669158935547	7.895689964294434	7.6136908531188965	
301.38043212890625	168.94140625	8.234241485595703	8.213456153869629	
298.0178527832031	167.3953399658203	8.213068008422852	8.210393905639648	
299.5120849609375	167.6088104248047	7.712873935699463	7.437404632568359	
297.07733154296875	164.18081665039062	8.336150169372559	8.550718307495117	
297.53179931640625	160.34608459472656	8.455621719360352	8.360773086547852	
299.07818603515625	162.50071716308594	8.141157150268555	7.850390434265137	
297.6953125	161.21018981933594	8.35539722442627	8.539407730102539	
296.355224609375	165.58230590820312	8.304292678833008	8.007699966430664	
296.8185119628906	166.70762634277344	8.53227424621582	8.227540016174316	
296.44256591796875	165.61102294921875	8.787200927734375	8.676156044006348	
294.8026428222656	165.702392578125	8.069668769836426	7.781457424163818	
296.2060546875	164.71742248535156	8.116058349609375	7.826190948486328	
295.6109313964844	167.24546813964844	8.3610258102417	8.440181732177734	
297.6178894042969	164.27798461914062	8.799137115478516	8.544896125793457	
297.5965270996094	162.21530151367188	8.887748718261719	8.843955993652344	
297.39776611328125	160.24462890625	9.076556205749512	8.754581451416016	
294.29058837890625	156.8711700439453	8.456635475158691	8.154603958129883	
292.25250244140625	157.71151733398438	8.311827659606934	8.014968872070312	
292.191650390625	155.51580810546875	8.198930740356445	8.38648509979248	
292.4078063964844	154.20497131347656	7.9219560623168945	7.639021396636963	
291.36993408203125	157.80613708496094	8.204400062561035	7.911376953125	
295.4045715332031	157.2848663330078	8.567487716674805	8.448819160461426	
292.59771728515625	156.27090454101562	8.143841743469238	7.8529815673828125	
291.20166015625	155.5547332763672	8.276893615722656	7.981281280517578	
291.04278564453125	154.13250732421875	8.520434379577637	8.216124534606934	
289.07177734375	150.11256408691406	9.284480094909668	9.33526611328125	
289.16986083984375	151.29873657226562	9.05644416809082	8.732991218566895	
290.15582275390625	148.8814697265625	9.519698143005371	9.635249137878418	
288.532958984375	149.70901489257812	9.602448463439941	9.669057846069336	
289.6025085449219	148.74676513671875	10.050826072692871	9.953702926635742	
288.63641357421875	148.80149841308594	9.915754318237305	10.138059616088867	
289.30694580078125	149.7255096435547	10.468228340148926	10.291271209716797	
291.17730712890625	149.00387573242188	10.020174026489258	10.154712677001953	
289.30633544921875	151.85867309570312	10.076151847839355	9.997204780578613	
288.3154602050781	154.15809631347656	9.17726993560791	8.84950065612793	
286.97503662109375	152.9213409423828	9.346175193786621	9.012372970581055	
289.13665771484375	154.8980255126953	9.344167709350586	9.01043701171875	
288.9427795410156	159.20498657226562	9.457132339477539	9.119367599487305	
289.6173095703125	160.86207580566406	9.700279235839844	9.353830337524414	
296.98876953125	155.0785369873047	9.573201179504395	9.231290817260742	
292.24591064453125	145.59576416015625	9.668975830078125	9.323644638061523	
287.44757080078125	141.5977020263672	9.80853271484375	9.922744750976562	
291.6822814941406	141.8038787841797	10.410822868347168	10.08993911743164	
292.44647216796875	140.23483276367188	10.137346267700195	9.775284767150879	
297.19244384765625	138.2025604248047	9.991551399230957	9.634697914123535	
292.4876708984375	138.18630981445312	9.856849670410156	9.50480842590332	
291.14300537109375	132.76365661621094	10.127520561218262	9.765811920166016	
295.02972412109375	134.47238159179688	9.905763626098633	9.551976203918457	
293.35107421875	133.72085571289062	10.029928207397461	9.671706199645996	
293.88189697265625	132.95565795898438	9.791300773620605	9.44159984588623	
290.6440734863281	131.27468872070312	9.195199966430664	8.866788864135742	
292.09088134765625	131.9942626953125	9.109161376953125	8.783823013305664	
291.4883117675781	135.45046997070312	9.350385665893555	9.016432762145996	
290.4668884277344	134.3904571533203	9.448675155639648	9.111211776733398	
293.9770202636719	134.2230224609375	9.821797370910645	9.471007347106934	
291.39495849609375	133.7161102294922	9.483236312866211	9.144538879394531	
291.7709045410156	132.69155883789062	9.436967849731445	9.099923133850098	
294.5463562011719	135.74716186523438	9.45048999786377	9.11296272277832	
288.6873474121094	133.38572692871094	9.344842910766602	9.011089324951172	
287.25006103515625	128.00314331054688	9.203548431396484	8.874841690063477	
288.4031066894531	129.45631408691406	9.168339729309082	8.840889930725098	
289.595947265625	132.379150390625	9.132851600646973	8.806669235229492	
286.70806884765625	131.1766357421875	9.140355110168457	8.813904762268066	
292.4971618652344	134.6854705810547	9.05461597442627	8.73122787475586	
291.3124084472656	130.97329711914062	8.837831497192383	8.522185325622559	
283.9144592285156	129.1608428955078	9.028648376464844	8.706186294555664	
286.10064697265625	133.3199920654297	9.065916061401367	8.7421236038208	
292.56243896484375	132.7733917236328	9.109404563903809	8.784059524536133	
289.5397644042969	132.53231811523438	9.234455108642578	8.904644012451172	
288.9276428222656	133.8734130859375	9.322128295898438	8.989185333251953	
290.579833984375	139.97390747070312	9.574379920959473	9.232427597045898	
298.6945495605469	148.64817810058594	9.644538879394531	9.300082206726074	
290.7265319824219	152.08096313476562	9.44554615020752	9.108197212219238	
280.4594421386719	141.65452575683594	9.762117385864258	9.413461685180664	
277.22796630859375	134.65890502929688	9.757013320922852	9.408539772033691	
270.90509033203125	135.1425018310547	9.48893928527832	9.150039672851562	
268.08856201171875	137.08189392089844	9.296995162963867	8.964950561523438	
265.03143310546875	133.13699340820312	9.487150192260742	9.148314476013184	
259.7290954589844	137.49349975585938	9.660005569458008	9.314996719360352	
252.8372344970703	133.89389038085938	9.299944877624512	8.967794418334961	
249.0934600830078	131.73678588867188	9.453573226928711	9.115935325622559	
238.213623046875	126.04502868652344	9.513948440551758	9.174154281616211	
232.369873046875	127.81298828125	9.281335830688477	8.949850082397461	
228.8173370361328	133.34060668945312	9.38270378112793	9.047597885131836	
232.90621948242188	134.843505859375	9.096567153930664	8.77168083190918	
240.8759307861328	136.85086059570312	8.930229187011719	8.611284255981445	
241.836669921875	131.47164916992188	9.057113647460938	8.733636856079102	
237.11514282226562	128.98077392578125	9.200811386108398	8.872201919555664	
229.3351287841797	127.33876037597656	9.58210563659668	9.239877700805664	
223.4195098876953	132.56509399414062	9.562042236328125	9.220529556274414	
231.89718627929688	134.30322265625	9.786230087280273	9.436711311340332	
236.21841430664062	133.54005432128906	10.51268196105957	10.839041709899902	
239.9143524169922	137.75100708007812	9.81669807434082	9.466090202331543	
236.14224243164062	135.6826934814453	9.570006370544434	9.228209495544434	
233.0351104736328	136.75425720214844	9.72553539276123	9.378185272216797	
237.6328125	135.03579711914062	10.117918014526367	9.756553649902344	
238.47012329101562	131.4302520751953	10.002840995788574	9.645586967468262	
237.6206817626953	127.59012603759766	10.053075790405273	9.694028854370117	
239.6895751953125	123.15164947509766	10.210722923278809	9.84604549407959	
242.81494140625	129.10816955566406	10.1044340133667	9.743553161621094	
241.19314575195312	134.15408325195312	9.867006301879883	9.514605522155762	
234.8559112548828	136.1270751953125	9.753002166748047	9.404672622680664	
229.85153198242188	136.89132690429688	10.089527130126953	9.729178428649902	
233.0452423095703	137.1663055419922	10.068288803100586	9.708699226379395	
236.96597290039062	131.7328643798828	9.770062446594238	9.421123504638672	
228.62362670898438	132.1306915283203	9.820503234863281	9.469762802124023	
230.4641571044922	131.7272186279297	9.636736869812012	9.292559623718262	
223.59170532226562	130.37246704101562	10.213824272155762	10.162053108215332	
222.88455200195312	129.80882263183594	9.796784400939941	9.446889877319336	
224.88540649414062	127.85990905761719	9.872430801391602	9.803677558898926	
225.8695068359375	125.53153991699219	9.106279373168945	8.781046867370605	
227.10427856445312	121.9823989868164	9.039388656616211	8.716545104980469	
228.19741821289062	121.76226806640625	8.930667877197266	8.61170768737793	
226.21774291992188	119.29876708984375	9.159212112426758	8.832088470458984	
224.4980010986328	121.39471435546875	9.25178050994873	8.921350479125977	
228.5762939453125	122.9384765625	9.354642868041992	9.020540237426758	
224.7415313720703	125.63468933105469	9.291213035583496	8.959376335144043	
229.77084350585938	126.38059997558594	9.622804641723633	9.610444068908691	
231.9756622314453	127.69425964355469	9.189372062683105	8.861172676086426	
231.8710479736328	128.98196411132812	9.563196182250977	9.221647262573242	
231.0232696533203	131.60333251953125	9.218487739562988	8.889248847961426	
230.85928344726562	128.75146484375	9.326125144958496	8.9930419921875	
233.8773651123047	129.5441436767578	9.314547538757324	8.981878280639648	
231.8159637451172	131.22048950195312	9.102109909057617	8.777027130126953	
231.16696166992188	132.4291534423828	10.091391563415527	10.108255386352539	
230.1853485107422	129.689208984375	9.889086723327637	9.535896301269531	
233.6893310546875	133.79678344726562	9.74357795715332	9.395584106445312	
230.1290740966797	129.74990844726562	9.770920753479004	9.421951293945312	
229.83578491210938	131.87057495117188	10.39513874053955	10.328554153442383	
231.5421142578125	133.24081420898438	10.190725326538086	9.826761245727539	
229.07461547851562	136.857421875	10.287080764770508	9.91967487335205	
227.81015014648438	139.25308227539062	10.775022506713867	10.48975658416748	
228.499755859375	137.91888427734375	10.85836410522461	11.167515754699707	
231.80361938476562	138.4008331298828	9.905241012573242	9.551473617553711	
237.20986938476562	139.4732666015625	10.483793258666992	10.46025276184082	
238.03219604492188	138.11245727539062	10.433560371398926	10.418835639953613	
234.3826904296875	138.1439971923828	10.017621040344238	9.65984058380127	
235.0198211669922	138.4313201904297	10.454740524291992	10.581785202026367	
235.8966827392578	137.11709594726562	10.351093292236328	10.239757537841797	
235.1859893798828	139.73519897460938	9.537900924682617	9.19725513458252	
234.57553100585938	139.82022094726562	9.253433227539062	8.92294692993164	
239.7826690673828	139.76467895507812	9.335806846618652	9.339744567871094	
237.51406860351562	136.87960815429688	9.32713508605957	8.994014739990234	
235.6270294189453	137.32986450195312	9.511273384094238	9.171575546264648	
236.56356811523438	140.53176879882812	9.698407173156738	9.638151168823242	
240.0792236328125	137.76837158203125	9.726202011108398	9.522346496582031	
236.79324340820312	140.3735809326172	9.696471214294434	9.350159645080566	
235.1087646484375	135.43380737304688	10.034232139587402	10.067797660827637	
239.5980987548828	138.3231964111328	10.323360443115234	10.14807415008545	
238.0548095703125	138.96546936035156	9.705248832702637	9.358623504638672	
238.2189178466797	139.4335174560547	9.98774242401123	10.117470741271973	
234.8867645263672	140.95806884765625	9.437012672424316	9.099967002868652	
235.078125	136.42605590820312	9.148299217224121	8.821565628051758	
240.2013702392578	139.01983642578125	9.277167320251465	9.51875114440918	
236.90377807617188	140.60678100585938	9.09174919128418	8.767035484313965	
235.8283233642578	136.19790649414062	9.315285682678223	9.204933166503906	
235.797607421875	135.8590545654297	8.898526191711426	8.580713272094727	
238.8875274658203	139.3885498046875	9.544827461242676	9.330035209655762	
235.70364379882812	137.69598388671875	9.281106948852539	8.949629783630371	
236.42227172851562	137.03561401367188	9.993779182434082	10.282846450805664	
240.2607879638672	136.62831115722656	9.945503234863281	9.59029769897461	
237.1982421875	139.0780029296875	10.471250534057617	10.597538948059082	
238.058837890625	138.7259063720703	10.912818908691406	10.744428634643555	
235.91445922851562	136.94131469726562	10.596245765686035	10.717463493347168	
235.53329467773438	140.2124786376953	10.330194473266602	9.961250305175781	
237.6350555419922	138.83309936523438	10.981156349182129	11.08215618133545	
240.47900390625	138.48312377929688	10.028879165649414	9.670695304870605	
237.06405639648438	140.3682861328125	10.410789489746094	10.33643913269043	
240.3060302734375	137.41165161132812	10.317129135131836	10.187110900878906	
239.32321166992188	138.0155487060547	10.6625394821167	10.609281539916992	
240.74838256835938	137.69607543945312	10.439302444458008	10.398782730102539	
239.93936157226562	137.81857299804688	10.75191593170166	10.673589706420898	
238.98574829101562	137.8695831298828	10.807180404663086	10.666139602661133	
240.95278930664062	135.45071411132812	10.683072090148926	10.813516616821289	
240.04934692382812	133.74525451660156	10.64116382598877	10.6594877243042	
