179.0	49.0	16.0	13.0	
178.9739227294922	48.73707580566406	16.231069564819336	12.398530960083008	
179.12582397460938	48.72954559326172	15.705004692077637	12.657366752624512	
178.99899291992188	48.874977111816406	16.131662368774414	12.320837020874023	
178.9892120361328	48.714595794677734	16.112167358398438	12.558082580566406	
179.0499267578125	48.745819091796875	15.739720344543457	12.562165260314941	
178.9563751220703	48.842933654785156	16.223073959350586	12.302515029907227	
178.96029663085938	48.71001434326172	15.945211410522461	12.516103744506836	
179.03941345214844	48.75223922729492	16.037569046020508	12.48730754852295	
179.14801025390625	48.695716857910156	15.909515380859375	12.499728202819824	
178.85247802734375	48.70519256591797	16.157413482666016	12.544293403625488	
178.945556640625	48.697505950927734	16.03510284423828	12.541383743286133	
178.9757843017578	48.773399353027344	16.10076141357422	12.403899192810059	
179.0215606689453	48.7963752746582	16.184946060180664	12.367384910583496	
178.87258911132812	48.735538482666016	16.07699203491211	12.673879623413086	
178.90182495117188	48.59918212890625	16.087039947509766	12.852895736694336	
179.0978546142578	48.71393585205078	15.902246475219727	12.484350204467773	
178.99594116210938	48.75697708129883	16.092599868774414	12.419512748718262	
179.00779724121094	48.736698150634766	16.078357696533203	12.627607345581055	
178.95761108398438	48.76754379272461	16.030643463134766	12.558211326599121	
179.08572387695312	48.735172271728516	16.111637115478516	12.487584114074707	
178.99119567871094	48.738433837890625	16.203594207763672	12.424934387207031	
179.0402069091797	48.68952178955078	16.002182006835938	12.748039245605469	
179.07962036132812	48.758262634277344	15.980545043945312	12.438348770141602	
179.0909423828125	48.792640686035156	16.046789169311523	12.447744369506836	
179.0155792236328	48.72883224487305	15.992576599121094	12.555850982666016	
179.034423828125	48.782466888427734	16.002241134643555	12.496332168579102	
179.01812744140625	48.72699737548828	15.962857246398926	12.526350021362305	
178.9660186767578	48.78969955444336	15.992924690246582	12.587692260742188	
178.9909210205078	48.72337341308594	15.979937553405762	12.606830596923828	
178.9695587158203	48.753929138183594	16.02836799621582	12.520601272583008	
178.91165161132812	48.9014892578125	16.111539840698242	12.184090614318848	
179.30999755859375	48.68794631958008	15.831936836242676	12.47165584564209	
179.0454559326172	48.7779541015625	16.03701400756836	12.409106254577637	
178.87538146972656	48.78019332885742	16.17959213256836	12.410955429077148	
179.02703857421875	48.76134490966797	15.970399856567383	12.442140579223633	
179.0856170654297	48.73820114135742	16.001617431640625	12.495168685913086	
179.07400512695312	48.806453704833984	16.046672821044922	12.454777717590332	
177.3186798095703	49.78703689575195	16.289548873901367	12.516855239868164	
178.34323120117188	51.985633850097656	14.811345100402832	12.034223556518555	
179.36863708496094	57.750946044921875	14.779027938842773	13.272547721862793	
173.45762634277344	60.89265060424805	14.396862983703613	11.697457313537598	
169.9016876220703	57.53615188598633	14.006091117858887	12.527884483337402	
172.04180908203125	52.590049743652344	16.033559799194336	11.898508071899414	
170.0596160888672	53.29392623901367	17.139562606811523	11.799615859985352	
168.914794921875	53.8756217956543	17.209033966064453	11.97471809387207	
167.4877166748047	54.245155334472656	17.521663665771484	12.077948570251465	
166.369873046875	54.925132751464844	17.128578186035156	12.226734161376953	
165.66055297851562	55.30841064453125	17.24057960510254	12.317692756652832	
164.3419952392578	56.16241455078125	17.172317504882812	11.738927841186523	
163.28787231445312	56.187034606933594	17.763885498046875	12.359498977661133	
161.6910400390625	57.1282958984375	17.607948303222656	12.071782112121582	
161.1034393310547	57.43574905395508	17.76914405822754	12.221844673156738	
159.53396606445312	58.004417419433594	18.110774993896484	12.537922859191895	
158.2624969482422	58.25444793701172	18.737960815429688	12.88214111328125	
157.27330017089844	59.14656448364258	18.283260345458984	12.435561180114746	
156.47634887695312	58.892845153808594	18.369022369384766	13.347521781921387	
155.0941925048828	60.235679626464844	18.431255340576172	12.213897705078125	
154.15078735351562	60.3433837890625	18.631202697753906	12.549542427062988	
152.99478149414062	61.26227569580078	18.45212745666504	12.00158405303955	
152.59634399414062	61.457069396972656	18.44496726989746	12.3461332321167	
151.00938415527344	61.78910446166992	18.812480926513672	12.821545600891113	
150.755859375	62.38518524169922	17.632688522338867	12.402664184570312	
148.92398071289062	62.964080810546875	18.672739028930664	12.26872730255127	
149.45040893554688	63.30949783325195	17.303791046142578	12.506698608398438	
147.35398864746094	63.75506591796875	18.40914535522461	12.811002731323242	
146.3925018310547	64.46435546875	18.348196029663086	11.890016555786133	
144.65386962890625	64.75797271728516	19.119609832763672	12.475634574890137	
144.63082885742188	65.37567901611328	17.840341567993164	12.181669235229492	
143.3052520751953	65.88777923583984	18.47117805480957	12.183271408081055	
142.659423828125	66.10152435302734	18.237531661987305	12.527559280395508	
141.63186645507812	66.83570098876953	17.9354248046875	12.13633918762207	
141.0797119140625	67.01338958740234	17.584056854248047	12.532258033752441	
141.18865966796875	67.6673812866211	16.64273452758789	11.854801177978516	
139.6785430908203	68.13257598876953	17.248855590820312	11.970694541931152	
138.57313537597656	68.16336059570312	17.5191593170166	12.591887474060059	
138.0399932861328	69.03727722167969	17.21735191345215	11.735836029052734	
136.85934448242188	69.18058013916016	17.339527130126953	12.21015739440918	
136.01702880859375	69.69214630126953	17.455429077148438	11.99832534790039	
137.0691375732422	66.8712387084961	13.880656242370605	11.27803897857666	
140.68516540527344	61.22389602661133	14.307647705078125	11.624969482421875	
144.74099731445312	61.461097717285156	14.727665901184082	11.96623420715332	
138.59158325195312	65.3862533569336	15.084978103637695	12.256550788879395	
137.65090942382812	64.2653579711914	14.91045093536377	12.114748001098633	
140.61793518066406	63.754112243652344	14.55085277557373	11.822575569152832	
139.39056396484375	62.457908630371094	14.545506477355957	11.818231582641602	
139.1156463623047	56.970542907714844	14.63990306854248	11.894928932189941	
130.1839141845703	60.06061935424805	14.546963691711426	11.819416046142578	
128.48983764648438	53.557273864746094	14.587985038757324	11.85274600982666	
124.1290054321289	53.07854080200195	14.348119735717773	11.657855987548828	
119.57206726074219	50.89104461669922	14.154141426086426	11.500248908996582	
120.53752136230469	49.101646423339844	14.261087417602539	11.587141990661621	
120.8401870727539	51.72383499145508	14.151205062866211	11.49786376953125	
119.46734619140625	49.9124641418457	14.533218383789062	11.808250427246094	
119.34159088134766	47.123756408691406	14.50976848602295	11.789196968078613	
121.38236999511719	50.25751876831055	14.65588092803955	11.907914161682129	
120.9836196899414	50.522613525390625	14.612127304077148	11.87236499786377	
120.8932876586914	49.2157096862793	14.574729919433594	11.84197998046875	
122.11918640136719	49.512794494628906	14.639749526977539	11.894807815551758	
125.83747863769531	56.25762939453125	14.235860824584961	11.566648483276367	
119.0882797241211	49.32078552246094	14.135172843933105	11.484840393066406	
120.66557312011719	50.17700958251953	14.037254333496094	11.405281066894531	
114.5078125	50.33954620361328	13.729192733764648	11.15498161315918	
117.36598205566406	49.45661926269531	13.3782377243042	10.869830131530762	
117.0511703491211	49.827171325683594	13.167989730834961	10.699003219604492	
111.62248229980469	48.31580352783203	13.271432876586914	10.783050537109375	
122.40110778808594	57.029083251953125	13.363378524780273	10.857756614685059	
122.554443359375	64.3077163696289	13.134849548339844	10.672076225280762	
119.33219146728516	72.45266723632812	13.285150527954102	10.794195175170898	
111.09967041015625	79.74217987060547	16.447574615478516	12.909452438354492	
109.70845031738281	80.62920379638672	17.019123077392578	11.990857124328613	
109.4500503540039	80.77085876464844	16.311790466308594	11.794689178466797	
108.09516906738281	81.00413513183594	16.81355857849121	11.44474983215332	
108.33085632324219	81.298095703125	16.00021743774414	12.213138580322266	
107.31575775146484	81.54216003417969	16.625385284423828	11.820666313171387	
106.14952087402344	81.70149230957031	17.031946182250977	11.690114974975586	
105.5342025756836	81.71197509765625	17.254512786865234	12.90800666809082	
104.96102142333984	81.96636199951172	16.8319091796875	12.595373153686523	
103.6818618774414	82.39491271972656	17.422775268554688	11.649953842163086	
103.6907730102539	82.55887603759766	16.902196884155273	12.26816177368164	
102.8438491821289	82.72101593017578	17.201982498168945	12.253740310668945	
102.6655502319336	82.64445495605469	17.11018180847168	12.93480396270752	
101.80103302001953	82.97671508789062	17.422100067138672	12.559806823730469	
101.6412353515625	83.19752502441406	17.10283851623535	12.908327102661133	
100.75365447998047	83.80865478515625	17.10896873474121	11.917356491088867	
100.14653015136719	83.70600891113281	17.17033576965332	12.244091033935547	
100.08204650878906	83.99931335449219	16.95917510986328	12.241189956665039	
99.32194519042969	83.92851257324219	16.7583065032959	12.401966094970703	
98.76896667480469	84.18245697021484	17.11709213256836	12.694060325622559	
97.8614730834961	84.34239196777344	17.573637008666992	12.595117568969727	
98.57857513427734	84.44758605957031	16.229305267333984	12.359046936035156	
96.76878356933594	84.51551818847656	17.87154769897461	12.873957633972168	
96.88050842285156	84.46133422851562	17.226511001586914	12.817819595336914	
96.37324523925781	84.5260238647461	16.957406997680664	13.28862190246582	
101.02401733398438	88.75244140625	14.590721130371094	11.854971885681152	
97.78949737548828	87.4019546508789	14.185190200805664	11.525476455688477	
89.93856811523438	88.44881439208984	14.631118774414062	11.887792587280273	
90.57261657714844	91.87274932861328	14.953349113464355	12.149604797363281	
85.47364807128906	92.45463562011719	14.652597427368164	11.905242919921875	
87.74168395996094	89.63948059082031	14.628122329711914	11.885356903076172	
88.84290313720703	89.11235046386719	15.115440368652344	12.281303405761719	
92.60630798339844	92.07612609863281	15.395037651062012	12.508476257324219	
89.98896789550781	94.33381652832031	15.801366806030273	12.838618278503418	
94.86885070800781	103.33219146728516	15.886548042297363	12.907827377319336	
99.74198913574219	115.99169921875	15.78839111328125	12.82807445526123	
111.1790771484375	117.36946868896484	16.030338287353516	13.024656295776367	
123.6996841430664	122.4228286743164	15.864314079284668	12.889762878417969	
128.29757690429688	122.5319595336914	15.83582592010498	12.866615295410156	
141.82492065429688	133.29933166503906	16.101680755615234	13.082621574401855	
151.16995239257812	138.8332061767578	15.772621154785156	12.81525993347168	
157.177001953125	140.63671875	15.947566032409668	12.957402229309082	
161.22360229492188	135.4937286376953	15.813858032226562	12.84876537322998	
163.05250549316406	138.87326049804688	15.4226713180542	12.530926704406738	
160.56668090820312	139.78042602539062	15.837652206420898	12.868098258972168	
162.79505920410156	137.22068786621094	14.876815795898438	12.087417602539062	
161.83975219726562	138.66220092773438	14.905355453491211	12.110607147216797	
158.92510986328125	151.8302459716797	14.776483535766602	12.005897521972656	
151.61351013183594	170.39193725585938	15.177038192749023	12.331348419189453	
141.8256378173828	183.65626525878906	14.78034496307373	12.009035110473633	
146.57192993164062	186.37136840820312	14.88366985321045	12.092987060546875	
139.59811401367188	182.36891174316406	14.466526985168457	11.754056930541992	
136.7090606689453	180.8915252685547	13.579421997070312	11.033284187316895	
135.80557250976562	179.96568298339844	13.559944152832031	11.017457962036133	
134.21295166015625	179.11782836914062	13.641088485717773	11.083388328552246	
136.7950897216797	180.66085815429688	13.309919357299805	10.814313888549805	
137.9898681640625	181.5170135498047	13.067975997924805	10.617735862731934	
134.89553833007812	179.5833282470703	13.252001762390137	10.767257690429688	
127.31722259521484	175.34634399414062	13.112142562866211	10.6536226272583	
122.55281829833984	172.67820739746094	12.841570854187012	10.433782577514648	
125.02766418457031	173.88958740234375	13.18359661102295	10.711679458618164	
113.7393569946289	167.7183837890625	13.160237312316895	10.692700386047363	
111.4304428100586	166.566162109375	12.922462463378906	10.49950885772705	
113.1689682006836	167.45358276367188	12.610858917236328	10.246330261230469	
109.9290542602539	165.73806762695312	12.382948875427246	10.061153411865234	
109.15370178222656	165.27479553222656	12.519668579101562	10.172239303588867	
109.03672790527344	165.04421997070312	12.520593643188477	10.172989845275879	
110.7379150390625	166.03042602539062	12.629781723022461	10.26170539855957	
108.18858337402344	164.69064331054688	12.571130752563477	10.21405029296875	
108.795654296875	164.9941864013672	12.903346061706543	10.483976364135742	
109.26583099365234	165.20101928710938	12.620780944824219	10.254392623901367	
104.007568359375	162.3095245361328	12.439855575561523	10.107391357421875	
107.0478744506836	163.91128540039062	12.712687492370605	10.329068183898926	
104.20063781738281	162.38565063476562	12.77924919128418	10.383149147033691	
99.37027740478516	159.77468872070312	12.739884376525879	10.351164817810059	
99.40069580078125	159.9796142578125	12.701784133911133	10.320207595825195	
95.95146179199219	158.16073608398438	12.768068313598633	10.374063491821289	
98.68286895751953	159.62103271484375	12.58272647857666	10.223472595214844	
113.7152099609375	161.68731689453125	12.636032104492188	10.266782760620117	
127.32298278808594	165.5940399169922	12.708832740783691	10.325933456420898	
127.05940246582031	152.70123291015625	12.495388984680176	10.152509689331055	
135.10308837890625	152.31451416015625	12.3793306350708	10.058212280273438	
146.99081420898438	148.70928955078125	12.902748107910156	10.483490943908691	
148.66131591796875	145.518310546875	13.147544860839844	10.682388305664062	
159.59768676757812	142.64768981933594	12.874234199523926	10.460322380065918	
163.43138122558594	142.2458953857422	12.391901969909668	10.068428039550781	
158.51283264160156	141.25112915039062	12.515738487243652	10.169046401977539	
163.8894500732422	143.64144897460938	12.424781799316406	10.095144271850586	
162.91964721679688	140.5901641845703	12.314294815063477	10.005373001098633	
173.4243621826172	139.79212951660156	11.677068710327148	9.487627029418945	
178.2101287841797	142.17056274414062	11.911104202270508	9.677781105041504	
171.35073852539062	141.4396514892578	11.579449653625488	9.40831184387207	
167.8023223876953	139.8417510986328	11.802961349487305	9.589914321899414	
167.590087890625	147.1215057373047	12.361648559570312	10.043848037719727	
167.640625	138.91162109375	12.276963233947754	9.975040435791016	
168.72000122070312	136.89105224609375	12.804807662963867	10.403913497924805	
163.36868286132812	142.92877197265625	12.553950309753418	10.200092315673828	
163.0174102783203	147.34939575195312	12.672255516052246	10.296216011047363	
165.21240234375	149.86138916015625	12.562516212463379	10.207052230834961	
166.78895568847656	136.61520385742188	12.597021102905273	10.235087394714355	
153.7743377685547	121.24845886230469	12.483583450317383	10.142919540405273	
149.56768798828125	119.82254791259766	12.514447212219238	10.167996406555176	
149.43551635742188	119.9909439086914	12.52999496459961	10.180628776550293	
150.14927673339844	120.30622863769531	12.885600090026855	10.469557762145996	
149.6018524169922	119.83140563964844	12.84546947479248	10.436952590942383	
149.41744995117188	120.5550765991211	13.197837829589844	10.723251342773438	
149.70199584960938	119.22314453125	13.526611328125	10.99038028717041	
148.0851593017578	119.55450439453125	13.345666885375977	10.843362808227539	
149.28890991210938	119.17942810058594	13.322790145874023	10.824776649475098	
148.62100219726562	119.3072738647461	13.706535339355469	11.136570930480957	
149.01759338378906	119.1594009399414	13.567273139953613	11.023420333862305	
148.81651306152344	118.56495666503906	13.71528148651123	11.143677711486816	
150.1064453125	120.14776611328125	13.155303955078125	10.688695907592773	
149.36654663085938	118.87516021728516	13.319875717163086	10.822408676147461	
148.84144592285156	118.36881256103516	12.937004089355469	10.511324882507324	
149.06668090820312	118.9660415649414	12.66478443145752	10.290145874023438	
149.25985717773438	120.11369323730469	12.687640190124512	10.308716773986816	
150.3204345703125	119.06346130371094	12.514249801635742	10.167837142944336	
149.88478088378906	120.243896484375	12.626842498779297	10.259319305419922	
150.28982543945312	119.88398742675781	12.443851470947266	10.110639572143555	
149.5801544189453	118.03216552734375	12.52165699005127	10.173855781555176	
149.79302978515625	120.00791931152344	12.733558654785156	10.346026420593262	
149.78347778320312	119.9428939819336	12.787906646728516	10.39018440246582	
150.0422821044922	119.53346252441406	12.285922050476074	9.982320785522461	
149.4530792236328	120.37381744384766	13.066873550415039	10.616844177246094	
149.33413696289062	120.18607330322266	13.016983032226562	10.57630729675293	
148.78939819335938	120.35064697265625	12.98658561706543	10.551610946655273	
148.4375457763672	118.8535385131836	13.099408149719238	10.643279075622559	
149.51638793945312	120.76066589355469	13.090185165405273	10.635786056518555	
149.47305297851562	119.6296615600586	12.968940734863281	10.537274360656738	
148.88157653808594	119.08895111083984	13.039800643920898	10.594849586486816	
148.7906494140625	119.3997573852539	13.152400016784668	10.686336517333984	
149.5510711669922	120.05179595947266	13.386240005493164	10.876331329345703	
148.8798828125	119.97599792480469	13.006866455078125	10.568089485168457	
149.79397583007812	120.0733413696289	12.814615249633789	10.411883354187012	
149.56338500976562	119.2587890625	12.935829162597656	10.510369300842285	
148.7693634033203	119.5428466796875	13.435653686523438	10.916478157043457	
148.76437377929688	120.612060546875	13.766592025756836	11.185365676879883	
149.088134765625	119.94599914550781	14.409940719604492	11.708087921142578	
150.52963256835938	120.13203430175781	14.180455207824707	11.521631240844727	
148.89022827148438	118.91990661621094	14.03394603729248	11.402592658996582	
