3.0	169.0	188.0	84.0	
10.739282608032227	169.22390747070312	190.01254272460938	82.65128326416016	
21.856891632080078	168.5666961669922	186.65708923339844	83.63623046875	
34.31817626953125	169.5698699951172	184.44650268554688	80.64309692382812	
44.9677734375	169.5281982421875	180.01931762695312	81.25642395019531	
53.770408630371094	169.4084014892578	179.24400329589844	79.95738983154297	
68.94097137451172	168.97998046875	171.05172729492188	79.2358169555664	
73.8062973022461	169.41458129882812	171.97146606445312	77.85895538330078	
81.43521118164062	169.92245483398438	170.1414337158203	77.3853530883789	
93.968994140625	169.59280395507812	160.76919555664062	76.38536071777344	
101.48690795898438	169.38656616210938	156.4048309326172	76.67264556884766	
112.17716217041016	169.70379638671875	152.1890411376953	74.4020004272461	
124.1801986694336	170.6254425048828	142.02752685546875	71.94358825683594	
128.61367797851562	170.13150024414062	141.91555786132812	71.14373779296875	
132.310546875	170.2063751220703	145.5794677734375	70.873779296875	
144.03298950195312	170.65194702148438	136.3769989013672	69.81712341308594	
148.0474090576172	170.54620361328125	135.62774658203125	67.75511169433594	
156.68682861328125	170.90211486816406	130.73550415039062	65.57587432861328	
161.8814239501953	170.45518493652344	130.0497589111328	66.05081176757812	
167.7443389892578	171.5283966064453	125.8249740600586	64.29692077636719	
173.4234619140625	171.28062438964844	123.21769714355469	63.36149215698242	
179.62109375	172.86903381347656	118.818115234375	60.67368698120117	
184.32447814941406	173.12533569335938	117.1009292602539	58.78136444091797	
186.1813201904297	172.92416381835938	117.48323822021484	59.07855987548828	
193.80210876464844	172.5078887939453	112.34815979003906	59.19215774536133	
198.64193725585938	172.0380096435547	111.07841491699219	58.48180389404297	
204.01953125	172.29957580566406	108.98976135253906	57.36150360107422	
205.260498046875	172.62359619140625	107.21854400634766	54.890342712402344	
212.1611328125	173.1069793701172	104.3975830078125	53.76621627807617	
214.19235229492188	172.7899932861328	103.68072509765625	53.31144332885742	
221.60165405273438	172.26296997070312	97.16682434082031	53.31659698486328	
222.9984893798828	174.5541229248047	92.74766540527344	50.56939697265625	
229.0165252685547	173.5509033203125	90.89682006835938	49.4927864074707	
231.92294311523438	174.0027313232422	88.40292358398438	47.32551574707031	
236.10476684570312	174.60195922851562	87.70173645019531	46.430877685546875	
241.9794921875	174.85009765625	82.39633178710938	45.446746826171875	
242.7016143798828	176.022216796875	80.71605682373047	44.98158645629883	
243.69589233398438	175.64492797851562	81.98916625976562	43.74633026123047	
248.050048828125	174.58534240722656	77.93318939208984	45.19074249267578	
251.1840057373047	175.86441040039062	75.44419860839844	43.38604736328125	
251.4461212158203	175.2556915283203	76.89378356933594	43.289344787597656	
256.1252136230469	175.3984375	73.16180419921875	42.92189025878906	
258.1341552734375	176.48236083984375	73.29480743408203	40.702674865722656	
263.0325622558594	176.66671752929688	70.40907287597656	40.51179504394531	
265.410400390625	176.85643005371094	69.29478454589844	40.591148376464844	
265.0384826660156	177.17800903320312	69.27356719970703	38.95549011230469	
268.65533447265625	176.5869903564453	67.23387908935547	39.416053771972656	
272.1817321777344	175.9234619140625	66.76791381835938	41.02457046508789	
273.1683349609375	176.37171936035156	67.474853515625	38.64288330078125	
273.04034423828125	177.08770751953125	66.78233337402344	37.32570266723633	
277.5997314453125	176.2954559326172	62.85637283325195	37.733909606933594	
272.8352966308594	175.9998016357422	70.30780792236328	36.96245574951172	
274.6992492675781	176.12460327148438	69.87989807128906	36.79921340942383	
273.9427490234375	176.1475830078125	69.95484924316406	34.925559997558594	
273.9571533203125	175.9366912841797	72.05387878417969	35.188026428222656	
274.5571594238281	175.90771484375	72.0447998046875	35.38655471801758	
274.40887451171875	176.42185974121094	71.93231201171875	34.48241424560547	
275.4253234863281	176.4481201171875	70.56892395019531	34.82831954956055	
273.1670837402344	177.27647399902344	72.18304443359375	33.47208786010742	
274.9261474609375	177.09181213378906	71.80769348144531	34.26126480102539	
280.3570251464844	177.13088989257812	66.69453430175781	33.02495193481445	
283.2837829589844	177.46458435058594	65.0091323852539	32.47958755493164	
283.82891845703125	178.106689453125	64.5972671508789	31.512836456298828	
296.24517822265625	178.05885314941406	57.110496520996094	30.281200408935547	
295.6209411621094	179.23983764648438	57.297569274902344	28.649938583374023	
297.24603271484375	179.5020751953125	57.62910079956055	29.620004653930664	
300.45904541015625	179.35984802246094	54.69298553466797	27.928241729736328	
301.14715576171875	178.86593627929688	54.99553298950195	27.824316024780273	
304.84381103515625	179.0176544189453	52.98575973510742	28.50164222717285	
304.43890380859375	178.5414276123047	53.938026428222656	28.992431640625	
304.7142028808594	178.1620635986328	54.15382766723633	27.99188804626465	
307.4443359375	179.14248657226562	52.17610549926758	27.400787353515625	
310.4862365722656	179.12039184570312	50.4289436340332	27.4053897857666	
311.7037048339844	178.5626220703125	49.371116638183594	27.34016990661621	
312.1767578125	178.66629028320312	48.75307083129883	26.672576904296875	
313.0091247558594	178.50363159179688	48.054954528808594	25.50491714477539	
312.65679931640625	179.3972625732422	47.822322845458984	24.337221145629883	
315.44635009765625	179.65005493164062	44.8666877746582	23.51940155029297	
316.256591796875	179.83433532714844	44.62969970703125	23.20673179626465	
316.15081787109375	180.25189208984375	45.24650955200195	23.137313842773438	
318.95831298828125	180.00350952148438	43.473209381103516	23.07954216003418	
320.6224365234375	180.027099609375	41.368080139160156	21.978816986083984	
320.3287658691406	179.96475219726562	42.443199157714844	21.611469268798828	
322.25537109375	180.08583068847656	41.38656234741211	21.123693466186523	
322.9393615722656	180.5449981689453	40.2530517578125	20.529027938842773	
324.46075439453125	181.57223510742188	40.12181091308594	19.989776611328125	
326.104736328125	182.35284423828125	39.0281982421875	19.40120506286621	
326.93121337890625	181.64352416992188	38.67416000366211	19.071521759033203	
327.68719482421875	180.29354858398438	38.24449157714844	19.841068267822266	
329.86407470703125	181.2658233642578	37.40172576904297	19.82927894592285	
329.89813232421875	180.52993774414062	38.01752853393555	20.943574905395508	
330.4243469238281	179.3118133544922	37.352787017822266	20.70197868347168	
331.2149963378906	179.84376525878906	37.85433578491211	20.957189559936523	
331.6828918457031	180.5487060546875	37.69035720825195	21.309017181396484	
331.8718566894531	179.69271850585938	38.03681945800781	21.171297073364258	
331.9069519042969	180.11964416503906	38.316009521484375	21.16773796081543	
333.5823669433594	180.09059143066406	37.578033447265625	20.1060848236084	
335.41326904296875	179.986572265625	37.13007736206055	19.722322463989258	
334.5159912109375	180.52896118164062	38.53994369506836	19.310623168945312	
336.338623046875	180.19801330566406	37.558807373046875	19.314306259155273	
335.46319580078125	180.02603149414062	37.784481048583984	18.123109817504883	
337.71685791015625	181.55429077148438	36.08240509033203	17.233842849731445	
339.3123474121094	181.7279510498047	34.97981262207031	17.43512535095215	
341.4439392089844	182.81564331054688	33.924217224121094	17.644657135009766	
341.51055908203125	181.2957000732422	33.956905364990234	16.47607421875	
340.8986511230469	180.9030303955078	33.8927116394043	15.849166870117188	
342.2657165527344	182.15109252929688	33.6363410949707	15.726811408996582	
342.70147705078125	181.40966796875	31.890893936157227	15.47460651397705	
343.56964111328125	181.59768676757812	31.079065322875977	15.202959060668945	
344.65692138671875	181.00144958496094	29.091266632080078	14.202142715454102	
346.1366882324219	181.37222290039062	28.276052474975586	14.255937576293945	
346.5904541015625	180.96029663085938	27.578388214111328	14.09911060333252	
346.71551513671875	181.08584594726562	28.646167755126953	14.282363891601562	
347.98760986328125	181.21890258789062	28.039974212646484	14.0609769821167	
348.3408508300781	181.27464294433594	27.574817657470703	13.867345809936523	
348.54400634765625	180.9851531982422	27.859615325927734	13.635540962219238	
349.1236877441406	181.22610473632812	27.64308738708496	13.812588691711426	
349.6461486816406	181.59439086914062	27.366199493408203	13.675180435180664	
350.2619323730469	181.46163940429688	28.038814544677734	13.797018051147461	
350.7503967285156	181.41452026367188	27.454296112060547	13.541447639465332	
351.16796875	181.6739959716797	28.192214965820312	13.546696662902832	
352.225830078125	181.4767303466797	27.785531997680664	14.073817253112793	
351.4851379394531	181.3553009033203	28.4368953704834	13.513429641723633	
352.3894348144531	181.9446563720703	28.338165283203125	13.791448593139648	
352.99798583984375	182.4046630859375	28.37856101989746	13.951153755187988	
354.5770568847656	181.8172149658203	27.26339340209961	13.448007583618164	
353.798583984375	180.9500732421875	27.946237564086914	13.51635456085205	
355.31622314453125	182.45608520507812	26.4207763671875	13.269683837890625	
356.6072692871094	181.9757080078125	25.985889434814453	13.488470077514648	
356.83233642578125	181.6608123779297	26.36079978942871	13.65892505645752	
357.0225830078125	182.43557739257812	26.244409561157227	13.7838773727417	
358.0239562988281	182.3848114013672	25.462467193603516	13.872596740722656	
358.7306823730469	182.484130859375	25.497610092163086	13.846517562866211	
357.92425537109375	182.450439453125	26.285083770751953	14.123387336730957	
359.1272277832031	181.84999084472656	26.205026626586914	14.02917766571045	
358.01446533203125	181.93783569335938	27.652454376220703	13.881013870239258	
358.280517578125	181.88619995117188	27.866107940673828	13.980664253234863	
358.22344970703125	181.3600616455078	29.168991088867188	14.276130676269531	
359.1805114746094	181.8928680419922	27.918848037719727	13.302589416503906	
359.5015563964844	182.00538635253906	27.63007164001465	13.158490180969238	
360.2165832519531	181.59376525878906	27.721099853515625	13.41301155090332	
360.29107666015625	181.68019104003906	27.785629272460938	13.67005443572998	
361.21026611328125	180.96441650390625	27.773727416992188	13.295034408569336	
360.9091491699219	181.6236114501953	27.29154396057129	12.908254623413086	
361.27294921875	182.62582397460938	27.282445907592773	13.217686653137207	
362.02239990234375	181.7462615966797	25.940765380859375	12.847166061401367	
362.62640380859375	181.8249053955078	25.868356704711914	12.733521461486816	
363.7845764160156	182.5723876953125	24.461307525634766	12.851781845092773	
364.226806640625	182.60137939453125	24.17792320251465	12.421150207519531	
364.8399963378906	181.8885040283203	25.014142990112305	12.274662017822266	
363.41583251953125	182.242431640625	25.58120346069336	11.878399848937988	
363.70849609375	182.62608337402344	26.477794647216797	12.680468559265137	
364.23193359375	182.66416931152344	26.827932357788086	12.405682563781738	
364.85284423828125	182.67666625976562	26.261926651000977	12.610565185546875	
364.5273132324219	183.27127075195312	25.59498405456543	12.115046501159668	
366.7516174316406	183.07318115234375	25.39682388305664	11.92140007019043	
367.43670654296875	183.75436401367188	24.766250610351562	11.30022144317627	
368.6124267578125	182.37838745117188	24.57692527770996	12.195038795471191	
366.56524658203125	184.96206665039062	25.566204071044922	11.930978775024414	
369.0903625488281	182.5881805419922	24.441476821899414	12.503866195678711	
368.14361572265625	181.88038635253906	25.42906379699707	12.151573181152344	
369.02545166015625	180.09249877929688	25.543149948120117	12.485657691955566	
368.8423767089844	180.8431854248047	25.63702392578125	12.202108383178711	
370.6423645019531	181.99017333984375	24.856746673583984	12.039419174194336	
370.0044860839844	183.82237243652344	26.039073944091797	11.657022476196289	
371.40411376953125	184.09793090820312	25.7552433013916	11.633955955505371	
371.2881774902344	183.14059448242188	24.589441299438477	11.42597484588623	
372.6741027832031	182.12246704101562	23.82151222229004	12.05026626586914	
371.43072509765625	182.5475311279297	24.6389102935791	11.492825508117676	
370.51580810546875	181.8177947998047	25.350488662719727	11.655397415161133	
371.42510986328125	181.64706420898438	25.071582794189453	11.866617202758789	
372.2485656738281	181.11294555664062	24.429014205932617	11.937408447265625	
370.0979919433594	181.0845184326172	25.23758316040039	11.582331657409668	
372.23486328125	181.35299682617188	24.431766510009766	11.289457321166992	
373.6200256347656	182.1190948486328	24.381824493408203	11.189607620239258	
374.8942565917969	183.55587768554688	24.16731071472168	11.095335006713867	
376.75006103515625	184.84359741210938	23.399723052978516	10.660348892211914	
376.89154052734375	183.6618194580078	23.158679962158203	11.142129898071289	
377.18939208984375	184.17440795898438	22.986740112304688	10.607987403869629	
376.949951171875	183.3737335205078	22.617788314819336	10.354806900024414	
374.55743408203125	182.19808959960938	22.509614944458008	10.216753005981445	
377.9948425292969	182.66891479492188	21.332382202148438	9.531499862670898	
376.3554382324219	183.44790649414062	23.13031768798828	10.639992713928223	
377.49945068359375	182.7185821533203	21.724403381347656	10.312891006469727	
378.34466552734375	182.46420288085938	22.156978607177734	10.666143417358398	
378.2650451660156	183.43710327148438	22.28055191040039	10.59582233428955	
378.2670593261719	184.5852508544922	23.56684112548828	10.990350723266602	
378.8191833496094	184.13951110839844	24.01491928100586	11.428515434265137	
379.2520751953125	183.31100463867188	22.694461822509766	10.523521423339844	
378.99615478515625	182.989013671875	23.560436248779297	10.98835277557373	
379.99188232421875	183.45834350585938	21.641138076782227	10.266563415527344	
380.2602844238281	183.15408325195312	21.42608070373535	9.986709594726562	
380.6763000488281	183.49578857421875	20.677974700927734	9.717958450317383	
380.2565612792969	183.18450927734375	21.334274291992188	10.032389640808105	
380.9478759765625	183.4334716796875	21.731693267822266	10.316579818725586	
380.579345703125	183.82469177246094	22.591079711914062	10.536230087280273	
383.7249450683594	185.1721954345703	20.016942977905273	9.626665115356445	
382.9740295410156	185.1886749267578	20.193992614746094	9.296022415161133	
383.4599609375	185.8944854736328	19.871801376342773	9.424453735351562	
382.2410888671875	183.79388427734375	21.231830596923828	9.971689224243164	
383.04217529296875	183.3646697998047	20.607730865478516	9.746485710144043	
384.007568359375	183.77047729492188	19.86134910583496	9.347074508666992	
383.8814697265625	183.99862670898438	19.5925350189209	8.754122734069824	
384.0179443359375	183.2931365966797	20.092899322509766	9.644148826599121	
383.837158203125	184.02120971679688	20.783340454101562	9.433841705322266	
383.554931640625	183.65701293945312	20.487977981567383	9.530149459838867	
384.50738525390625	183.75979614257812	19.64404296875	9.667218208312988	
385.4361877441406	184.2932891845703	19.162460327148438	9.2079496383667	
385.89654541015625	184.42640686035156	18.14920425415039	9.028360366821289	
385.009033203125	183.6978302001953	20.08614158630371	9.038869857788086	
385.4503479003906	182.64535522460938	19.3795108795166	9.302027702331543	
384.50732421875	182.24337768554688	20.637113571166992	10.100409507751465	
385.18365478515625	182.75991821289062	21.021373748779297	10.312162399291992	
383.6789245605469	182.9923553466797	22.352092742919922	9.932275772094727	
385.1222229003906	184.00448608398438	20.747875213623047	9.701921463012695	
386.30657958984375	183.56442260742188	19.761812210083008	10.162291526794434	
387.5021057128906	183.9289093017578	19.297842025756836	9.801968574523926	
387.24578857421875	184.21533203125	19.358245849609375	9.614591598510742	
388.0268249511719	184.29771423339844	19.3603515625	9.518447875976562	
387.69244384765625	182.84588623046875	20.01770782470703	9.695363998413086	
388.3652038574219	182.65821838378906	20.50975799560547	10.033025741577148	
388.51611328125	182.62838745117188	20.5356388092041	10.108824729919434	
388.4229431152344	182.7205352783203	20.34132194519043	9.789153099060059	
388.830810546875	182.71310424804688	20.362987518310547	9.720843315124512	
389.3224182128906	182.94509887695312	20.369251251220703	9.999719619750977	
390.4047546386719	183.243896484375	19.375873565673828	9.670080184936523	
390.2207946777344	183.2360382080078	19.432830810546875	9.560728073120117	
390.87261962890625	183.032470703125	19.099910736083984	9.34552001953125	
390.9618835449219	182.77725219726562	19.255245208740234	9.600730895996094	
390.68756103515625	183.03367614746094	19.046693801879883	9.56129264831543	
391.148681640625	183.02859497070312	19.31375503540039	9.566980361938477	
390.8780212402344	183.0841522216797	19.779048919677734	9.940835952758789	
391.73101806640625	182.84275817871094	19.314828872680664	9.580738067626953	
391.4495544433594	183.24868774414062	19.430896759033203	9.677454948425293	
391.2684631347656	182.83120727539062	19.9306583404541	9.589410781860352	
390.9702453613281	183.19607543945312	20.196989059448242	9.347345352172852	
391.9961853027344	183.36599731445312	19.15903091430664	9.406133651733398	
391.77105712890625	183.03305053710938	19.261192321777344	9.554938316345215	
391.96600341796875	183.1346435546875	18.937040328979492	9.405227661132812	
391.84039306640625	183.08053588867188	19.40070152282715	9.584948539733887	
392.0505676269531	183.33248901367188	19.34093475341797	9.353607177734375	
391.95074462890625	183.18775939941406	19.955020904541016	9.59851360321045	
391.9246826171875	183.160888671875	19.538982391357422	9.389166831970215	
391.5293884277344	183.10397338867188	19.56802749633789	9.414965629577637	
392.2891540527344	183.0291290283203	19.72892189025879	9.690165519714355	
391.9692687988281	183.1048126220703	19.88239288330078	9.669402122497559	
393.6236572265625	184.0068817138672	18.904043197631836	8.446499824523926	
392.9773864746094	183.26657104492188	19.559391021728516	9.526702880859375	
393.62664794921875	183.6995391845703	18.631011962890625	8.958168983459473	
394.0856018066406	183.93045043945312	17.96432113647461	8.599809646606445	
393.89874267578125	183.72164916992188	18.615886688232422	8.89954948425293	
394.335693359375	183.80776977539062	18.347522735595703	8.83099365234375	
394.4861145019531	183.51254272460938	18.74422836303711	8.82905101776123	
394.87841796875	183.92611694335938	17.930665969848633	8.70293140411377	
395.4566650390625	183.49949645996094	17.633136749267578	8.665569305419922	
395.31134033203125	183.47201538085938	17.26242446899414	8.387585639953613	
396.0489196777344	183.54244995117188	16.473512649536133	8.351814270019531	
396.4726867675781	183.74484252929688	16.073070526123047	8.296012878417969	
396.4610900878906	183.67245483398438	16.013498306274414	8.194458961486816	
396.49383544921875	183.4912872314453	16.314327239990234	8.208145141601562	
396.2423400878906	183.86087036132812	16.34061622619629	8.079198837280273	
396.54193115234375	183.76593017578125	16.656789779663086	7.801919460296631	
396.56988525390625	183.806396484375	16.984813690185547	7.754542350769043	
396.54962158203125	183.8356170654297	16.503929138183594	7.904550075531006	
396.96368408203125	183.9617156982422	16.03848648071289	7.714883327484131	
397.41766357421875	184.02503967285156	15.789609909057617	7.527454376220703	
397.0320739746094	184.01463317871094	16.008195877075195	7.563571929931641	
397.7337646484375	184.04122924804688	15.519699096679688	7.617720127105713	
397.31390380859375	183.9500274658203	15.890151977539062	7.725897789001465	
396.0766296386719	184.42684936523438	16.576021194458008	7.40631628036499	
394.22442626953125	183.82684326171875	17.0777587890625	7.947119235992432	
394.35137939453125	184.13577270507812	16.890623092651367	7.546883583068848	
392.3619689941406	183.97996520996094	17.20955467224121	7.820034027099609	
391.95867919921875	183.7338104248047	17.015148162841797	7.602522850036621	
391.38812255859375	183.50143432617188	16.77199363708496	7.605096340179443	
389.35028076171875	183.66664123535156	16.086496353149414	7.18759298324585	
389.53802490234375	183.733154296875	16.105045318603516	7.105971336364746	
387.7234191894531	183.99658203125	16.184738159179688	7.115036964416504	
389.07183837890625	183.98199462890625	16.010560989379883	6.874753475189209	
388.181396484375	183.8497772216797	16.11142921447754	6.9975266456604	
388.3875427246094	183.395263671875	15.789212226867676	7.0547637939453125	
390.34149169921875	183.413330078125	17.131563186645508	7.3033952713012695	
389.4920349121094	183.4470672607422	16.8599910736084	7.21866512298584	
389.85443115234375	182.90640258789062	15.711750984191895	7.020153045654297	
387.41973876953125	183.65029907226562	16.320438385009766	7.079859256744385	
389.860107421875	183.23727416992188	15.512107849121094	6.930951118469238	
387.6604919433594	183.07562255859375	16.397998809814453	7.12824010848999	
386.2091369628906	183.38204956054688	16.319351196289062	7.05547571182251	
381.23822021484375	184.03390502929688	15.709561347961426	7.050610542297363	
378.971435546875	184.19802856445312	16.10287094116211	7.36410665512085	
379.4451599121094	184.87295532226562	15.991867065429688	7.22104024887085	
378.450927734375	184.47142028808594	16.556127548217773	7.636983394622803	
378.97918701171875	183.3426513671875	17.526538848876953	8.194464683532715	
379.85479736328125	183.25167846679688	17.635913848876953	7.879887580871582	
379.1692810058594	183.3772430419922	17.74262809753418	8.182464599609375	
378.63055419921875	182.80517578125	18.050268173217773	8.01030445098877	
378.95062255859375	182.93212890625	16.691761016845703	7.458030700683594	
379.94976806640625	182.92620849609375	16.322534561157227	7.293055534362793	
378.2344665527344	183.1844940185547	16.458681106567383	7.353886604309082	
386.9835510253906	182.15696716308594	16.128293991088867	8.210098266601562	
386.66534423828125	183.0233154296875	15.676076889038086	7.004212856292725	
385.9677734375	183.7222900390625	15.513961791992188	7.487540245056152	
384.47125244140625	182.77615356445312	15.387563705444336	7.489967346191406	
385.3102111816406	183.22007751464844	15.767045974731445	7.364020347595215	
384.441162109375	183.5592041015625	15.758639335632324	7.288829803466797	
385.24560546875	183.71945190429688	16.471574783325195	7.572503089904785	
385.4249572753906	183.5498504638672	15.863397598266602	7.268929958343506	
383.81451416015625	187.79806518554688	16.04475212097168	6.848329067230225	
386.24884033203125	184.25051879882812	16.18221092224121	7.639522552490234	
386.1783752441406	184.1146240234375	16.808454513549805	7.7607011795043945	
385.6795959472656	184.3070068359375	17.3116512298584	7.836855888366699	
386.96331787109375	183.3486785888672	17.543188095092773	7.925852298736572	
386.494140625	183.78555297851562	17.822246551513672	8.35051441192627	
386.13531494140625	183.30555725097656	18.255859375	8.529025077819824	
386.2315368652344	183.352294921875	18.737327575683594	8.753456115722656	
387.3675231933594	183.45352172851562	18.153417587280273	8.706398963928223	
386.4196472167969	183.28494262695312	18.923152923583984	9.087773323059082	
386.5674133300781	183.51480102539062	18.71477699279785	9.002608299255371	
387.7948303222656	183.1663818359375	18.664653778076172	8.993902206420898	
386.8694763183594	183.49899291992188	19.26323699951172	8.92082405090332	
387.739501953125	183.04025268554688	19.557485580444336	9.014810562133789	
387.8099060058594	182.5958709716797	20.115032196044922	9.483417510986328	
387.0445861816406	182.60198974609375	20.656108856201172	9.845685005187988	
386.4947814941406	182.796630859375	21.352863311767578	9.859094619750977	
385.97991943359375	182.42958068847656	21.718530654907227	10.140420913696289	
385.56707763671875	181.7544708251953	22.47806739807129	10.086726188659668	
386.15936279296875	182.086181640625	22.367069244384766	10.17862319946289	
386.6759338378906	181.79629516601562	22.224960327148438	10.189041137695312	
386.65032958984375	181.9504852294922	22.39595603942871	10.470799446105957	
388.2215270996094	181.48928833007812	21.838394165039062	9.966535568237305	
388.5072937011719	181.72543334960938	21.420886993408203	9.6255464553833	
