215.0	72.0	27.0	33.0	
214.6588134765625	71.5013427734375	26.81357192993164	33.09071350097656	
214.7261199951172	71.55322265625	26.815135955810547	33.002071380615234	
214.86880493164062	71.312255859375	26.55605697631836	33.22713088989258	
214.8017578125	71.14360809326172	26.471038818359375	33.38904571533203	
214.86239624023438	70.8514404296875	26.4379940032959	33.43348693847656	
214.9521026611328	70.66344451904297	26.704635620117188	33.594459533691406	
215.5493927001953	70.94306945800781	26.8908634185791	33.40805435180664	
215.0627899169922	71.18226623535156	28.13918113708496	32.724159240722656	
215.34579467773438	71.79920196533203	27.896713256835938	32.26360321044922	
215.31497192382812	71.54674530029297	27.992938995361328	32.659427642822266	
215.6945037841797	72.1228256225586	27.570709228515625	32.155006408691406	
215.53988647460938	71.81151580810547	27.94016456604004	32.17601776123047	
216.0246124267578	71.92536163330078	27.54483985900879	32.41080093383789	
216.1005859375	71.64054870605469	27.025096893310547	32.21062469482422	
215.9456024169922	71.76506042480469	27.453197479248047	32.29301452636719	
215.80850219726562	71.47233581542969	27.396102905273438	32.13379669189453	
215.87033081054688	71.65349578857422	27.346054077148438	32.443206787109375	
216.36782836914062	71.65757751464844	26.90145492553711	32.34682846069336	
216.25436401367188	71.30003356933594	27.232280731201172	32.87786102294922	
216.85891723632812	71.5862045288086	27.558765411376953	32.707881927490234	
217.00411987304688	71.13220977783203	26.8911190032959	33.28942108154297	
217.07894897460938	71.36969757080078	26.521106719970703	32.74599075317383	
216.0651092529297	71.3212661743164	27.160724639892578	33.13887405395508	
215.8843994140625	71.09556579589844	27.234752655029297	33.39944076538086	
216.11233520507812	71.44139099121094	27.034927368164062	32.69651412963867	
216.3606414794922	70.15743255615234	26.871795654296875	34.165672302246094	
215.89376831054688	70.18306732177734	27.36865234375	34.14215850830078	
216.5537872314453	70.10893249511719	27.395732879638672	34.4149055480957	
216.74557495117188	70.13084411621094	27.196880340576172	34.43721008300781	
216.43789672851562	70.10286712646484	27.033447265625	34.67055130004883	
215.5964813232422	69.3958511352539	27.316883087158203	34.734352111816406	
214.6522979736328	69.3427734375	27.15469741821289	34.250953674316406	
213.9366455078125	68.488525390625	27.322214126586914	35.079437255859375	
213.2023468017578	68.54963684082031	26.968399047851562	35.0379524230957	
210.98062133789062	67.91700744628906	28.956689834594727	34.49628448486328	
209.20675659179688	67.24623107910156	28.994314193725586	35.454341888427734	
208.49520874023438	67.17071533203125	27.7512264251709	34.79014205932617	
207.3646240234375	66.58287048339844	27.346561431884766	35.2689323425293	
206.3682861328125	67.44841003417969	27.699657440185547	35.19862747192383	
204.5758056640625	67.35096740722656	29.12737464904785	35.175254821777344	
202.64773559570312	66.60017395019531	28.786609649658203	35.267662048339844	
201.4990692138672	66.7365493774414	27.696247100830078	35.89790725708008	
200.2303924560547	66.0916748046875	27.528240203857422	35.57207107543945	
198.3873748779297	66.39166259765625	28.373371124267578	35.16455841064453	
197.35972595214844	66.17286682128906	27.580188751220703	35.020286560058594	
195.71206665039062	66.22137451171875	28.468486785888672	35.64039993286133	
194.3419647216797	66.14095306396484	27.89284896850586	35.21261978149414	
192.80245971679688	65.30342102050781	27.703716278076172	36.08675003051758	
192.33253479003906	66.2818832397461	26.933883666992188	35.489356994628906	
191.7875518798828	65.6894760131836	26.758800506591797	36.043006896972656	
190.02931213378906	66.14445495605469	27.22186279296875	35.61203384399414	
189.4452667236328	66.3286361694336	26.420482635498047	35.66035842895508	
187.78573608398438	66.49567413330078	27.179088592529297	34.16157150268555	
187.1687774658203	66.86055755615234	26.836721420288086	34.152435302734375	
186.18453979492188	66.53053283691406	26.873525619506836	34.98836898803711	
184.8491668701172	66.85333251953125	27.456134796142578	34.99027633666992	
185.27845764160156	66.33931732177734	26.071264266967773	35.459556579589844	
184.7205810546875	66.03407287597656	26.295639038085938	35.55414581298828	
185.07122802734375	65.89241790771484	26.52083396911621	35.619590759277344	
185.21823120117188	65.50575256347656	27.152027130126953	35.326507568359375	
186.8563995361328	66.0589370727539	26.768320083618164	35.13324737548828	
187.7056884765625	65.61080932617188	28.31313705444336	34.84579086303711	
189.31298828125	66.36396789550781	28.715463638305664	34.35696792602539	
191.29129028320312	66.30972290039062	28.35976791381836	34.638336181640625	
192.7825927734375	66.10636138916016	27.78838539123535	34.368778228759766	
194.26144409179688	66.59568786621094	28.1541690826416	34.27406692504883	
196.013427734375	66.26412963867188	28.856082916259766	34.71724319458008	
198.00827026367188	66.39042663574219	29.154064178466797	34.38242721557617	
199.4734344482422	65.38876342773438	30.778636932373047	34.436607360839844	
203.1947479248047	65.29234313964844	30.080158233642578	34.484893798828125	
205.7259063720703	65.48609924316406	30.41533851623535	34.147666931152344	
209.20223999023438	65.08304595947266	29.223098754882812	34.660438537597656	
211.31320190429688	65.03941345214844	28.866079330444336	34.665802001953125	
213.85147094726562	65.17256164550781	27.525615692138672	35.08612823486328	
215.7873077392578	64.45912170410156	26.887344360351562	35.504425048828125	
216.45596313476562	64.62251281738281	27.284408569335938	35.437538146972656	
217.70166015625	65.22221374511719	27.379186630249023	35.178707122802734	
219.46426391601562	64.49786376953125	27.695999145507812	35.998374938964844	
220.4385528564453	64.94029235839844	27.968307495117188	35.48395919799805	
222.41604614257812	65.35185241699219	26.736236572265625	35.29716110229492	
223.64950561523438	65.12944030761719	26.621179580688477	35.511192321777344	
223.9327850341797	65.74713897705078	27.094676971435547	34.82699203491211	
224.0166015625	66.28387451171875	26.8304500579834	34.227088928222656	
223.43807983398438	66.317138671875	27.202713012695312	34.10090255737305	
223.0339813232422	66.7562255859375	26.703495025634766	33.854949951171875	
222.2677001953125	65.85205078125	27.1153564453125	34.883644104003906	
222.03170776367188	66.26280212402344	26.771820068359375	34.38238525390625	
221.5406036376953	65.97935485839844	27.05752944946289	34.8184928894043	
221.23843383789062	66.21749114990234	27.325510025024414	34.69673538208008	
220.8701171875	65.7372817993164	27.238815307617188	35.33452224731445	
220.8596649169922	65.64472961425781	26.57163429260254	35.13759231567383	
220.2761688232422	66.15684509277344	26.63924217224121	34.041168212890625	
219.8102569580078	66.4090347290039	27.077911376953125	34.187252044677734	
219.27334594726562	67.36785888671875	27.138355255126953	33.2407341003418	
219.51416015625	67.01298522949219	26.26080894470215	33.73552703857422	
219.05740356445312	68.23765563964844	26.746479034423828	32.082786560058594	
218.52706909179688	68.48299407958984	27.544784545898438	32.246559143066406	
218.54348754882812	68.85987854003906	27.057519912719727	31.8572998046875	
218.18637084960938	68.16230773925781	27.009979248046875	32.552093505859375	
218.17190551757812	68.50943756103516	27.209842681884766	32.95384979248047	
218.60769653320312	67.74687194824219	26.567157745361328	33.537132263183594	
218.6890106201172	67.52719116210938	26.480365753173828	33.546852111816406	
218.6402587890625	68.64619445800781	26.669824600219727	32.15012741088867	
218.62716674804688	69.22738647460938	26.911556243896484	32.40980529785156	
219.3612823486328	68.2563705444336	26.0383358001709	34.111839294433594	
219.29940795898438	69.31283569335938	26.058460235595703	33.71603012084961	
219.080078125	69.67306518554688	25.960397720336914	33.433753967285156	
218.5109100341797	69.6657943725586	26.132883071899414	32.83985137939453	
218.37515258789062	68.54228210449219	25.689952850341797	34.60569763183594	
218.6294708251953	68.05668640136719	26.271373748779297	35.357200622558594	
219.69717407226562	69.22817993164062	25.353483200073242	33.62236785888672	
219.70480346679688	68.8253173828125	25.054855346679688	33.821693420410156	
219.06982421875	69.58211517333984	24.540904998779297	32.696372985839844	
219.46115112304688	68.85197448730469	24.686094284057617	34.06371307373047	
219.4202880859375	68.73199462890625	24.201520919799805	33.7838249206543	
219.03054809570312	67.34294891357422	25.152334213256836	34.48968505859375	
218.1859893798828	66.77010345458984	26.085927963256836	35.75940704345703	
217.52328491210938	65.02494049072266	27.397130966186523	36.86494064331055	
216.15469360351562	63.36566925048828	27.23904037475586	37.161190032958984	
214.5496826171875	62.0582275390625	28.099899291992188	36.667869567871094	
216.6612091064453	64.13348388671875	27.6077938079834	36.21687698364258	
215.25540161132812	62.86311721801758	28.576080322265625	37.187110900878906	
215.32431030273438	62.82910919189453	29.180566787719727	36.511756896972656	
214.36935424804688	62.228538513183594	28.640567779541016	36.544288635253906	
216.15621948242188	63.664894104003906	27.99552345275879	36.34326934814453	
215.39736938476562	63.02910232543945	28.122913360595703	37.19725799560547	
214.44375610351562	61.704681396484375	29.32455825805664	37.693580627441406	
215.9317169189453	63.69911575317383	27.627655029296875	36.42332458496094	
216.0885467529297	64.0167465209961	27.5257568359375	36.456939697265625	
216.47109985351562	65.05152130126953	27.218616485595703	35.98072052001953	
215.38623046875	63.959007263183594	27.353870391845703	35.96574020385742	
214.74514770507812	63.36590576171875	27.195566177368164	36.246925354003906	
216.0796661376953	65.53298950195312	27.056509017944336	35.6278076171875	
217.4571990966797	67.2992172241211	25.48794937133789	34.88982009887695	
217.3054656982422	66.31144714355469	26.096149444580078	35.066837310791016	
216.51455688476562	64.21479797363281	27.81856346130371	35.88935852050781	
217.31478881835938	66.4581069946289	26.71405601501465	36.71018600463867	
217.49362182617188	66.55155181884766	25.663305282592773	36.626075744628906	
216.96450805664062	66.36045837402344	26.087284088134766	35.80103302001953	
217.0792694091797	67.87579345703125	24.833179473876953	34.602264404296875	
217.00247192382812	67.00477600097656	24.88582992553711	35.841156005859375	
217.1254425048828	66.00153350830078	25.837961196899414	35.89119338989258	
216.8317108154297	67.74215698242188	25.430156707763672	35.32310104370117	
216.9324493408203	67.61201477050781	26.125232696533203	34.53276443481445	
216.66390991210938	66.13478088378906	25.958520889282227	35.94729995727539	
216.7391357421875	66.91685485839844	26.801645278930664	35.28034973144531	
216.49658203125	67.84871673583984	26.573217391967773	33.92717361450195	
216.4093780517578	66.72623443603516	26.84701156616211	33.60265350341797	
216.2852325439453	68.21882629394531	26.45294761657715	31.623382568359375	
216.2462921142578	69.82718658447266	26.698688507080078	29.96439552307129	
216.82958984375	68.43869018554688	26.63279151916504	32.086143493652344	
216.6466064453125	69.82582092285156	26.810943603515625	30.72369384765625	
216.4043731689453	68.94696044921875	26.753948211669922	31.945846557617188	
216.37216186523438	68.19859313964844	26.80122947692871	32.896427154541016	
216.2533416748047	67.9360122680664	26.48361587524414	32.41579055786133	
216.2675323486328	67.8419418334961	26.202152252197266	31.997650146484375	
216.3833770751953	66.31629943847656	26.838153839111328	33.406410217285156	
216.12704467773438	67.04771423339844	26.648218154907227	32.19580078125	
216.2373046875	65.95527648925781	26.411712646484375	33.03047180175781	
215.47705078125	65.68578338623047	27.121906280517578	32.632171630859375	
214.82437133789062	66.04598236083984	27.19208335876465	31.81805992126465	
214.814208984375	64.9185562133789	26.843576431274414	32.85696029663086	
214.7383575439453	64.12696075439453	27.070484161376953	33.626869201660156	
214.2909698486328	64.63882446289062	26.980087280273438	33.23052215576172	
214.19509887695312	64.13456726074219	27.500890731811523	33.74668502807617	
214.6733856201172	64.2074966430664	26.818958282470703	33.82126235961914	
213.7445526123047	65.32853698730469	27.72711181640625	32.561710357666016	
214.0535430908203	65.39442443847656	27.4483642578125	32.12965393066406	
214.4959259033203	66.56066131591797	27.1954402923584	31.09476089477539	
214.9709930419922	66.41995239257812	27.19718360900879	31.04562759399414	
214.9453125	66.43489074707031	27.526554107666016	30.9549617767334	
214.8690948486328	64.83576202392578	27.360647201538086	32.84611511230469	
215.55508422851562	65.6052017211914	26.949111938476562	31.770679473876953	
215.64816284179688	65.817138671875	27.389720916748047	31.245107650756836	
216.4300994873047	65.07357025146484	27.283504486083984	32.52105712890625	
216.3495635986328	64.68788146972656	27.059804916381836	32.779930114746094	
216.2604217529297	64.18739318847656	27.28683090209961	33.32709503173828	
216.4443817138672	63.35221481323242	27.101055145263672	34.31520462036133	
216.3182830810547	63.02812576293945	27.01554298400879	33.88050079345703	
216.4070587158203	62.68381881713867	27.090225219726562	33.987037658691406	
216.33486938476562	61.984466552734375	27.34818458557129	34.6447639465332	
216.5453643798828	61.02028274536133	27.242212295532227	35.548667907714844	
216.0034942626953	60.63312530517578	27.61834716796875	35.16569900512695	
216.8681640625	60.75347900390625	27.355762481689453	35.777183532714844	
216.6669158935547	60.1958122253418	27.279003143310547	35.434043884277344	
216.49789428710938	59.704803466796875	27.171810150146484	36.22807693481445	
216.2000274658203	59.380775451660156	27.63384437561035	34.78940963745117	
216.94760131835938	58.7923469543457	27.23111915588379	36.68143081665039	
216.8267364501953	58.374916076660156	27.625707626342773	36.290199279785156	
216.4925994873047	57.80695343017578	27.664337158203125	35.776058197021484	
216.6782684326172	58.11494064331055	27.441387176513672	35.44189453125	
217.0977020263672	57.398338317871094	27.39885902404785	36.61119079589844	
216.9320526123047	57.81391525268555	27.845123291015625	35.87720489501953	
217.0487823486328	56.5726318359375	27.129247665405273	37.03446578979492	
216.608154296875	56.69172286987305	27.240209579467773	36.209815979003906	
217.3502655029297	57.4561882019043	27.118244171142578	36.152503967285156	
216.32290649414062	55.592140197753906	27.82314682006836	37.916175842285156	
216.1439971923828	55.9263916015625	28.065380096435547	37.534446716308594	
216.716064453125	56.46290969848633	27.44964027404785	36.48153305053711	
217.10498046875	56.32755661010742	26.754405975341797	36.545555114746094	
216.3500213623047	56.5844841003418	27.2830753326416	36.37194061279297	
217.57131958007812	57.202186584472656	26.651500701904297	36.27109909057617	
217.7273406982422	56.984405517578125	26.900121688842773	36.563697814941406	
216.8847198486328	56.849159240722656	26.823070526123047	36.087074279785156	
216.71768188476562	57.274658203125	26.575244903564453	35.221824645996094	
216.7444305419922	56.727149963378906	27.180673599243164	35.853431701660156	
216.0305938720703	56.45966339111328	27.519207000732422	36.41454315185547	
217.499267578125	56.547462463378906	26.415508270263672	36.28989028930664	
216.9594268798828	58.566871643066406	26.3438777923584	34.83209991455078	
217.3833465576172	56.74114990234375	26.91164207458496	36.08270263671875	
217.91177368164062	57.13416290283203	26.56405258178711	36.93698501586914	
217.294921875	54.842628479003906	26.688146591186523	38.12625503540039	
216.5988006591797	54.86041259765625	26.786205291748047	36.768009185791016	
217.56130981445312	55.72562789916992	25.889251708984375	36.44721221923828	
217.03164672851562	57.058807373046875	26.539928436279297	35.726234436035156	
217.09634399414062	55.70778274536133	26.17919921875	36.147193908691406	
216.9624786376953	55.361167907714844	26.253734588623047	36.48102951049805	
217.57083129882812	56.24665451049805	25.83040428161621	35.67111587524414	
216.8081817626953	53.718719482421875	26.30877685546875	36.32647705078125	
216.30288696289062	54.415565490722656	26.22075843811035	35.932899475097656	
217.5968475341797	56.132362365722656	25.47648048400879	35.830570220947266	
217.05996704101562	55.354034423828125	25.750783920288086	35.82030487060547	
216.9427947998047	56.08820343017578	26.366840362548828	35.6492919921875	
217.0763397216797	55.192710876464844	25.66599464416504	35.24927520751953	
217.18289184570312	55.0095329284668	25.973308563232422	35.93818283081055	
217.48269653320312	56.59718704223633	25.917316436767578	35.64130401611328	
216.77169799804688	55.74748992919922	26.06655502319336	35.39502716064453	
216.7805938720703	55.55132293701172	26.263965606689453	36.01149368286133	
217.1739959716797	56.6396484375	26.5212459564209	35.730567932128906	
217.4923095703125	56.0866584777832	26.69170570373535	36.67169952392578	
215.00503540039062	53.40985107421875	27.855260848999023	38.36037826538086	
215.33544921875	55.5951042175293	28.775390625	37.84453582763672	
213.7059783935547	52.07367706298828	28.630229949951172	39.974449157714844	
212.2107696533203	53.458717346191406	29.206777572631836	38.739662170410156	
211.48342895507812	54.005882263183594	30.189971923828125	37.81587219238281	
209.98300170898438	53.88151931762695	29.823862075805664	37.76831817626953	
210.32815551757812	54.20893478393555	29.381200790405273	37.89886474609375	
211.32363891601562	55.63651657104492	28.558834075927734	37.614723205566406	
212.84799194335938	56.0515251159668	26.8807430267334	36.87438201904297	
212.50387573242188	55.80364227294922	27.99020767211914	37.84485626220703	
212.4463348388672	56.883811950683594	28.86993980407715	35.78874588012695	
211.943115234375	54.6370964050293	29.3560848236084	36.74654769897461	
214.0907745361328	56.75346755981445	27.878799438476562	35.10680389404297	
213.6361541748047	57.34920120239258	28.620580673217773	34.28736114501953	
212.9196014404297	57.137840270996094	28.380664825439453	35.749183654785156	
212.1604766845703	58.86432647705078	27.806808471679688	35.01723098754883	
210.05258178710938	57.98576736450195	30.01898193359375	36.689918518066406	
207.42529296875	56.860008239746094	27.967937469482422	35.731624603271484	
208.58181762695312	56.58338165283203	26.740795135498047	35.58165740966797	
207.76351928710938	56.58470916748047	26.8516902923584	34.984596252441406	
207.00790405273438	52.168190002441406	26.363866806030273	36.28197479248047	
205.40908813476562	48.73223114013672	29.514087677001953	36.07282638549805	
205.347900390625	52.68772506713867	26.242252349853516	35.4859504699707	
206.7637481689453	54.19676971435547	25.552053451538086	34.754783630371094	
206.28427124023438	52.59479522705078	26.67343521118164	36.0823860168457	
205.8605194091797	52.916229248046875	27.17947006225586	36.3441276550293	
206.52316284179688	51.07090377807617	28.200952529907227	37.617496490478516	
204.9461669921875	50.73317337036133	30.438650131225586	39.13263702392578	
204.5734100341797	50.75585174560547	30.641834259033203	40.42413330078125	
205.54232788085938	49.139801025390625	32.58588409423828	42.705623626708984	
205.3076934814453	50.8000373840332	33.33199691772461	41.75042724609375	
209.62716674804688	52.77846145629883	31.5705623626709	40.48299789428711	
212.55520629882812	50.74729537963867	28.811214447021484	39.76869583129883	
214.5655059814453	54.3354377746582	27.953876495361328	37.57579803466797	
214.95962524414062	54.87609100341797	27.848896026611328	36.84196853637695	
215.23117065429688	54.39234161376953	27.10702133178711	36.344032287597656	
215.1545867919922	54.46027374267578	27.79196548461914	35.47248077392578	
213.3509521484375	50.365543365478516	29.27504539489746	39.02336883544922	
213.84622192382812	51.19794845581055	28.642248153686523	37.27411651611328	
213.52099609375	49.30029296875	28.52103042602539	38.42218017578125	
213.25997924804688	50.824134826660156	28.457714080810547	38.735130310058594	
212.7956085205078	48.55206298828125	28.82097816467285	39.308998107910156	
213.70755004882812	51.809486389160156	27.998672485351562	37.55559158325195	
213.4750518798828	51.95219039916992	28.820663452148438	37.74298858642578	
212.71914672851562	51.30705642700195	28.598546981811523	37.99451446533203	
212.8868865966797	49.18714141845703	28.59292984008789	40.61320495605469	
210.9184112548828	50.934722900390625	29.954599380493164	39.48090744018555	
209.88589477539062	50.7476692199707	28.402700424194336	37.927635192871094	
208.7105255126953	50.37816619873047	28.647808074951172	38.441551208496094	
210.38427734375	50.24556350708008	28.567712783813477	39.35264587402344	
208.7576141357422	52.77089309692383	28.828006744384766	38.544490814208984	
207.3131866455078	48.02202606201172	28.835330963134766	39.531227111816406	
209.06201171875	46.41309356689453	27.71072006225586	39.77484893798828	
208.0084686279297	43.899600982666016	30.972742080688477	39.444671630859375	
210.38949584960938	43.9718017578125	31.492725372314453	38.91048049926758	
213.08328247070312	44.31098175048828	29.3947811126709	39.0675048828125	
212.49105834960938	43.93120574951172	29.716991424560547	38.165977478027344	
213.5241241455078	44.9315185546875	29.630496978759766	38.947975158691406	
213.8363800048828	45.337745666503906	29.734394073486328	39.13372039794922	
212.1347198486328	46.908592224121094	29.6810245513916	39.256988525390625	
210.09933471679688	46.026676177978516	29.223011016845703	40.065155029296875	
209.6196746826172	48.68562698364258	29.396652221679688	37.99832534790039	
211.3203582763672	47.95698547363281	28.595937728881836	39.21835708618164	
210.42306518554688	48.263248443603516	30.15900230407715	39.16343307495117	
210.9564666748047	47.20579528808594	29.874099731445312	40.14324951171875	
210.8549346923828	47.0040168762207	31.313196182250977	40.35537338256836	
210.54306030273438	45.45408248901367	32.86845397949219	41.73045349121094	
212.60610961914062	47.403907775878906	29.835041046142578	40.066123962402344	
213.3737030029297	47.9434700012207	29.251745223999023	39.10869598388672	
212.4669647216797	48.85763168334961	29.64003562927246	38.41834259033203	
212.90695190429688	48.10395050048828	29.625782012939453	38.79694747924805	
212.0878143310547	50.16965866088867	29.6726016998291	37.962162017822266	
211.6046142578125	51.11024856567383	30.777191162109375	38.18510055541992	
208.37808227539062	50.678768157958984	31.416549682617188	40.14181900024414	
208.7925262451172	51.20023727416992	31.125545501708984	39.861000061035156	
210.23580932617188	51.81378936767578	28.72394371032715	40.62557601928711	
210.8992462158203	52.46220779418945	29.06830406188965	40.72555160522461	
208.6575164794922	53.48809051513672	29.631479263305664	38.71940612792969	
208.1307830810547	51.72235870361328	29.9634952545166	39.196205139160156	
206.5758056640625	53.08028030395508	28.286998748779297	36.90265655517578	
206.6894989013672	53.0813102722168	26.797374725341797	37.06086730957031	
207.3136749267578	53.21718215942383	27.035531997680664	36.1120719909668	
207.906005859375	51.68199920654297	26.6359920501709	37.3222770690918	
208.6883544921875	52.90187454223633	26.42038917541504	36.14392852783203	
209.39205932617188	54.073631286621094	26.850341796875	35.29943084716797	
209.92129516601562	54.61199951171875	26.72259521484375	35.056907653808594	
208.55117797851562	52.896575927734375	27.621021270751953	36.179508209228516	
210.2068328857422	52.2847785949707	26.543676376342773	35.88678741455078	
209.6528778076172	50.89556121826172	28.99204444885254	35.60909652709961	
211.2476806640625	50.542903900146484	27.09706687927246	36.079002380371094	
209.27487182617188	49.20429611206055	29.220550537109375	38.028568267822266	
210.21463012695312	47.63783645629883	27.527008056640625	38.082244873046875	
208.7353057861328	49.14219284057617	28.439434051513672	37.39813232421875	
207.6851043701172	49.152000427246094	29.866714477539062	37.802146911621094	
209.06436157226562	51.35985565185547	28.7379150390625	38.949764251708984	
207.96633911132812	51.827911376953125	28.944812774658203	38.844478607177734	
207.535400390625	50.263633728027344	29.42022705078125	39.439125061035156	
207.6927947998047	50.33311080932617	28.603221893310547	39.12421798706055	
206.4818878173828	50.92896270751953	28.774084091186523	38.91800308227539	
208.7795867919922	50.02762985229492	31.1439151763916	39.11676788330078	
209.7987823486328	49.638145446777344	30.860265731811523	38.52600860595703	
212.30514526367188	50.69872283935547	30.8648624420166	38.25151443481445	
211.85989379882812	48.755126953125	30.60451316833496	39.02764129638672	
212.00100708007812	47.4734992980957	30.203304290771484	40.044281005859375	
211.19894409179688	46.357913970947266	30.627105712890625	40.970191955566406	
212.08309936523438	45.8693733215332	28.986474990844727	39.364540100097656	
211.4516143798828	46.88495635986328	28.674388885498047	38.780433654785156	
211.1453094482422	47.803226470947266	28.540393829345703	39.0876579284668	
209.37680053710938	47.173545837402344	31.033187866210938	40.65296173095703	
210.56491088867188	46.568023681640625	30.18109130859375	40.70642852783203	
212.98190307617188	46.856483459472656	29.121685028076172	40.41584396362305	
208.8380126953125	48.90806579589844	32.635414123535156	40.71467208862305	
207.51071166992188	52.189422607421875	31.302831649780273	37.10993194580078	
202.91531372070312	51.4607048034668	31.47810935974121	37.234432220458984	
205.9024658203125	50.63986587524414	27.311492919921875	37.6334114074707	
204.69732666015625	49.6516227722168	28.363967895507812	37.895572662353516	
204.19003295898438	51.15081787109375	29.620676040649414	37.24739456176758	
202.776611328125	48.57876205444336	29.0255126953125	38.45588302612305	
204.15560913085938	45.522708892822266	27.224197387695312	38.47449493408203	
204.28387451171875	49.33234405517578	27.625232696533203	36.85538864135742	
204.37332153320312	48.556915283203125	28.100692749023438	36.64978790283203	
201.75930786132812	51.55888748168945	31.67891502380371	34.9988899230957	
205.3332977294922	48.48617172241211	33.240474700927734	38.45554733276367	
208.21469116210938	46.605987548828125	32.42428207397461	38.97705841064453	
210.7275848388672	50.026100158691406	31.633716583251953	38.663536071777344	
213.2907257080078	53.77325439453125	28.89188575744629	35.36534881591797	
213.1815643310547	53.88908767700195	28.150218963623047	34.83318328857422	
213.5561065673828	52.35345458984375	28.584217071533203	35.682289123535156	
212.37112426757812	52.7025260925293	28.757604598999023	35.85170364379883	
213.0708770751953	49.995826721191406	29.004241943359375	37.43521499633789	
209.3856658935547	53.10637283325195	32.635101318359375	34.38676834106445	
206.50448608398438	51.6688117980957	32.77864456176758	35.81494903564453	
205.74441528320312	50.97483444213867	27.87115478515625	36.93596267700195	
205.0518035888672	51.779396057128906	28.49944496154785	37.09236526489258	
204.1972198486328	53.66808319091797	27.73575210571289	34.633079528808594	
203.47789001464844	53.74608612060547	28.85464859008789	35.32754135131836	
202.07766723632812	54.89080047607422	28.820323944091797	34.24226760864258	
202.35305786132812	54.8714485168457	27.20560073852539	35.202880859375	
202.2234649658203	55.3019905090332	26.915685653686523	34.938636779785156	
200.40298461914062	53.6157341003418	29.067081451416016	36.61040496826172	
197.26161193847656	55.16816329956055	28.369976043701172	35.1738395690918	
197.30810546875	55.36088180541992	27.738536834716797	35.992156982421875	
196.072509765625	56.2856559753418	27.46034812927246	35.10273361206055	
195.2085723876953	56.35417938232422	27.28812599182129	35.114158630371094	
195.39944458007812	55.7219352722168	26.619491577148438	36.12803268432617	
194.84423828125	55.39250564575195	27.713897705078125	35.809600830078125	
195.24771118164062	56.016822814941406	27.431543350219727	34.44974136352539	
195.43299865722656	54.83812713623047	29.218097686767578	34.796287536621094	
198.05612182617188	55.501953125	28.728015899658203	34.15803146362305	
199.12347412109375	54.9067497253418	28.140277862548828	34.62810516357422	
198.99362182617188	54.36150360107422	28.87918472290039	34.4781494140625	
199.83291625976562	52.88695526123047	29.094451904296875	35.340309143066406	
200.43386840820312	52.0543327331543	28.75763511657715	35.27225875854492	
202.21371459960938	51.861671447753906	27.81583595275879	35.78351593017578	
201.5260467529297	52.268775939941406	28.81112289428711	34.929588317871094	
203.0469207763672	51.89976119995117	27.68239402770996	34.63180923461914	
202.072265625	53.11639404296875	29.64712142944336	33.47943115234375	
202.9803924560547	52.138587951660156	29.479816436767578	34.87601852416992	
203.72386169433594	53.67583465576172	28.4003963470459	33.524147033691406	
202.275634765625	54.11284637451172	29.3343448638916	34.36570739746094	
203.2288055419922	54.454689025878906	29.198348999023438	34.792537689208984	
202.13514709472656	53.08951950073242	27.519695281982422	36.0003776550293	
202.205078125	54.7806396484375	26.523601531982422	35.7760124206543	
202.20687866210938	52.64247512817383	26.306217193603516	37.32561492919922	
202.43467712402344	52.05419921875	26.859451293945312	36.92420196533203	
200.73272705078125	50.87372589111328	26.751693725585938	37.408958435058594	
199.27944946289062	52.3238525390625	25.828638076782227	36.951168060302734	
200.37979125976562	52.06559371948242	26.47601890563965	36.781517028808594	
201.6000213623047	51.61674118041992	25.178619384765625	35.575279235839844	
201.13406372070312	50.89644241333008	26.07338523864746	37.24642562866211	
200.35763549804688	50.02210235595703	27.45241355895996	38.30004119873047	
201.22732543945312	52.62971115112305	26.234695434570312	35.88874816894531	
202.08566284179688	52.9959716796875	25.06903076171875	35.56211471557617	
201.6739044189453	53.9998893737793	27.033212661743164	35.525146484375	
202.6605682373047	52.612770080566406	27.201557159423828	36.248313903808594	
202.44302368164062	51.77934646606445	27.979171752929688	36.31742858886719	
202.21817016601562	50.951683044433594	28.899974822998047	37.0517578125	
203.60107421875	48.07982635498047	28.97684097290039	37.578216552734375	
205.77920532226562	49.781219482421875	27.803226470947266	37.579078674316406	
205.31405639648438	48.862648010253906	28.201623916625977	38.21016311645508	
204.5310821533203	45.981529235839844	29.695911407470703	38.72046661376953	
206.8826904296875	47.98113250732422	28.007238388061523	38.99835205078125	
206.7276153564453	52.04606246948242	30.085281372070312	38.30092239379883	
208.9762725830078	51.02935028076172	31.150264739990234	39.87485122680664	
207.49362182617188	51.98322296142578	29.096721649169922	37.549522399902344	
205.02401733398438	51.86676788330078	29.840442657470703	36.88915252685547	
207.83203125	51.785011291503906	27.887310028076172	36.70735549926758	
207.0271453857422	51.52495193481445	29.0711727142334	37.580230712890625	
207.4913787841797	53.548561096191406	28.87656593322754	35.59081268310547	
208.2301788330078	54.04987335205078	27.918842315673828	35.5715217590332	
208.02587890625	53.085304260253906	28.13698387145996	36.45560073852539	
206.7899627685547	52.81694793701172	28.555004119873047	36.57157516479492	
208.3194122314453	52.68988037109375	28.1633358001709	37.61524200439453	
209.75839233398438	52.84840774536133	27.085071563720703	37.51118850708008	
208.4513397216797	51.579071044921875	27.346385955810547	37.56528854370117	
209.17935180664062	52.555023193359375	26.764728546142578	36.48509216308594	
208.74826049804688	52.20063400268555	27.531482696533203	35.91797637939453	
209.7025909423828	52.33660888671875	27.57550621032715	36.8091926574707	
208.1626434326172	53.34962844848633	28.82294273376465	36.994667053222656	
209.2755889892578	51.31272506713867	29.11545753479004	39.42805480957031	
209.48385620117188	52.050804138183594	29.531936645507812	38.98320388793945	
210.2922821044922	51.06908416748047	29.039844512939453	37.03080368041992	
209.18087768554688	51.35991287231445	31.2216739654541	36.3554573059082	
209.9842529296875	49.55128860473633	29.812328338623047	37.05430603027344	
209.81210327148438	49.80675506591797	30.18752098083496	38.007816314697266	
210.25784301757812	50.3641242980957	29.774028778076172	37.75560760498047	
211.5864715576172	48.99423599243164	31.918304443359375	38.52109146118164	
213.0452423095703	49.71501541137695	29.928842544555664	38.46996307373047	
212.21511840820312	48.21295928955078	29.6920166015625	36.9647331237793	
212.4834747314453	49.870384216308594	27.977914810180664	37.837493896484375	
211.276611328125	50.84404373168945	30.759119033813477	38.290802001953125	
212.1105194091797	51.27653121948242	30.849924087524414	38.093231201171875	
212.59396362304688	50.36915969848633	29.363525390625	37.8317985534668	
210.92153930664062	44.91049575805664	30.387920379638672	37.16520309448242	
208.3821258544922	47.26057052612305	30.88877296447754	37.78374099731445	
202.3482208251953	51.170204162597656	36.30703353881836	37.96821212768555	
204.083251953125	49.43000030517578	30.024829864501953	37.95996856689453	
205.95361328125	49.64723587036133	27.621347427368164	37.41571044921875	
206.46142578125	50.490318298339844	28.174495697021484	36.99779510498047	
208.99966430664062	50.99671173095703	28.55121421813965	36.69988250732422	
209.2003631591797	51.83171844482422	29.664203643798828	36.66315460205078	
210.64718627929688	50.85578918457031	26.970443725585938	35.39913558959961	
210.9718475341797	51.82673263549805	27.95357322692871	35.46513748168945	
211.3629608154297	53.23765182495117	27.53445816040039	34.708988189697266	
209.96420288085938	53.16419219970703	28.4249267578125	35.53904342651367	
211.610595703125	51.80571746826172	27.63496971130371	35.970458984375	
210.04672241210938	51.07781219482422	28.40401840209961	36.244022369384766	
210.0066680908203	49.543182373046875	28.49051284790039	36.626686096191406	
209.5847930908203	49.18757629394531	29.794702529907227	37.95933532714844	
210.69992065429688	49.828922271728516	28.515338897705078	37.025909423828125	
210.2688751220703	47.67930221557617	27.788537979125977	37.978668212890625	
211.38931274414062	48.71363067626953	27.677703857421875	38.55268478393555	
212.32400512695312	47.815834045410156	26.963455200195312	38.25902557373047	
210.7632598876953	46.529396057128906	27.49727439880371	38.95555877685547	
209.76443481445312	47.21869659423828	28.059412002563477	37.88397979736328	
212.5419158935547	46.37836456298828	25.727588653564453	38.75214767456055	
211.3890838623047	46.457794189453125	26.888736724853516	39.02183532714844	
209.41909790039062	48.24928665161133	28.140625	37.92115020751953	
207.07534790039062	48.817771911621094	29.237506866455078	36.82823944091797	
205.0766143798828	49.34337615966797	30.619592666625977	35.87738800048828	
204.346435546875	50.98441696166992	28.82175064086914	34.579185485839844	
204.63946533203125	43.391944885253906	29.396713256835938	35.92945098876953	
203.30780029296875	50.98267364501953	29.170724868774414	34.6614875793457	
202.04844665527344	51.54517364501953	29.363628387451172	34.57980728149414	
203.2697296142578	51.05718231201172	28.38836669921875	35.26580810546875	
205.784423828125	51.31801223754883	27.914691925048828	36.357521057128906	
207.3846893310547	48.737403869628906	29.155319213867188	39.08490753173828	
210.54965209960938	47.48948287963867	29.2658634185791	40.010032653808594	
207.6208038330078	49.71051788330078	28.638996124267578	37.576942443847656	
207.48092651367188	50.72850799560547	29.21453857421875	37.27737045288086	
206.25296020507812	51.37274932861328	29.263158798217773	36.24076843261719	
204.65147399902344	49.673099517822266	29.560379028320312	38.22449493408203	
204.66065979003906	50.102752685546875	29.05173110961914	38.29444885253906	
203.2901611328125	47.060028076171875	28.89914894104004	37.59613800048828	
204.48728942871094	47.373016357421875	28.573843002319336	36.239646911621094	
205.6070556640625	50.16768264770508	28.346538543701172	37.266624450683594	
204.02108764648438	45.069114685058594	27.361587524414062	36.126190185546875	
204.53515625	43.59996795654297	28.143444061279297	35.75476837158203	
208.33914184570312	44.718223571777344	26.88669776916504	39.84481430053711	
209.38711547851562	47.5968017578125	26.86321449279785	37.598876953125	
207.84890747070312	48.89731216430664	28.343713760375977	37.08646774291992	
207.80712890625	50.04570770263672	26.76739501953125	36.34185791015625	
206.18701171875	50.27089309692383	27.2320499420166	36.82868194580078	
206.057373046875	50.13873291015625	26.50204086303711	36.102298736572266	
204.92105102539062	52.1539192199707	27.00661849975586	35.31148147583008	
205.44442749023438	52.23213577270508	27.699153900146484	36.35248565673828	
205.6094970703125	52.868125915527344	26.232446670532227	34.26232147216797	
205.63302612304688	54.1342887878418	26.562191009521484	34.246376037597656	
205.7061309814453	53.5567626953125	26.579425811767578	36.031822204589844	
205.52685546875	54.2353401184082	27.744781494140625	35.865169525146484	
203.513671875	52.1080207824707	27.94472312927246	36.68169403076172	
204.28282165527344	52.338600158691406	28.885135650634766	37.58694076538086	
205.534912109375	49.66367721557617	28.743249893188477	38.886600494384766	
205.3309783935547	49.16663360595703	27.700027465820312	37.846641540527344	
202.9326171875	48.210060119628906	28.373483657836914	37.645259857177734	
205.4915008544922	50.25423812866211	27.309551239013672	35.8878288269043	
204.8601837158203	49.32194137573242	27.854604721069336	37.14738845825195	
204.36593627929688	48.65066146850586	27.45501708984375	37.97167205810547	
203.89918518066406	48.86812210083008	27.706472396850586	38.11015319824219	
204.3537139892578	50.23133087158203	28.485095977783203	37.37624740600586	
205.06600952148438	49.910037994384766	28.393020629882812	37.83771896362305	
206.3902130126953	50.65169906616211	27.42073631286621	37.17935562133789	
207.6881866455078	51.34477996826172	27.997425079345703	37.23782730102539	
208.4568328857422	51.8441162109375	26.326740264892578	36.17390823364258	
207.57125854492188	52.4334602355957	26.146926879882812	35.670780181884766	
207.15805053710938	51.706390380859375	25.878154754638672	36.081993103027344	
206.3568878173828	52.45951461791992	26.874069213867188	36.464927673339844	
205.8514862060547	54.04231643676758	26.565414428710938	34.898162841796875	
208.2827911376953	54.69445037841797	26.751821517944336	36.045310974121094	
206.7808074951172	55.34980392456055	26.60210609436035	34.74558639526367	
210.0135955810547	56.4111213684082	26.14218521118164	35.299163818359375	
208.32437133789062	56.88805389404297	26.542938232421875	35.19284439086914	
206.4936981201172	55.83934783935547	27.335357666015625	35.78037643432617	
207.76205444335938	55.419471740722656	26.78228759765625	36.201988220214844	
208.48806762695312	55.460533142089844	26.525836944580078	36.42041015625	
