205.0	1.0	53.0	156.0	
203.46339416503906	0.2828933596611023	53.07304763793945	159.4445037841797	
202.97543334960938	0.8883712887763977	52.544715881347656	160.95553588867188	
202.7467498779297	1.0547058582305908	51.70934295654297	157.249755859375	
201.83065795898438	0.38054198026657104	51.957435607910156	157.08328247070312	
200.3033905029297	0.0	52.79169464111328	156.29229736328125	
199.4300537109375	0.0	53.63090133666992	156.43763732910156	
198.87904357910156	0.0	52.6336784362793	157.77035522460938	
199.56361389160156	0.5209442377090454	52.57334518432617	156.8945770263672	
199.97946166992188	0.247395321726799	51.81840896606445	162.04574584960938	
199.3336181640625	0.21437835693359375	52.65474319458008	159.54000854492188	
199.24928283691406	1.9792892932891846	52.72313690185547	156.91835021972656	
199.37100219726562	4.373394966125488	52.27123260498047	151.18516540527344	
198.73416137695312	3.825901746749878	51.41187286376953	151.3456268310547	
199.09628295898438	3.2754454612731934	51.14281463623047	150.77420043945312	
199.16964721679688	3.1659469604492188	50.835845947265625	150.48150634765625	
198.42318725585938	2.7683472633361816	51.00168228149414	147.7134246826172	
198.95303344726562	1.9611709117889404	49.50669479370117	150.00819396972656	
198.26502990722656	3.7707152366638184	52.34135818481445	153.79653930664062	
198.43203735351562	4.347479343414307	51.10092544555664	155.27871704101562	
198.41925048828125	5.837365627288818	51.01380157470703	155.10940551757812	
198.98556518554688	6.756319999694824	49.57991409301758	147.3868408203125	
199.1199188232422	5.172828674316406	49.10953903198242	148.23062133789062	
198.8529052734375	5.556481838226318	48.198123931884766	145.90086364746094	
198.98617553710938	9.348658561706543	47.687339782714844	139.5808868408203	
198.5439453125	8.298212051391602	47.40264129638672	141.40689086914062	
197.4458770751953	9.32805061340332	48.52803039550781	141.65855407714844	
197.28257751464844	8.475598335266113	47.71232223510742	141.7709503173828	
197.5108184814453	9.096522331237793	45.9757080078125	143.64404296875	
197.18875122070312	9.597295761108398	45.847023010253906	145.3246612548828	
197.32656860351562	9.377019882202148	44.73772430419922	142.70953369140625	
197.3012237548828	9.275934219360352	44.248779296875	138.59393310546875	
196.462646484375	8.7484130859375	45.55799102783203	140.48500061035156	
195.107421875	8.644609451293945	47.27237319946289	140.39739990234375	
196.4517059326172	8.617071151733398	46.382652282714844	143.37271118164062	
197.08120727539062	7.745718479156494	44.49893569946289	142.8175506591797	
197.82675170898438	7.602792263031006	44.62236785888672	146.7303009033203	
198.33460998535156	10.42643928527832	44.499351501464844	139.0962371826172	
197.49960327148438	8.103475570678711	45.58583450317383	142.63059997558594	
197.864501953125	10.389887809753418	45.348716735839844	139.60369873046875	
198.5765380859375	9.374463081359863	43.453651428222656	137.5758056640625	
198.66351318359375	11.712472915649414	42.77460479736328	134.47152709960938	
198.70315551757812	9.06902027130127	42.51557159423828	137.80029296875	
199.00999450683594	10.31620979309082	43.3044548034668	138.11062622070312	
198.55361938476562	13.635047912597656	45.59430694580078	139.83840942382812	
200.14894104003906	13.579263687133789	43.57322692871094	139.458984375	
201.00648498535156	9.748072624206543	42.19791793823242	140.5868377685547	
201.14532470703125	11.124509811401367	42.913204193115234	135.9123077392578	
202.23489379882812	11.29820728302002	42.0594367980957	134.69607543945312	
202.26651000976562	13.403982162475586	41.79899215698242	130.7660369873047	
202.9023895263672	15.28057861328125	42.42097091674805	125.68599700927734	
202.478271484375	16.5996150970459	42.379493713378906	123.7841567993164	
202.5178985595703	16.479970932006836	41.89397430419922	124.8539047241211	
202.4714813232422	18.01486587524414	42.4946174621582	123.77604675292969	
202.47239685058594	16.58839225769043	42.15442657470703	126.50773620605469	
202.8309783935547	15.179962158203125	42.043453216552734	129.79307556152344	
202.9497528076172	16.627925872802734	42.88089370727539	128.84426879882812	
203.43153381347656	14.334833145141602	41.54043960571289	134.42654418945312	
202.74533081054688	13.455157279968262	41.96669387817383	131.79153442382812	
203.32814025878906	14.41661548614502	41.52582550048828	129.22576904296875	
203.65127563476562	13.287582397460938	41.80533981323242	132.78250122070312	
204.4759521484375	15.766672134399414	41.241798400878906	132.0209503173828	
204.65594482421875	14.568636894226074	39.78488540649414	131.347900390625	
203.9120330810547	17.217147827148438	41.00626754760742	127.17777252197266	
205.25503540039062	20.949007034301758	40.77695846557617	123.25172424316406	
206.3373260498047	19.343311309814453	39.82526397705078	124.89387512207031	
205.62954711914062	15.251169204711914	40.07220458984375	129.2855987548828	
205.90444946289062	15.098989486694336	41.004722595214844	128.86685180664062	
205.923583984375	18.562557220458984	40.959720611572266	124.29168701171875	
206.57943725585938	14.330960273742676	39.642459869384766	131.9981689453125	
205.87393188476562	20.961383819580078	41.841148376464844	125.96943664550781	
206.97998046875	16.308223724365234	39.7911262512207	134.24325561523438	
206.75888061523438	22.327861785888672	40.321556091308594	121.26860046386719	
206.9449005126953	21.945465087890625	39.823299407958984	120.3727035522461	
207.5041046142578	19.24721336364746	39.15422439575195	123.85274505615234	
207.0540313720703	22.34322166442871	38.645606994628906	117.93148040771484	
206.2617645263672	22.77655029296875	40.15467834472656	115.38736724853516	
205.9768524169922	24.44383430480957	39.840118408203125	113.83824157714844	
206.06320190429688	26.77634048461914	39.052528381347656	111.37074279785156	
205.66357421875	28.48046875	39.19464874267578	108.64851379394531	
205.72775268554688	29.964773178100586	38.27812194824219	107.6950454711914	
205.76968383789062	28.349645614624023	36.94658660888672	108.81851959228516	
205.71249389648438	25.00708770751953	35.77583694458008	113.0203628540039	
204.09243774414062	26.03763198852539	38.751495361328125	110.77201843261719	
204.431884765625	21.898414611816406	38.725555419921875	115.29769134521484	
204.6517333984375	20.307861328125	38.29852294921875	118.86903381347656	
204.15054321289062	22.97635269165039	38.19084548950195	114.65403747558594	
204.26123046875	22.403696060180664	38.81569290161133	117.6567611694336	
205.06689453125	20.389955520629883	38.64311599731445	120.5792465209961	
205.35946655273438	19.83823013305664	38.32036590576172	120.997802734375	
205.33724975585938	21.60137939453125	38.9974250793457	119.46275329589844	
205.6014862060547	20.77197265625	37.74407196044922	119.44635009765625	
205.19662475585938	24.493316650390625	38.400962829589844	114.82746887207031	
204.91287231445312	23.65235710144043	37.65242004394531	113.8634262084961	
205.2718963623047	25.44208335876465	37.60536575317383	112.04914855957031	
205.02987670898438	24.894145965576172	38.127525329589844	113.59781646728516	
205.10769653320312	30.324960708618164	39.511009216308594	110.44520568847656	
205.4688262939453	26.794559478759766	37.89240646362305	115.33748626708984	
206.4517059326172	28.454547882080078	36.472999572753906	111.376220703125	
206.3452606201172	28.016210556030273	36.548072814941406	109.38578033447266	
206.4633331298828	26.06902503967285	36.7404670715332	111.2418212890625	
206.4730987548828	28.72823715209961	36.1391487121582	106.1469955444336	
206.15048217773438	30.846912384033203	38.126502990722656	102.427001953125	
206.01608276367188	28.800512313842773	37.39333724975586	105.01741027832031	
205.8404998779297	27.431346893310547	35.798912048339844	107.96965026855469	
205.56716918945312	28.940866470336914	36.856544494628906	106.96429443359375	
205.3030548095703	32.71018600463867	36.521690368652344	101.76710510253906	
205.66696166992188	30.87479591369629	34.61909866333008	104.54154968261719	
205.43899536132812	30.300846099853516	34.996551513671875	104.13832092285156	
204.7332000732422	29.986404418945312	35.476951599121094	104.16117858886719	
204.603271484375	28.879817962646484	34.59259033203125	105.2441635131836	
204.4185028076172	29.713634490966797	35.531734466552734	108.148193359375	
205.1488494873047	30.3674259185791	35.77057647705078	108.47038269042969	
205.4512176513672	30.076950073242188	34.65875244140625	107.77116394042969	
205.48086547851562	31.187713623046875	35.928688049316406	108.03851318359375	
205.96493530273438	34.382205963134766	36.40083312988281	106.2621841430664	
206.65673828125	34.36893844604492	35.79939270019531	106.082275390625	
206.16403198242188	33.61222457885742	36.45090866088867	106.2660903930664	
204.68783569335938	33.51084518432617	37.162837982177734	106.3404769897461	
205.14990234375	31.309947967529297	37.48388671875	108.73173522949219	
205.3663330078125	28.981369018554688	37.68165588378906	112.01641845703125	
205.76611328125	28.663463592529297	38.4493293762207	111.54007720947266	
205.3563995361328	30.661462783813477	39.72356033325195	109.83979797363281	
206.23727416992188	29.561450958251953	38.18248748779297	111.0919418334961	
206.66140747070312	30.0574893951416	36.01031494140625	109.03556823730469	
206.67416381835938	32.670982360839844	36.678436279296875	106.24593353271484	
206.5067138671875	32.438453674316406	36.82413101196289	107.46168518066406	
206.6365509033203	33.61093521118164	36.14167785644531	104.75889587402344	
207.1018524169922	33.674964904785156	35.56104278564453	104.200439453125	
206.4771728515625	34.17115783691406	35.4546012878418	104.12860107421875	
205.43466186523438	34.402252197265625	36.20145034790039	104.1915054321289	
205.5148468017578	35.79847717285156	36.29388427734375	100.92940521240234	
205.9674835205078	32.12085723876953	34.858604431152344	103.3652572631836	
205.72781372070312	30.537944793701172	34.40230941772461	105.60260009765625	
204.8730926513672	31.2689151763916	35.25775146484375	105.0245590209961	
204.79641723632812	32.52838897705078	34.88222122192383	103.47762298583984	
203.87782287597656	34.14604568481445	34.750816345214844	102.15655517578125	
203.98336791992188	32.15161895751953	33.677406311035156	104.05665588378906	
204.86032104492188	32.28369903564453	32.827056884765625	102.83065032958984	
203.58160400390625	34.020957946777344	34.34666061401367	102.55055236816406	
203.0700225830078	32.94260787963867	34.04661560058594	102.91951751708984	
203.2116241455078	34.2154426574707	35.55185317993164	101.58052062988281	
203.5613250732422	31.712825775146484	34.69050216674805	104.8962173461914	
203.1845245361328	34.87737274169922	35.6520881652832	101.82124328613281	
203.81637573242188	34.01449203491211	35.11026382446289	102.26226043701172	
203.9608917236328	34.50323486328125	34.50046157836914	100.2839126586914	
204.53135681152344	32.06734085083008	33.10799026489258	101.92228698730469	
204.13035583496094	35.644004821777344	35.145851135253906	99.54483795166016	
203.6765899658203	37.173065185546875	35.57630157470703	98.2753677368164	
205.1002960205078	32.75176239013672	32.604854583740234	100.0885009765625	
205.3365936279297	33.192161560058594	32.755043029785156	99.85694885253906	
204.74459838867188	35.464683532714844	32.6014518737793	98.15461730957031	
205.0631866455078	36.497413635253906	32.231727600097656	96.17359161376953	
204.8798370361328	37.17223358154297	31.43203353881836	95.89915466308594	
204.3607177734375	41.24588394165039	32.26470947265625	91.4969253540039	
204.36611938476562	41.455543518066406	31.06575584411621	89.82574462890625	
204.04025268554688	41.810516357421875	30.974231719970703	89.48756408691406	
203.39913940429688	41.6224365234375	31.276697158813477	90.6397933959961	
203.73031616210938	40.41117477416992	30.622303009033203	87.81414031982422	
202.81997680664062	40.790863037109375	30.4622859954834	88.81777954101562	
202.85635375976562	40.6412239074707	30.058013916015625	87.76905822753906	
202.52651977539062	41.10029220581055	29.95328140258789	86.70289611816406	
202.09681701660156	39.9246940612793	29.641803741455078	87.94368743896484	
201.68167114257812	39.25910568237305	29.702529907226562	89.25250244140625	
201.5226593017578	38.48578643798828	29.587947845458984	89.63104248046875	
200.9569091796875	41.417396545410156	30.65940284729004	87.67296600341797	
200.66018676757812	40.96099090576172	30.8670711517334	88.3130111694336	
201.0528106689453	38.55817794799805	29.223018646240234	88.32770538330078	
200.97166442871094	41.31707000732422	29.443323135375977	86.018310546875	
201.4450225830078	40.84992218017578	29.534265518188477	87.20441436767578	
201.80223083496094	38.5067253112793	29.3092041015625	89.89393615722656	
201.90103149414062	38.417232513427734	29.2191219329834	89.60684967041016	
201.8922576904297	37.8390998840332	29.4007568359375	89.7592544555664	
201.75808715820312	38.17304611206055	29.563766479492188	90.24198913574219	
202.07681274414062	40.759918212890625	29.21502685546875	86.2804946899414	
202.40643310546875	39.30451202392578	28.241443634033203	86.49238586425781	
202.49728393554688	40.373043060302734	28.50010108947754	86.41921997070312	
202.6981658935547	39.80457305908203	28.187047958374023	86.5017318725586	
201.89132690429688	42.46609878540039	30.077383041381836	86.52195739746094	
201.70480346679688	42.109073638916016	28.967365264892578	87.28485107421875	
201.4895477294922	43.59070587158203	29.571569442749023	86.19097900390625	
201.08724975585938	44.05388259887695	29.921031951904297	86.44746398925781	
201.3108367919922	44.730831146240234	29.43667984008789	83.31004333496094	
201.29002380371094	44.0940055847168	29.518041610717773	84.069580078125	
201.09483337402344	42.25333786010742	28.504287719726562	84.81990814208984	
200.3399658203125	43.51807403564453	29.537776947021484	85.1342544555664	
200.4070281982422	44.279380798339844	29.442663192749023	84.54389953613281	
200.50462341308594	44.058876037597656	28.36868667602539	83.43941497802734	
200.88351440429688	44.68133544921875	27.869354248046875	81.23362731933594	
200.07260131835938	44.46539306640625	27.38656997680664	81.51176452636719	
200.765869140625	43.233673095703125	26.649585723876953	80.78228759765625	
200.67587280273438	44.1467399597168	26.294958114624023	78.96571350097656	
200.83078002929688	44.826725006103516	26.96974754333496	78.89811706542969	
201.17196655273438	47.0733642578125	27.429346084594727	77.70601654052734	
201.1326904296875	46.41211700439453	26.731842041015625	76.11668395996094	
201.99415588378906	42.8647346496582	25.34659194946289	76.5701904296875	
202.54200744628906	45.89754867553711	25.731067657470703	75.7564468383789	
203.49212646484375	46.95206832885742	25.67283058166504	75.06413269042969	
203.31649780273438	46.039608001708984	25.325796127319336	76.58817291259766	
204.0007781982422	47.68124771118164	26.249332427978516	76.1776123046875	
204.0909423828125	47.339622497558594	25.945842742919922	75.15754699707031	
204.8627471923828	46.561492919921875	25.575729370117188	74.70817565917969	
205.1244354248047	47.515769958496094	26.109272003173828	74.44698333740234	
204.8979034423828	46.222511291503906	26.228107452392578	76.23478698730469	
205.1551055908203	47.920379638671875	26.671443939208984	76.16680908203125	
204.5032958984375	47.40814971923828	27.91278076171875	78.73780822753906	
204.32965087890625	47.86598587036133	28.0062255859375	77.8606185913086	
203.6949005126953	47.55450439453125	28.35453224182129	79.10152435302734	
204.36117553710938	46.30415344238281	27.8668155670166	79.07749938964844	
204.07278442382812	47.87871170043945	28.08882713317871	77.63630676269531	
203.63597106933594	49.84407043457031	28.731578826904297	78.19279479980469	
203.66067504882812	47.77861785888672	27.121593475341797	76.31181335449219	
204.4105987548828	48.545616149902344	27.029094696044922	75.82671356201172	
203.68801879882812	46.229278564453125	25.889816284179688	76.07484436035156	
204.45274353027344	47.64842987060547	25.084774017333984	73.4640121459961	
204.316650390625	49.09334945678711	24.993762969970703	71.85314178466797	
204.2543487548828	48.832149505615234	25.308353424072266	72.87422180175781	
204.53294372558594	49.70580291748047	25.34232521057129	71.61618041992188	
204.73577880859375	49.928680419921875	24.99514389038086	70.8571548461914	
205.0627899169922	48.9777717590332	24.648107528686523	69.31627655029297	
205.33511352539062	49.86962127685547	24.94137954711914	70.64232635498047	
206.0530242919922	48.74281311035156	24.428817749023438	69.44725799560547	
206.692626953125	50.841217041015625	24.267709732055664	68.74617767333984	
206.95217895507812	48.458770751953125	24.007051467895508	69.79083251953125	
207.61495971679688	50.71249008178711	25.10570526123047	70.76653289794922	
207.2207489013672	49.09477615356445	24.9674072265625	71.11555480957031	
207.91702270507812	49.778446197509766	25.537960052490234	71.68486022949219	
208.3743896484375	50.81310272216797	25.15109634399414	70.2254638671875	
209.1132354736328	49.8651237487793	24.353538513183594	69.41102600097656	
209.2974853515625	49.84944534301758	24.07459259033203	68.85026550292969	
209.7602996826172	52.14971160888672	23.860225677490234	68.34773254394531	
209.89895629882812	51.45697784423828	23.302661895751953	67.04350280761719	
210.4140167236328	50.21036911010742	22.95857048034668	66.88569641113281	
209.8016815185547	52.674766540527344	23.558948516845703	67.44444274902344	
209.57650756835938	51.665374755859375	23.34844970703125	66.71624755859375	
209.08755493164062	52.2243537902832	23.96114730834961	67.84630584716797	
209.11996459960938	51.118316650390625	24.488744735717773	68.82466125488281	
208.8620147705078	49.59613037109375	24.733211517333984	70.49138641357422	
208.90103149414062	50.49911117553711	24.78476333618164	69.7051010131836	
208.8907470703125	51.149391174316406	24.89893341064453	70.2457046508789	
208.8614959716797	50.26228713989258	24.177967071533203	69.67051696777344	
208.6267547607422	50.355873107910156	24.63869285583496	70.14433288574219	
209.2484893798828	52.800498962402344	23.47532844543457	65.8561782836914	
209.40695190429688	53.374595642089844	23.129650115966797	64.54796600341797	
210.24154663085938	51.8286247253418	22.2086181640625	64.14991760253906	
210.9324188232422	54.349159240722656	21.88080406188965	62.34788131713867	
211.4234161376953	54.72114181518555	21.2748966217041	60.38153839111328	
211.15011596679688	55.1210823059082	21.437936782836914	59.990135192871094	
211.59805297851562	54.562164306640625	22.05861473083496	61.73704147338867	
211.3400115966797	53.81745529174805	22.37994956970215	63.2634391784668	
211.7164764404297	53.229331970214844	23.47559928894043	65.68513488769531	
211.460693359375	53.01005935668945	24.346824645996094	67.29105377197266	
212.78701782226562	53.206871032714844	23.194997787475586	65.87141418457031	
212.51113891601562	52.950340270996094	23.476085662841797	66.21611785888672	
212.41104125976562	49.87282180786133	23.826339721679688	69.15641784667969	
212.63803100585938	50.5551643371582	22.981746673583984	65.36665344238281	
213.2422332763672	52.4990234375	22.793338775634766	65.61961364746094	
214.06008911132812	52.508323669433594	22.250640869140625	64.74250793457031	
213.52725219726562	52.80109786987305	22.46719741821289	64.14295959472656	
213.6611785888672	54.704856872558594	21.89236831665039	62.27443313598633	
213.47274780273438	54.312774658203125	21.410842895507812	60.231361389160156	
213.7977752685547	54.22502517700195	22.12937355041504	62.40351486206055	
214.32015991210938	55.17083740234375	22.021961212158203	61.645111083984375	
213.83847045898438	55.18365478515625	22.724430084228516	62.23424530029297	
215.35525512695312	57.06079864501953	21.98134994506836	59.57456588745117	
215.5885772705078	56.032371520996094	21.209957122802734	58.16187286376953	
214.9246063232422	54.66292190551758	21.407800674438477	59.56174850463867	
214.4213104248047	55.22925567626953	21.583377838134766	59.519142150878906	
215.7184600830078	54.036476135253906	20.82309341430664	59.66289138793945	
215.4959259033203	54.56913375854492	20.880859375	59.91292190551758	
216.0836181640625	55.101768493652344	19.934024810791016	57.6696662902832	
215.9376983642578	56.26995849609375	20.28973388671875	57.5369987487793	
216.213623046875	57.4531135559082	19.900171279907227	56.36785888671875	
217.2602081298828	58.59197998046875	19.371788024902344	55.1643180847168	
217.7205810546875	61.417625427246094	19.46104621887207	54.23610305786133	
217.9649658203125	60.209678649902344	18.955198287963867	52.97966384887695	
218.484375	60.21038055419922	18.829238891601562	52.720184326171875	
220.1950225830078	61.905479431152344	18.029314041137695	51.54185104370117	
219.75009155273438	62.8487434387207	18.18235206604004	51.0549201965332	
221.2593231201172	62.52644729614258	17.676219940185547	50.22276306152344	
222.0192108154297	65.41529846191406	15.37999439239502	45.269386291503906	
219.54129028320312	59.78914260864258	17.578845977783203	48.694725036621094	
219.5556640625	60.01616287231445	18.32334327697754	50.224849700927734	
218.6780548095703	60.20855712890625	18.751523971557617	51.096031188964844	
218.8648223876953	61.00035858154297	19.101152420043945	51.70435333251953	
219.0281219482422	63.149375915527344	18.619524002075195	50.97942352294922	
218.75167846679688	62.66106033325195	18.495925903320312	49.79542922973633	
218.36514282226562	62.522247314453125	18.602890014648438	50.64432907104492	
218.8290252685547	63.61897659301758	18.079254150390625	49.170021057128906	
219.3848114013672	61.87135696411133	17.19635772705078	47.737552642822266	
220.62075805664062	63.782493591308594	16.56357765197754	46.64439010620117	
219.8175048828125	64.19380950927734	16.936010360717773	47.02421951293945	
219.96127319335938	62.847450256347656	16.214385986328125	46.40684127807617	
220.2202606201172	64.80826568603516	15.815007209777832	44.94520568847656	
219.35391235351562	63.81884765625	16.28371810913086	46.09032440185547	
219.2136993408203	64.14920806884766	16.16933822631836	45.39305877685547	
219.7724151611328	63.9647216796875	15.698461532592773	44.880035400390625	
219.66598510742188	63.63677215576172	15.801854133605957	45.06309127807617	
220.44387817382812	65.45582580566406	15.713313102722168	44.49904251098633	
220.3372344970703	62.70893478393555	15.816329956054688	45.17597579956055	
220.44161987304688	64.13356018066406	16.65093994140625	47.197303771972656	
220.4419708251953	63.766845703125	17.39499855041504	48.59791946411133	
221.5179443359375	64.12708282470703	17.497434616088867	48.76311111450195	
221.59976196289062	63.665008544921875	17.684749603271484	49.689056396484375	
221.75344848632812	62.35547637939453	17.900554656982422	50.56355285644531	
222.9999542236328	62.950828552246094	17.685640335083008	49.97416305541992	
223.5963897705078	61.93593215942383	17.85189437866211	50.84502410888672	
224.12380981445312	61.1086311340332	17.83064079284668	50.726295471191406	
225.5363311767578	61.651100158691406	18.172359466552734	51.41267013549805	
226.5976104736328	62.201133728027344	17.864795684814453	50.59534454345703	
226.691162109375	60.639495849609375	17.965482711791992	51.19902801513672	
227.4176483154297	60.66339111328125	17.81247329711914	50.55643081665039	
227.4741668701172	59.93352127075195	17.702600479125977	50.32909393310547	
227.3110809326172	60.208030700683594	18.578998565673828	52.50800704956055	
227.51513671875	60.44921112060547	18.51399803161621	51.93537521362305	
227.6533203125	59.622642517089844	18.746074676513672	52.594017028808594	
227.3423614501953	59.701805114746094	18.706180572509766	52.20051193237305	
227.64376831054688	61.58135986328125	18.86520004272461	53.03596878051758	
227.61709594726562	59.857139587402344	18.533008575439453	51.85791015625	
226.9290008544922	60.86735153198242	18.848777770996094	53.16120529174805	
227.633544921875	60.843833923339844	18.081674575805664	51.424041748046875	
226.83914184570312	59.01023483276367	18.238271713256836	50.751861572265625	
226.607177734375	59.3997917175293	18.463138580322266	51.57525634765625	
226.31814575195312	59.736778259277344	18.547107696533203	52.24090576171875	
225.1667938232422	59.014076232910156	19.717227935791016	54.90610885620117	
224.8372039794922	59.111419677734375	19.68031883239746	54.161346435546875	
225.16763305664062	58.28986740112305	19.90380859375	54.59208297729492	
224.38821411132812	57.65673828125	20.556201934814453	55.78388595581055	
224.59036254882812	58.00237274169922	20.881343841552734	56.786834716796875	
223.67208862304688	57.354225158691406	21.05717658996582	56.8534049987793	
223.193115234375	56.54369354248047	20.723690032958984	55.5921630859375	
224.27828979492188	57.609649658203125	20.430551528930664	55.2860107421875	
224.2017364501953	57.6256217956543	20.26399040222168	54.04362869262695	
225.3547821044922	59.21821212768555	20.057178497314453	54.77210235595703	
225.0082550048828	58.998382568359375	19.633609771728516	52.75719451904297	
225.64242553710938	58.74147415161133	19.553119659423828	52.4591064453125	
226.3770294189453	59.265625	19.306589126586914	52.8253059387207	
225.61782836914062	60.25648880004883	19.977197647094727	54.077056884765625	
225.96786499023438	59.33074188232422	20.057720184326172	54.365150451660156	
226.00454711914062	60.118202209472656	19.884017944335938	53.010581970214844	
225.8417510986328	60.59477996826172	19.70431900024414	52.746734619140625	
225.74905395507812	59.93901443481445	20.73223114013672	54.5566520690918	
225.9873504638672	60.550331115722656	20.73633575439453	54.759010314941406	
225.8616943359375	59.821502685546875	20.661462783813477	54.777496337890625	
226.3247833251953	59.04582595825195	21.268321990966797	56.20820999145508	
226.3123321533203	58.33256912231445	21.772911071777344	57.52192306518555	
225.850830078125	58.49335861206055	21.368555068969727	55.83061599731445	
226.1652374267578	58.59767532348633	21.06027603149414	54.544578552246094	
226.3008575439453	57.48682403564453	21.251903533935547	55.321693420410156	
226.8890380859375	58.7086181640625	20.165409088134766	53.80474853515625	
226.4126434326172	59.362884521484375	20.601024627685547	54.07985305786133	
226.2840576171875	58.23236846923828	20.634185791015625	53.8101692199707	
225.6791534423828	58.434791564941406	20.678363800048828	54.571937561035156	
226.33261108398438	59.53093338012695	20.978322982788086	55.4853630065918	
225.41061401367188	57.34978485107422	21.26307487487793	55.944618225097656	
225.4029083251953	57.00751495361328	21.785165786743164	57.33605194091797	
225.587890625	58.15082550048828	21.740253448486328	57.26654815673828	
225.1280975341797	58.81782150268555	21.228118896484375	56.132713317871094	
224.5019073486328	59.4675407409668	21.198177337646484	55.51459503173828	
224.22915649414062	59.65778732299805	21.061321258544922	55.61796951293945	
224.75698852539062	58.51361083984375	21.456079483032227	56.785194396972656	
224.9437255859375	58.8583984375	20.730297088623047	55.43336868286133	
225.3308563232422	59.029937744140625	20.512178421020508	54.810211181640625	
224.6853790283203	59.15814971923828	20.571048736572266	54.83469772338867	
225.00015258789062	60.087928771972656	20.013742446899414	53.700462341308594	
224.9718780517578	58.54890060424805	20.28903579711914	53.88667678833008	
224.53176879882812	60.2932014465332	19.803903579711914	52.56976318359375	
225.48428344726562	59.0159912109375	19.55228042602539	52.31755828857422	
225.432861328125	58.39997482299805	19.485212326049805	52.93009567260742	
225.22537231445312	59.3814697265625	18.964567184448242	51.319679260253906	
226.9541778564453	63.169532775878906	16.40146827697754	48.27602767944336	
224.7086639404297	59.5517463684082	19.66130828857422	53.29710006713867	
224.39077758789062	59.86979293823242	19.28548812866211	52.154266357421875	
225.0056610107422	58.81834030151367	19.553695678710938	53.3721809387207	
223.97036743164062	58.82322311401367	20.006521224975586	54.13274002075195	
224.40420532226562	57.3637580871582	20.554607391357422	55.46955108642578	
225.4724884033203	58.63304901123047	19.86294937133789	54.52967071533203	
225.7177734375	58.1081428527832	19.919666290283203	54.706504821777344	
226.00424194335938	59.94707107543945	19.726980209350586	54.396629333496094	
226.3837432861328	57.50494384765625	19.926002502441406	55.27827835083008	
227.23043823242188	58.5954704284668	19.281137466430664	53.90679168701172	
227.388671875	55.240478515625	19.626745223999023	54.96532440185547	
228.8927001953125	58.386924743652344	18.694021224975586	54.151084899902344	
227.73104858398438	56.256629943847656	19.525524139404297	55.23133087158203	
227.3019561767578	57.33857345581055	19.626367568969727	55.73332595825195	
227.46896362304688	57.28371047973633	19.555828094482422	56.1140022277832	
227.315185546875	58.914833068847656	19.441604614257812	54.4837760925293	
227.1823272705078	58.07136917114258	19.470050811767578	53.8432502746582	
227.1842803955078	59.7117919921875	19.9410343170166	54.41425704956055	
227.00619506835938	61.58411407470703	19.705276489257812	53.64849090576172	
226.4485626220703	61.66035842895508	20.200275421142578	54.32283401489258	
226.41665649414062	63.169349670410156	19.846710205078125	53.683082580566406	
230.12326049804688	61.157005310058594	17.082950592041016	50.281883239746094	
228.30111694335938	59.79999923706055	18.692541122436523	54.041748046875	
228.74911499023438	58.04115676879883	18.417499542236328	54.87016677856445	
229.3599090576172	56.907554626464844	18.298765182495117	55.217323303222656	
