144.0	28.0	24.0	29.0	
143.9512939453125	28.077335357666016	23.911006927490234	28.839527130126953	
143.74072265625	28.58917808532715	24.855562210083008	29.028005599975586	
143.7625274658203	28.952260971069336	24.990074157714844	28.785099029541016	
144.3856201171875	29.348363876342773	24.67476463317871	28.75533676147461	
144.6541290283203	30.103540420532227	24.73780632019043	28.412405014038086	
144.55831909179688	29.94765853881836	25.002737045288086	29.16707992553711	
144.61654663085938	29.60244369506836	25.117168426513672	29.439517974853516	
144.5318603515625	30.166568756103516	25.023181915283203	28.970279693603516	
144.30311584472656	29.98577308654785	24.762168884277344	28.56393051147461	
143.33750915527344	30.071041107177734	25.29851722717285	28.343908309936523	
142.15866088867188	29.189733505249023	25.154972076416016	28.174137115478516	
141.0409698486328	29.002609252929688	25.33016014099121	28.287033081054688	
140.05223083496094	28.631114959716797	25.028257369995117	28.025405883789062	
138.97763061523438	28.27274513244629	25.334949493408203	27.825756072998047	
138.58566284179688	27.317279815673828	24.553348541259766	28.283199310302734	
137.675537109375	27.238292694091797	24.76419448852539	28.420028686523438	
137.43115234375	26.8552188873291	24.706806182861328	28.323497772216797	
137.0646514892578	26.439449310302734	24.2955322265625	28.42473793029785	
136.80911254882812	26.931468963623047	24.875028610229492	27.831079483032227	
136.70858764648438	26.705392837524414	24.659622192382812	27.33559226989746	
136.51356506347656	25.794414520263672	24.27712059020996	28.08919334411621	
135.99790954589844	25.76106834411621	24.52554702758789	28.00978660583496	
135.8128204345703	26.02886390686035	24.967937469482422	27.82834243774414	
135.97244262695312	26.273578643798828	24.95333480834961	27.89361000061035	
136.54441833496094	26.063152313232422	24.647478103637695	28.697463989257812	
137.60867309570312	26.28701400756836	24.75937843322754	28.5817928314209	
138.1234588623047	26.887939453125	25.01239585876465	28.338069915771484	
139.24844360351562	26.839141845703125	24.520532608032227	29.365978240966797	
140.1351318359375	27.513622283935547	24.4654598236084	28.549060821533203	
140.9817352294922	27.779560089111328	24.549856185913086	28.9849853515625	
141.6799774169922	28.171905517578125	24.870670318603516	28.617746353149414	
142.7585906982422	28.634801864624023	24.7984676361084	28.64495849609375	
143.50595092773438	28.962139129638672	24.928606033325195	28.84967613220215	
144.37413024902344	29.107559204101562	24.679927825927734	28.697805404663086	
145.32528686523438	28.921550750732422	24.490997314453125	28.725322723388672	
145.95118713378906	29.14992904663086	24.921504974365234	28.684341430664062	
146.93649291992188	29.53263282775879	24.676240921020508	28.401020050048828	
147.9105987548828	30.129150390625	24.64041519165039	28.2316951751709	
148.87542724609375	30.307641983032227	24.344627380371094	27.9873104095459	
149.703857421875	30.48476791381836	24.3245792388916	27.71408462524414	
150.4625244140625	30.198415756225586	24.607736587524414	28.171945571899414	
151.25570678710938	30.203943252563477	25.19957160949707	27.973928451538086	
152.0904541015625	30.30487060546875	25.005868911743164	27.886005401611328	
153.2815704345703	30.328582763671875	24.500164031982422	27.49979019165039	
154.20338439941406	30.061420440673828	24.969919204711914	27.789684295654297	
155.0011749267578	29.714488983154297	25.42154312133789	28.252212524414062	
156.2562255859375	29.882022857666016	25.138219833374023	28.262615203857422	
157.75991821289062	30.610820770263672	24.845579147338867	28.171588897705078	
158.80752563476562	31.08331871032715	25.374431610107422	27.82766342163086	
159.89805603027344	31.285842895507812	25.72818374633789	27.658390045166016	
161.0711212158203	31.30633544921875	25.781402587890625	27.7987060546875	
162.33004760742188	31.4318904876709	25.389677047729492	27.6884822845459	
163.67845153808594	31.2452449798584	25.351144790649414	28.200443267822266	
164.96359252929688	31.324947357177734	25.07798194885254	28.071008682250977	
166.2020721435547	31.604137420654297	24.439453125	28.123455047607422	
167.22386169433594	31.718914031982422	24.373157501220703	27.947582244873047	
167.98599243164062	31.6373291015625	24.88924789428711	28.787700653076172	
168.9645538330078	32.1148796081543	24.87689781188965	28.789596557617188	
170.07830810546875	32.6857795715332	24.37006187438965	28.160696029663086	
170.38638305664062	31.912891387939453	24.33045196533203	29.928537368774414	
170.38186645507812	32.706443786621094	24.208553314208984	29.15268898010254	
170.6558837890625	33.52206039428711	23.572378158569336	27.978649139404297	
169.94613647460938	33.3049430847168	23.847625732421875	28.55173683166504	
168.71115112304688	33.37327575683594	24.500286102294922	28.18764877319336	
167.29348754882812	32.81798553466797	25.180158615112305	29.03986167907715	
165.5149688720703	32.46771240234375	26.19771957397461	29.127593994140625	
164.13296508789062	32.54505157470703	26.076366424560547	28.298004150390625	
161.92916870117188	31.922199249267578	26.38287353515625	28.751672744750977	
159.67074584960938	31.569299697875977	26.714412689208984	28.836944580078125	
157.75018310546875	36.12139129638672	27.03707504272461	24.153244018554688	
155.75607299804688	30.633026123046875	26.71822738647461	28.734054565429688	
154.6083221435547	30.048206329345703	25.62920570373535	28.529977798461914	
152.7963409423828	30.206005096435547	25.922027587890625	28.054285049438477	
151.6485595703125	29.528682708740234	25.33953285217285	28.663589477539062	
150.78623962402344	29.18405532836914	24.85070037841797	28.447174072265625	
150.2448272705078	28.56813621520996	25.002117156982422	28.9908504486084	
149.87709045410156	28.03839111328125	24.309154510498047	28.919357299804688	
149.83584594726562	27.91604995727539	24.735668182373047	29.18218994140625	
149.59039306640625	27.972570419311523	24.46856117248535	28.780803680419922	
150.00241088867188	27.27791404724121	25.0301513671875	29.2758846282959	
150.3845977783203	27.385589599609375	25.46089744567871	28.839014053344727	
151.2090301513672	26.8321533203125	25.25434684753418	29.799020767211914	
151.86227416992188	25.982227325439453	25.812368392944336	30.40874671936035	
152.9805908203125	26.25592613220215	25.957794189453125	30.080358505249023	
154.1072998046875	26.69363021850586	25.71819496154785	29.455821990966797	
155.2811737060547	26.12416648864746	25.4339599609375	30.542156219482422	
156.4562225341797	27.913135528564453	25.71957015991211	28.758230209350586	
158.0660858154297	27.660974502563477	24.87932586669922	29.836170196533203	
158.7886199951172	28.473037719726562	24.487207412719727	29.135822296142578	
159.12136840820312	28.817785263061523	24.291210174560547	28.603784561157227	
159.20030212402344	28.2281551361084	24.09029769897461	29.58636474609375	
159.59121704101562	28.906625747680664	23.589330673217773	28.821849822998047	
159.61724853515625	28.983966827392578	23.54566192626953	28.75290870666504	
159.50411987304688	29.065624237060547	23.672515869140625	28.60757827758789	
159.26559448242188	28.52325439453125	23.479366302490234	29.46012306213379	
158.6984100341797	28.29693031311035	24.210678100585938	29.304920196533203	
158.60250854492188	27.59476089477539	24.053606033325195	29.462759017944336	
158.27243041992188	28.117168426513672	24.1047420501709	28.744556427001953	
157.8244171142578	27.520641326904297	24.731449127197266	29.082805633544922	
157.6296844482422	27.537084579467773	24.93206214904785	28.534168243408203	
157.60748291015625	27.149179458618164	25.091398239135742	29.07474136352539	
157.67001342773438	26.625167846679688	24.8052978515625	29.571956634521484	
157.81912231445312	26.766063690185547	24.299346923828125	29.507884979248047	
158.1007080078125	26.177953720092773	24.305322647094727	30.655818939208984	
158.9888916015625	26.81467628479004	23.872966766357422	29.799488067626953	
159.80673217773438	26.957956314086914	23.040748596191406	29.611581802368164	
159.79837036132812	26.389068603515625	23.207618713378906	30.771902084350586	
159.3017578125	27.2401123046875	23.883243560791016	28.94015121459961	
159.42800903320312	27.56597900390625	24.097753524780273	28.682758331298828	
159.73828125	27.730213165283203	23.84723663330078	28.885940551757812	
159.8646240234375	27.899311065673828	23.788042068481445	28.726675033569336	
159.9171600341797	27.72576904296875	23.803136825561523	28.816293716430664	
159.364501953125	28.168371200561523	24.36472511291504	28.137813568115234	
159.69200134277344	28.330524444580078	23.935260772705078	27.78975486755371	
159.64993286132812	27.84560775756836	24.280620574951172	28.678958892822266	
158.79965209960938	28.4079532623291	24.913522720336914	28.0982723236084	
158.55105590820312	28.246002197265625	25.287729263305664	28.508548736572266	
158.55322265625	28.346044540405273	25.343406677246094	28.64349365234375	
158.76234436035156	28.1601505279541	25.088153839111328	28.834178924560547	
159.156005859375	27.70029640197754	25.10003662109375	29.488046646118164	
159.77090454101562	28.599634170532227	24.218843460083008	28.918407440185547	
159.8649444580078	29.6092472076416	23.87359619140625	27.45633316040039	
161.30563354492188	28.751638412475586	23.766273498535156	29.924243927001953	
161.763671875	28.50430679321289	23.563556671142578	29.8513126373291	
162.33694458007812	28.589038848876953	22.84246253967285	29.658878326416016	
162.3472442626953	28.390783309936523	22.597932815551758	29.539852142333984	
162.39962768554688	28.4262752532959	22.56732177734375	29.44205665588379	
162.67750549316406	28.7397403717041	22.402130126953125	29.015003204345703	
162.51364135742188	28.3100643157959	21.78891944885254	29.35518455505371	
162.02247619628906	28.27207374572754	21.427371978759766	29.349376678466797	
161.60797119140625	27.924652099609375	21.456762313842773	29.755157470703125	
161.56863403320312	28.24068832397461	21.20029067993164	29.4509334564209	
160.93643188476562	28.37493324279785	21.456680297851562	29.53582763671875	
161.1531219482422	28.63576316833496	21.71902084350586	28.902278900146484	
160.831298828125	27.901437759399414	22.32147979736328	29.619543075561523	
160.30934143066406	28.293888092041016	22.656604766845703	29.39626693725586	
159.66525268554688	27.51153564453125	22.988815307617188	30.455692291259766	
159.65232849121094	27.572589874267578	22.53987693786621	30.678653717041016	
159.96414184570312	28.751245498657227	21.481311798095703	29.462833404541016	
159.93496704101562	29.094593048095703	21.049137115478516	29.537822723388672	
160.0728302001953	29.202373504638672	20.462608337402344	29.30647850036621	
160.78564453125	29.23020362854004	19.67141342163086	29.576568603515625	
160.8373260498047	29.132715225219727	20.892192840576172	30.313678741455078	
160.50918579101562	28.335351943969727	20.90219497680664	31.12276268005371	
160.8418731689453	28.24225425720215	22.748125076293945	32.45035934448242	
160.7420654296875	29.00504493713379	24.193756103515625	34.56236267089844	
160.36126708984375	28.713653564453125	24.3479061126709	34.41193389892578	
160.0283966064453	27.964014053344727	23.708656311035156	34.910743713378906	
160.03054809570312	28.110576629638672	24.764802932739258	35.19426727294922	
159.5430908203125	26.699840545654297	24.838308334350586	36.400413513183594	
156.99307250976562	28.98431396484375	26.938007354736328	32.55006790161133	
158.689697265625	27.227834701538086	25.67184829711914	38.1016845703125	
158.02682495117188	27.022836685180664	26.064594268798828	37.32269287109375	
157.32070922851562	27.85995864868164	26.6023006439209	37.38092803955078	
156.65545654296875	28.090993881225586	27.13384437561035	37.12256622314453	
157.1146240234375	26.911006927490234	26.027013778686523	37.82263946533203	
156.99362182617188	26.939661026000977	26.991741180419922	37.4029655456543	
156.9422607421875	25.645421981811523	26.115264892578125	38.469459533691406	
156.5225067138672	25.50429916381836	27.379053115844727	39.83747482299805	
156.01730346679688	24.749547958374023	28.617267608642578	40.588783264160156	
155.81907653808594	25.880840301513672	28.165897369384766	40.39323806762695	
156.09693908691406	25.012880325317383	28.05877113342285	40.408966064453125	
156.61099243164062	25.1293888092041	27.5546932220459	40.548744201660156	
157.12770080566406	25.38335609436035	27.356517791748047	40.4359245300293	
157.438232421875	23.791629791259766	27.15082359313965	41.21295928955078	
157.96957397460938	23.615541458129883	26.16751480102539	40.349788665771484	
158.27236938476562	24.781702041625977	25.587732315063477	38.46200180053711	
158.00091552734375	27.032114028930664	26.337478637695312	37.8390007019043	
158.75723266601562	27.336498260498047	25.106597900390625	36.680458068847656	
158.58700561523438	27.330102920532227	24.942310333251953	35.47559356689453	
158.83297729492188	27.256942749023438	24.73770523071289	35.239715576171875	
158.644775390625	26.281789779663086	24.236270904541016	35.2818603515625	
158.7344207763672	27.27132225036621	24.139497756958008	34.844268798828125	
158.65182495117188	26.510730743408203	24.15554428100586	33.67812728881836	
158.7311248779297	27.646648406982422	23.67843246459961	32.99494171142578	
158.75863647460938	27.467174530029297	22.35431480407715	32.55702209472656	
158.4654998779297	26.38433837890625	21.41776466369629	31.999080657958984	
158.3720245361328	26.42928695678711	21.898853302001953	32.340023040771484	
158.4812469482422	27.1416015625	21.784866333007812	31.419158935546875	
158.39181518554688	26.494598388671875	21.326366424560547	31.229639053344727	
158.08963012695312	27.153650283813477	21.66436195373535	30.811450958251953	
158.34750366210938	27.152339935302734	21.824857711791992	30.407238006591797	
158.55685424804688	26.65008544921875	21.32237434387207	30.551738739013672	
158.3215789794922	26.683910369873047	22.623077392578125	30.276073455810547	
158.43109130859375	26.654766082763672	23.33726692199707	30.123394012451172	
158.29055786132812	26.40087890625	23.05035400390625	30.469684600830078	
158.2504425048828	26.5942440032959	23.166881561279297	30.079448699951172	
158.1806640625	27.060888290405273	23.40976333618164	29.52800941467285	
158.51779174804688	27.157663345336914	22.973373413085938	29.594961166381836	
158.45620727539062	27.142873764038086	23.13689422607422	30.182674407958984	
158.50718688964844	26.673044204711914	23.021459579467773	30.613788604736328	
159.02877807617188	27.16604232788086	22.156734466552734	30.29037094116211	
158.9767303466797	27.275320053100586	22.00484848022461	29.779327392578125	
159.67288208007812	28.35993003845215	21.094282150268555	29.591899871826172	
159.9650115966797	28.329021453857422	20.49146842956543	29.553945541381836	
159.95455932617188	28.251235961914062	21.7404842376709	29.45806884765625	
160.4925079345703	28.619384765625	20.895336151123047	29.523473739624023	
160.85305786132812	28.836673736572266	20.32406997680664	29.069896697998047	
160.91867065429688	29.0076904296875	20.251903533935547	29.109420776367188	
160.87841796875	28.736507415771484	20.229084014892578	29.21360206604004	
160.7804412841797	28.809688568115234	20.50273323059082	29.218698501586914	
160.5092010498047	28.745859146118164	20.8333740234375	29.251293182373047	
160.54965209960938	28.559123992919922	20.718017578125	29.001928329467773	
160.69302368164062	28.46018409729004	20.505529403686523	28.975971221923828	
160.35501098632812	27.888317108154297	20.936201095581055	29.514867782592773	
160.22874450683594	28.090557098388672	21.53400993347168	29.715450286865234	
160.040283203125	27.877050399780273	21.966041564941406	29.48007583618164	
160.012939453125	27.983959197998047	22.284809112548828	29.346851348876953	
159.89559936523438	27.91547203063965	22.28023910522461	29.781368255615234	
160.08213806152344	27.753931045532227	22.460264205932617	30.38065528869629	
160.0628662109375	27.8466796875	22.438800811767578	30.370990753173828	
159.99948120117188	28.091812133789062	22.457244873046875	29.958019256591797	
160.16671752929688	28.32698631286621	22.756494522094727	29.551244735717773	
160.2236328125	27.933948516845703	23.25340461730957	30.467662811279297	
160.3713836669922	28.179279327392578	22.80755615234375	29.759258270263672	
160.5297393798828	28.432079315185547	22.699981689453125	29.69894027709961	
160.159423828125	28.71099281311035	23.159881591796875	29.536794662475586	
160.92315673828125	28.509540557861328	22.251873016357422	29.914413452148438	
160.50869750976562	28.242473602294922	22.695446014404297	30.0164852142334	
160.41104125976562	27.3958797454834	22.7581844329834	30.2192440032959	
159.7458953857422	27.599193572998047	24.026084899902344	29.616662979125977	
159.63796997070312	27.75555992126465	23.587156295776367	29.347606658935547	
159.50369262695312	26.627222061157227	23.93198585510254	30.256826400756836	
159.4193572998047	25.9469051361084	24.166107177734375	30.286935806274414	
159.0425567626953	23.804534912109375	24.49087905883789	31.919219970703125	
158.6551513671875	22.412199020385742	23.917253494262695	32.05794906616211	
158.11094665527344	20.350135803222656	24.243022918701172	32.50397491455078	
157.86013793945312	18.916736602783203	24.2373104095459	32.054832458496094	
157.80899047851562	16.38821792602539	24.384679794311523	32.672386169433594	
157.77774047851562	14.82354736328125	24.581113815307617	32.44115447998047	
157.52169799804688	12.57540512084961	25.161218643188477	32.729026794433594	
156.90037536621094	10.266636848449707	25.350414276123047	33.022178649902344	
156.7254638671875	8.5665864944458	25.138259887695312	32.71239471435547	
155.8395233154297	7.197649955749512	26.51443099975586	31.97377586364746	
155.82232666015625	6.104507923126221	26.788681030273438	31.84096336364746	
156.12728881835938	5.243285179138184	27.08761215209961	31.13283920288086	
155.8933868408203	5.612497806549072	27.707427978515625	30.548812866210938	
156.31381225585938	5.281852722167969	27.085168838500977	31.255401611328125	
156.9105224609375	6.539848327636719	26.15517234802246	30.948688507080078	
156.89907836914062	7.105319023132324	26.54363441467285	32.13410186767578	
157.417724609375	8.220483779907227	25.39578628540039	33.16924285888672	
157.52590942382812	10.05793571472168	25.593366622924805	33.488346099853516	
157.3748321533203	11.707809448242188	26.29925537109375	33.86878967285156	
157.91162109375	14.895349502563477	25.59114646911621	32.80862808227539	
158.1597442626953	16.843393325805664	25.36647605895996	32.92730712890625	
158.4208984375	18.746835708618164	25.439119338989258	31.927501678466797	
158.71188354492188	20.605730056762695	24.700130462646484	30.989099502563477	
158.45785522460938	21.86181640625	24.827449798583984	30.897750854492188	
158.53268432617188	22.871776580810547	24.753192901611328	30.488704681396484	
158.97434997558594	24.19431495666504	23.985570907592773	29.909549713134766	
158.9832000732422	24.80442237854004	24.271211624145508	29.464059829711914	
159.06179809570312	25.071014404296875	24.3515682220459	29.7410888671875	
158.11705017089844	24.742000579833984	25.25397300720215	29.25551414489746	
157.6315155029297	24.991369247436523	25.379310607910156	28.731042861938477	
157.3988800048828	23.550477981567383	25.605239868164062	29.206552505493164	
157.27471923828125	23.926939010620117	25.084020614624023	28.252674102783203	
156.6914825439453	22.591339111328125	25.742223739624023	29.63897132873535	
156.85768127441406	22.495962142944336	25.90524673461914	29.563283920288086	
156.4636993408203	22.862558364868164	25.600399017333984	28.857929229736328	
156.49087524414062	22.56168556213379	25.183650970458984	29.33403968811035	
157.09194946289062	22.723947525024414	24.460376739501953	29.546865463256836	
157.05709838867188	22.54869270324707	24.817401885986328	30.214223861694336	
157.765625	23.089317321777344	24.004554748535156	29.74850082397461	
158.080078125	22.79619026184082	24.260265350341797	30.108531951904297	
158.52621459960938	22.756649017333984	23.573217391967773	30.182750701904297	
158.9761199951172	22.037607192993164	23.37023162841797	30.516626358032227	
159.380859375	23.197845458984375	22.548057556152344	30.033823013305664	
159.99374389648438	23.381452560424805	21.339263916015625	30.7029972076416	
159.96519470214844	24.01528549194336	20.364727020263672	29.113910675048828	
159.9635009765625	24.810592651367188	19.806943893432617	28.98014259338379	
160.75900268554688	25.147815704345703	18.997493743896484	28.19399070739746	
161.57200622558594	25.187145233154297	18.117843627929688	28.281164169311523	
162.761474609375	26.151172637939453	16.599721908569336	27.36614990234375	
162.9193572998047	26.646259307861328	16.31653594970703	26.597192764282227	
163.7602996826172	26.627849578857422	15.660154342651367	26.277706146240234	
165.06497192382812	26.782629013061523	14.89991569519043	25.851459503173828	
163.4390106201172	27.513309478759766	18.935535430908203	22.880416870117188	
167.15744018554688	27.341022491455078	14.516471862792969	24.21030044555664	
167.51348876953125	26.981435775756836	14.783493041992188	24.409481048583984	
167.2677459716797	26.63860511779785	14.26759147644043	23.507280349731445	
166.4271697998047	25.258174896240234	14.01050090789795	23.882747650146484	
167.46389770507812	28.52895164489746	13.608591079711914	22.135223388671875	
167.42990112304688	28.65273666381836	13.384791374206543	22.86679458618164	
166.40914916992188	26.608882904052734	13.989870071411133	23.434293746948242	
166.76156616210938	29.578258514404297	13.586621284484863	22.773208618164062	
166.71670532226562	28.4003963470459	14.096410751342773	23.377639770507812	
166.81906127929688	27.657821655273438	14.577232360839844	23.832279205322266	
166.83645629882812	27.178401947021484	14.601725578308105	24.72414779663086	
166.02037048339844	25.439687728881836	15.545025825500488	26.371484756469727	
164.95701599121094	25.615259170532227	15.932690620422363	25.937591552734375	
163.35552978515625	24.7254638671875	16.8563175201416	26.682546615600586	
161.02053833007812	25.03765296936035	19.954662322998047	26.7960147857666	
159.75816345214844	24.53907012939453	21.642831802368164	28.046924591064453	
158.0255889892578	24.077587127685547	23.863658905029297	28.7066650390625	
157.91128540039062	23.199243545532227	24.25737190246582	29.82266616821289	
157.94918823242188	22.427600860595703	23.809999465942383	30.659719467163086	
156.8596954345703	22.809337615966797	24.697830200195312	30.702896118164062	
155.60848999023438	22.9218807220459	26.330074310302734	30.303152084350586	
155.61502075195312	23.166088104248047	26.120019912719727	30.011505126953125	
155.04843139648438	23.203628540039062	26.385244369506836	29.529333114624023	
155.29013061523438	22.834230422973633	26.127620697021484	30.93764877319336	
155.56430053710938	22.942110061645508	25.545835494995117	30.389949798583984	
155.3174591064453	23.346759796142578	25.694591522216797	29.841960906982422	
154.63674926757812	23.15207862854004	26.51382064819336	30.031047821044922	
154.78237915039062	22.48984146118164	26.396432876586914	30.76291847229004	
154.2154541015625	23.06075668334961	26.560176849365234	29.53265380859375	
153.37460327148438	23.509532928466797	27.586376190185547	29.329326629638672	
153.6580352783203	22.331462860107422	27.463430404663086	29.833093643188477	
153.21292114257812	21.79709243774414	27.425146102905273	30.292821884155273	
153.88412475585938	20.943017959594727	27.0067081451416	30.45342445373535	
153.51034545898438	20.80459213256836	27.186279296875	30.364551544189453	
153.51995849609375	20.91098403930664	26.900379180908203	30.124624252319336	
153.355712890625	20.44103240966797	26.4977970123291	30.374317169189453	
153.27072143554688	20.104049682617188	24.677623748779297	31.42181396484375	
153.70639038085938	20.9548397064209	25.974933624267578	31.133468627929688	
153.9486083984375	21.69826889038086	25.7437686920166	30.27685546875	
153.8297882080078	21.997928619384766	25.376361846923828	29.496051788330078	
154.29580688476562	22.515037536621094	25.0465030670166	28.552173614501953	
155.2851104736328	22.95009422302246	24.184690475463867	27.84916114807129	
154.8142547607422	23.198619842529297	23.91720962524414	27.767292022705078	
155.66470336914062	24.05442237854004	23.08882713317871	26.424915313720703	
155.9380340576172	24.917470932006836	22.321035385131836	25.471973419189453	
156.4049072265625	25.605342864990234	21.4207763671875	25.010696411132812	
156.969482421875	25.157649993896484	20.72101402282715	26.078311920166016	
157.73365783691406	25.69405746459961	19.290151596069336	26.010395050048828	
157.90359497070312	26.38643455505371	18.808534622192383	25.56292724609375	
158.32949829101562	25.8361873626709	19.772052764892578	25.304616928100586	
157.15182495117188	26.119115829467773	19.225120544433594	25.391000747680664	
157.4452362060547	25.90304946899414	18.982681274414062	24.859033584594727	
157.01202392578125	25.987873077392578	19.22121238708496	24.836078643798828	
156.0709686279297	25.768634796142578	20.10165023803711	25.1619815826416	
155.9669647216797	24.629959106445312	21.181978225708008	26.617965698242188	
155.15087890625	23.95780372619629	23.033615112304688	27.430648803710938	
154.41690063476562	23.28143882751465	24.24588394165039	28.48604965209961	
154.13284301757812	22.324542999267578	25.169349670410156	28.994022369384766	
154.7065887451172	21.743087768554688	24.987598419189453	29.539958953857422	
154.6596221923828	21.701213836669922	25.16343116760254	30.07053565979004	
154.4811248779297	21.755298614501953	25.76089096069336	30.136310577392578	
154.1465301513672	21.687786102294922	26.19191551208496	30.49123191833496	
154.46615600585938	21.248722076416016	25.035924911499023	30.83907699584961	
154.2310791015625	20.93446159362793	25.80230140686035	30.88655662536621	
153.8355255126953	20.572824478149414	26.161441802978516	31.882198333740234	
154.20635986328125	20.09139060974121	26.08230972290039	32.84650421142578	
155.03466796875	20.550678253173828	25.437257766723633	32.10343933105469	
155.5189666748047	21.390060424804688	24.753835678100586	30.584171295166016	
155.89768981933594	21.34319305419922	25.865768432617188	30.0920352935791	
156.18179321289062	21.71439552307129	26.605030059814453	30.039791107177734	
157.0094451904297	21.563413619995117	26.209802627563477	29.87457275390625	
157.76611328125	21.96014976501465	25.46839714050293	29.66302490234375	
157.8509521484375	21.602529525756836	25.2070369720459	30.980443954467773	
157.7084503173828	20.676706314086914	25.54587745666504	32.48408889770508	
158.40591430664062	21.239604949951172	25.191326141357422	30.901538848876953	
158.52261352539062	21.432798385620117	24.088760375976562	30.25393295288086	
158.80621337890625	20.980653762817383	22.773427963256836	30.74070167541504	
158.875	21.581462860107422	23.437213897705078	30.74190330505371	
159.2171630859375	21.82772445678711	22.858333587646484	30.844432830810547	
159.09371948242188	21.615489959716797	23.81051254272461	31.09628677368164	
159.71302795410156	22.096176147460938	22.996721267700195	30.7899112701416	
159.8945770263672	21.784542083740234	22.042377471923828	30.842510223388672	
160.56472778320312	22.011415481567383	21.56987953186035	30.01780128479004	
160.34898376464844	21.41384506225586	21.792213439941406	30.575176239013672	
159.90042114257812	21.598831176757812	22.45343589782715	30.104389190673828	
159.1894989013672	21.41730308532715	22.862106323242188	30.589824676513672	
158.37864685058594	21.76565933227539	23.626068115234375	30.089405059814453	
158.30880737304688	21.357540130615234	23.777362823486328	30.1095027923584	
157.8665771484375	21.60173797607422	23.932353973388672	30.298946380615234	
157.5205535888672	21.28310203552246	24.46851348876953	30.458675384521484	
157.4529266357422	21.39525604248047	24.72028350830078	29.957733154296875	
157.39657592773438	21.147113800048828	24.597318649291992	30.795909881591797	
157.9258270263672	21.51272201538086	23.74918556213379	30.048791885375977	
157.93997192382812	21.596622467041016	24.09392547607422	29.732494354248047	
158.4468536376953	21.79928207397461	23.61969566345215	29.752323150634766	
158.34217834472656	21.538705825805664	23.812570571899414	30.18545913696289	
158.31982421875	21.577341079711914	23.489543914794922	30.269561767578125	
158.3445281982422	21.042583465576172	23.776090621948242	30.636444091796875	
158.3430633544922	20.74802017211914	23.773305892944336	30.509143829345703	
158.29965209960938	20.968175888061523	23.700185775756836	30.360239028930664	
158.6230926513672	20.38467025756836	22.85024070739746	31.50895118713379	
158.8648681640625	20.4959659576416	22.02229881286621	31.05208969116211	
159.27906799316406	20.953350067138672	21.417795181274414	30.292407989501953	
159.7699737548828	20.854108810424805	21.00283432006836	30.359039306640625	
160.03147888183594	21.050867080688477	20.71759033203125	30.31081771850586	
160.51910400390625	20.55658531188965	20.53829574584961	30.902233123779297	
161.4144744873047	20.738447189331055	19.293498992919922	30.93903160095215	
161.27830505371094	19.996980667114258	19.736526489257812	31.880123138427734	
160.95770263671875	19.847904205322266	19.834516525268555	31.79751205444336	
160.6131134033203	19.53814125061035	19.635330200195312	33.2088508605957	
160.1324005126953	19.828723907470703	18.790653228759766	32.34158706665039	
160.31744384765625	19.95955467224121	17.931293487548828	32.4897575378418	
160.12448120117188	19.43619155883789	19.449420928955078	32.89039611816406	
159.57810974121094	22.066444396972656	21.92258071899414	34.05123519897461	
159.2135467529297	20.859132766723633	22.61288833618164	35.86996078491211	
159.15426635742188	19.57962417602539	24.039342880249023	37.97682189941406	
158.39395141601562	18.687068939208984	25.26028823852539	37.579715728759766	
156.94735717773438	18.00711441040039	26.91019630432129	37.803306579589844	
155.93887329101562	17.90205955505371	27.596105575561523	38.23487091064453	
154.9834442138672	18.44632339477539	29.624841690063477	39.850982666015625	
154.2168731689453	18.318323135375977	29.77374839782715	38.1989631652832	
153.5611572265625	18.57845687866211	30.473072052001953	41.306297302246094	
153.68753051757812	18.36246109008789	30.858983993530273	41.45067596435547	
153.679443359375	18.495594024658203	31.067127227783203	41.639183044433594	
154.0472412109375	18.590211868286133	30.228389739990234	40.73128890991211	
155.51422119140625	18.13268280029297	28.380443572998047	41.298282623291016	
156.36697387695312	18.438518524169922	28.262964248657227	42.11702346801758	
157.4326171875	18.39389419555664	26.9564208984375	40.21992111206055	
156.74049377441406	19.882108688354492	26.9135799407959	38.19709014892578	
156.84092712402344	20.42573356628418	25.24167823791504	35.692237854003906	
157.2342071533203	20.940277099609375	23.7264461517334	34.08572006225586	
157.8048858642578	20.442005157470703	23.347036361694336	33.47026824951172	
158.0587615966797	20.532146453857422	22.582836151123047	32.33639907836914	
158.66587829589844	21.222410202026367	22.569095611572266	32.051231384277344	
159.4353790283203	21.448413848876953	22.128753662109375	31.314916610717773	
160.38650512695312	21.92403793334961	22.257307052612305	31.40077781677246	
162.04019165039062	22.039297103881836	21.399517059326172	30.983814239501953	
163.33694458007812	21.79128074645996	19.705665588378906	30.621362686157227	
163.82806396484375	22.04134750366211	19.51723861694336	30.38545799255371	
163.72242736816406	21.951343536376953	20.7997989654541	29.974777221679688	
164.06997680664062	22.777738571166992	20.864360809326172	28.947093963623047	
164.10260009765625	23.56056022644043	20.815998077392578	28.56540298461914	
163.58380126953125	23.274555206298828	20.754091262817383	29.476974487304688	
163.35272216796875	23.029157638549805	19.660396575927734	29.543325424194336	
162.82427978515625	23.142946243286133	20.250946044921875	29.4738826751709	
161.85667419433594	22.883995056152344	20.836978912353516	29.08938217163086	
161.34933471679688	22.140817642211914	21.093891143798828	29.69285011291504	
161.0669708251953	22.37029457092285	20.886198043823242	29.238964080810547	
161.07925415039062	23.007537841796875	21.21341896057129	28.9365291595459	
161.44970703125	23.277355194091797	20.759557723999023	28.490915298461914	
161.86398315429688	23.249156951904297	20.092288970947266	28.878177642822266	
162.5008544921875	23.035402297973633	19.539539337158203	29.31453514099121	
163.15672302246094	23.58457374572754	18.953449249267578	29.062755584716797	
163.80084228515625	22.67855453491211	18.48398208618164	29.85012435913086	
163.53395080566406	21.96670150756836	18.96126937866211	31.193368911743164	
163.5695037841797	22.342899322509766	18.85564422607422	32.09701156616211	
163.5615692138672	22.659053802490234	20.22425651550293	32.98918914794922	
163.41371154785156	22.92617416381836	19.30936050415039	32.63197708129883	
162.78147888183594	21.891178131103516	20.314281463623047	33.7631721496582	
161.87586975097656	22.218603134155273	21.16033363342285	34.966529846191406	
160.98126220703125	23.63236427307129	22.67366600036621	34.924163818359375	
160.15975952148438	23.276288986206055	24.079975128173828	35.624778747558594	
160.23147583007812	23.568340301513672	24.963550567626953	35.0786018371582	
160.14056396484375	23.402099609375	24.729583740234375	36.67113494873047	
160.13331604003906	22.595020294189453	24.040407180786133	35.077049255371094	
159.74374389648438	23.185550689697266	22.585315704345703	32.6137580871582	
158.85614013671875	22.8383846282959	22.978811264038086	31.9742488861084	
158.83248901367188	22.732524871826172	23.054920196533203	31.05145835876465	
158.64297485351562	22.061092376708984	23.125791549682617	29.822757720947266	
158.7677459716797	22.725086212158203	23.763280868530273	29.251806259155273	
159.8887176513672	23.611703872680664	23.073814392089844	29.312557220458984	
160.92691040039062	23.582555770874023	21.967411041259766	28.953582763671875	
162.12753295898438	23.729114532470703	20.92017364501953	28.390514373779297	
162.2182159423828	22.88838005065918	21.217529296875	28.987619400024414	
162.24728393554688	23.326221466064453	20.86078453063965	28.7829647064209	
162.49365234375	22.884151458740234	20.786914825439453	29.58670425415039	
162.14991760253906	22.94969367980957	21.687509536743164	29.171497344970703	
162.31094360351562	23.023340225219727	22.140897750854492	29.37784194946289	
162.22109985351562	22.964641571044922	21.96157455444336	29.304229736328125	
162.32949829101562	23.69028663635254	21.247234344482422	28.52194595336914	
162.20594787597656	23.593225479125977	20.899864196777344	27.849340438842773	
161.6496124267578	23.74443244934082	21.542339324951172	27.71414566040039	
161.26663208007812	22.594104766845703	22.050289154052734	29.041168212890625	
160.8240203857422	23.041431427001953	21.83565902709961	28.640666961669922	
160.79342651367188	23.354480743408203	21.64242935180664	28.193683624267578	
160.76548767089844	23.07856559753418	20.60708236694336	28.308216094970703	
160.94833374023438	22.654705047607422	20.78633689880371	28.1868896484375	
161.15121459960938	22.18218421936035	19.593021392822266	29.684030532836914	
161.45513916015625	22.315011978149414	19.1024227142334	29.586429595947266	
162.0447235107422	21.367177963256836	18.07311248779297	30.737102508544922	
162.2502899169922	20.705711364746094	18.0332088470459	31.25287437438965	
162.29055786132812	20.93389129638672	18.043766021728516	30.139751434326172	
162.6687469482422	22.261432647705078	17.747207641601562	29.38232421875	
161.4917755126953	20.925735473632812	18.1448917388916	29.49078941345215	
160.45004272460938	21.769811630249023	19.073619842529297	28.636438369750977	
158.92733764648438	21.35890769958496	20.915279388427734	29.03241539001465	
159.06956481933594	21.273273468017578	21.169130325317383	27.551525115966797	
158.9261474609375	21.518451690673828	22.933574676513672	26.932857513427734	
159.2705078125	20.519344329833984	24.128705978393555	28.765766143798828	
159.35775756835938	20.66775131225586	23.65042495727539	29.188159942626953	
159.6602783203125	20.99759292602539	23.581344604492188	28.045928955078125	
159.62728881835938	21.678760528564453	22.889850616455078	27.717926025390625	
159.6865692138672	21.70919418334961	23.641733169555664	26.604705810546875	
159.5228271484375	22.1521053314209	23.873817443847656	25.39569854736328	
158.9687042236328	21.239063262939453	24.2111873626709	27.041019439697266	
158.86334228515625	20.43869972229004	24.797698974609375	28.02301025390625	
158.83877563476562	19.859472274780273	25.6361026763916	28.739694595336914	
158.77992248535156	20.07971954345703	25.333393096923828	28.850570678710938	
158.96511840820312	19.69594383239746	25.18484878540039	29.5968074798584	
158.4106903076172	19.199634552001953	26.22085952758789	30.266427993774414	
158.24710083007812	19.87259292602539	26.35211181640625	30.3815975189209	
158.31271362304688	19.031570434570312	26.465099334716797	30.53816795349121	
157.79026794433594	17.42523193359375	27.077234268188477	32.31538391113281	
157.22256469726562	17.149744033813477	27.666677474975586	31.90597915649414	
156.52288818359375	17.234905242919922	27.36513900756836	31.61050033569336	
155.28457641601562	17.808591842651367	28.100439071655273	31.506267547607422	
153.84823608398438	18.344884872436523	28.589513778686523	32.779685974121094	
153.99240112304688	18.25400161743164	26.785980224609375	32.58366775512695	
153.90475463867188	19.14481544494629	27.056909561157227	30.394134521484375	
153.7978515625	20.051803588867188	26.3653621673584	29.791614532470703	
154.42007446289062	20.0538330078125	24.705242156982422	28.959081649780273	
154.70437622070312	20.064956665039062	23.80059051513672	28.095348358154297	
155.77371215820312	19.429636001586914	22.11712646484375	27.997119903564453	
156.29220581054688	19.88311195373535	20.93362045288086	27.257160186767578	
157.00973510742188	18.727754592895508	19.676572799682617	28.037099838256836	
156.8770294189453	18.58713722229004	19.599834442138672	27.707799911499023	
157.76736450195312	18.457138061523438	20.320903778076172	27.25787925720215	
157.677978515625	18.032337188720703	21.582393646240234	27.40207290649414	
158.51954650878906	17.29240608215332	21.28829574584961	27.925073623657227	
158.84165954589844	16.17011070251465	22.329814910888672	28.85862159729004	
159.659423828125	15.622088432312012	22.557796478271484	28.317440032958984	
160.1046142578125	14.749486923217773	23.46613883972168	29.357040405273438	
160.079833984375	13.228967666625977	24.068195343017578	30.979944229125977	
160.76327514648438	13.559392929077148	24.126964569091797	29.777002334594727	
161.31016540527344	13.033093452453613	24.993011474609375	30.4903564453125	
160.825927734375	12.9608154296875	24.903697967529297	29.82419204711914	
161.7005615234375	12.762983322143555	24.29718589782715	30.25992774963379	
161.53253173828125	12.827929496765137	24.91400146484375	30.01886558532715	
161.53981018066406	12.084078788757324	25.0920352935791	30.2699031829834	
161.2416534423828	11.512956619262695	24.941015243530273	31.27243423461914	
160.76878356933594	11.7016019821167	25.406429290771484	30.522802352905273	
160.4637908935547	10.314194679260254	25.987838745117188	31.886728286743164	
160.8345184326172	10.726808547973633	26.480144500732422	31.813329696655273	
160.06356811523438	10.410696029663086	27.16483497619629	31.435710906982422	
159.14064025878906	10.318288803100586	27.817602157592773	32.14167022705078	
159.7854461669922	10.197718620300293	27.73505210876465	32.744728088378906	
158.8667449951172	9.775672912597656	26.09310531616211	34.06123733520508	
158.15505981445312	10.218833923339844	26.057275772094727	33.573909759521484	
157.5333709716797	9.757112503051758	26.87192726135254	32.91155242919922	
159.10751342773438	10.214552879333496	26.274301528930664	33.91378402709961	
159.2380828857422	8.43177604675293	27.25957679748535	33.66083526611328	
158.9756317138672	6.405143737792969	27.79898452758789	34.42744064331055	
159.14706420898438	6.9166364669799805	27.904788970947266	34.22698211669922	
159.37490844726562	5.600172519683838	27.544780731201172	34.988773345947266	
158.91754150390625	6.449394226074219	27.892574310302734	33.85581588745117	
161.00613403320312	5.5017547607421875	26.922016143798828	34.999412536621094	
161.2027130126953	5.993657112121582	26.428234100341797	34.42719650268555	
161.41741943359375	8.135418891906738	25.746341705322266	32.502994537353516	
160.05816650390625	9.488180160522461	26.416173934936523	31.414281845092773	
161.45458984375	8.724754333496094	25.550085067749023	32.423545837402344	
162.80307006835938	9.805441856384277	25.061542510986328	31.30800437927246	
162.2435760498047	10.183040618896484	24.442089080810547	31.057872772216797	
162.77047729492188	9.840876579284668	23.835155487060547	31.581981658935547	
163.4805450439453	11.221551895141602	23.29092025756836	30.928142547607422	
163.49342346191406	12.830912590026855	23.37642478942871	30.512170791625977	
163.82266235351562	12.358154296875	22.813514709472656	31.480764389038086	
163.1009979248047	14.086753845214844	23.53598403930664	29.80184555053711	
162.3922882080078	14.920843124389648	24.308176040649414	29.99453353881836	
160.4789581298828	16.513742446899414	23.110830307006836	29.282201766967773	
160.83010864257812	16.48501968383789	24.229509353637695	29.447052001953125	
158.37681579589844	17.812692642211914	24.705642700195312	28.990005493164062	
158.36566162109375	17.858388900756836	23.062679290771484	28.365081787109375	
159.19735717773438	18.588499069213867	24.305072784423828	28.221776962280273	
160.9989471435547	17.043813705444336	24.970605850219727	29.467727661132812	
160.83486938476562	16.304317474365234	25.243732452392578	29.990367889404297	
159.63150024414062	18.575124740600586	25.529754638671875	28.376895904541016	
160.55300903320312	17.356887817382812	26.79453468322754	30.552820205688477	
160.9498291015625	18.744491577148438	27.439077377319336	29.51344871520996	
160.32200622558594	19.779804229736328	27.702322006225586	29.030471801757812	
160.0055389404297	20.603883743286133	26.5367431640625	29.283550262451172	
160.42276000976562	20.356698989868164	27.010971069335938	29.45172691345215	
161.22909545898438	20.234878540039062	27.829132080078125	30.18093490600586	
161.88949584960938	20.753612518310547	27.16646385192871	29.016223907470703	
161.76577758789062	19.78449249267578	27.190093994140625	30.112375259399414	
161.7271270751953	20.446191787719727	26.725589752197266	30.071924209594727	
160.23660278320312	20.939123153686523	27.005657196044922	29.53595542907715	
161.8580780029297	19.426591873168945	27.873653411865234	30.373477935791016	
161.4029541015625	19.532882690429688	27.222091674804688	30.2006893157959	
161.56463623046875	18.05052375793457	27.17677879333496	31.056941986083984	
160.7082977294922	18.65779685974121	26.89944076538086	30.09539222717285	
160.83653259277344	18.582515716552734	26.88474464416504	29.671581268310547	
161.61228942871094	17.962989807128906	28.04368019104004	29.834497451782227	
161.38040161132812	17.798599243164062	27.861392974853516	30.34597396850586	
161.57406616210938	18.064990997314453	26.8331241607666	30.475780487060547	
160.2163848876953	18.334543228149414	26.81313705444336	30.80108070373535	
160.12728881835938	17.663694381713867	27.2375545501709	31.16486167907715	
159.59262084960938	17.423622131347656	28.148433685302734	31.33426284790039	
160.1043243408203	17.78632164001465	27.901235580444336	31.132394790649414	
161.0684356689453	18.272401809692383	27.185476303100586	30.754528045654297	
159.36477661132812	18.187166213989258	28.453323364257812	32.082481384277344	
159.02023315429688	20.50639533996582	27.073135375976562	30.696847915649414	
158.41990661621094	20.13538360595703	27.33331298828125	30.605810165405273	
158.6136932373047	19.548633575439453	27.518062591552734	31.702905654907227	
158.69125366210938	19.375286102294922	26.799957275390625	30.668437957763672	
159.09457397460938	20.11068344116211	26.744953155517578	30.7503662109375	
159.2405242919922	19.760467529296875	26.81667709350586	31.46438980102539	
158.84483337402344	19.66497802734375	26.6076717376709	31.379125595092773	
158.38450622558594	19.017704010009766	27.54825782775879	31.80246353149414	
157.81536865234375	20.57749366760254	27.710540771484375	30.755130767822266	
156.63101196289062	20.723331451416016	28.617095947265625	30.879383087158203	
157.01553344726562	18.6754150390625	28.48712158203125	31.736316680908203	
155.9722900390625	17.933496475219727	28.44181251525879	31.655597686767578	
155.41226196289062	18.028732299804688	28.169809341430664	31.538524627685547	
155.3528594970703	18.80526351928711	28.10162925720215	30.834508895874023	
155.70913696289062	17.446542739868164	28.41766929626465	31.616771697998047	
155.2985382080078	17.667007446289062	27.989727020263672	30.83355712890625	
155.10238647460938	18.002300262451172	27.8515567779541	30.2114315032959	
154.61138916015625	18.02490234375	27.849384307861328	29.77018165588379	
154.0835418701172	17.946971893310547	27.770503997802734	29.357769012451172	
155.03268432617188	18.396221160888672	26.186809539794922	28.588516235351562	
155.3686981201172	17.80837631225586	26.470813751220703	29.2557373046875	
155.6035919189453	18.224674224853516	26.58772850036621	28.631139755249023	
156.68191528320312	17.144084930419922	25.784738540649414	28.772836685180664	
