84.0	151.0	92.0	104.0	
94.23147583007812	151.83035278320312	87.70515441894531	100.56092834472656	
103.600341796875	152.96426391601562	84.34043884277344	99.25935363769531	
115.31827545166016	152.8584442138672	82.1942138671875	98.11293029785156	
123.47261047363281	153.39010620117188	80.5566177368164	97.56819915771484	
131.6522216796875	154.03231811523438	78.03639221191406	96.42547607421875	
142.66177368164062	153.29049682617188	75.49968719482422	97.04740142822266	
149.46578979492188	153.2399139404297	74.580810546875	95.6964340209961	
156.3249053955078	152.51150512695312	74.82685852050781	95.95940399169922	
163.54080200195312	153.370361328125	71.59663391113281	95.35982513427734	
170.002197265625	153.99490356445312	71.53536224365234	93.19429016113281	
176.6870880126953	154.33474731445312	68.65032958984375	92.97371673583984	
184.4641876220703	155.36569213867188	65.43572998046875	91.50806427001953	
188.85983276367188	155.29898071289062	65.92879486083984	91.06448364257812	
194.56259155273438	156.7765655517578	64.20191955566406	90.63739013671875	
199.2648468017578	157.3411102294922	61.59696578979492	87.33453369140625	
205.0899658203125	157.83892822265625	59.84116744995117	86.76875305175781	
210.14889526367188	159.24746704101562	60.3356819152832	86.04219055175781	
215.24929809570312	158.80699157714844	61.52436447143555	83.69353485107422	
219.66915893554688	159.1283416748047	60.11468505859375	83.0641098022461	
224.2584991455078	157.9980926513672	57.53977584838867	85.1263198852539	
226.50430297851562	157.31198120117188	60.00078582763672	85.668701171875	
229.84375	157.5316619873047	58.46393585205078	81.8281021118164	
233.6647491455078	159.6305389404297	55.974334716796875	78.01803588867188	
239.5650177001953	161.65274047851562	56.27789306640625	75.592529296875	
243.5094757080078	163.5133819580078	54.16758346557617	69.2308120727539	
246.42373657226562	163.75856018066406	54.45695877075195	68.44802856445312	
250.4483642578125	164.56382751464844	51.668983459472656	67.60857391357422	
254.0564422607422	164.83291625976562	49.08660125732422	66.09523010253906	
257.5929260253906	166.6030731201172	48.5811653137207	61.7092170715332	
260.422607421875	166.8226776123047	48.3267936706543	61.259483337402344	
263.4192810058594	167.70166015625	46.030982971191406	58.122528076171875	
265.6062927246094	167.46859741210938	46.22304153442383	58.595855712890625	
270.119140625	168.18077087402344	42.716190338134766	57.29487991333008	
272.9523620605469	167.8224334716797	41.94683837890625	58.318817138671875	
274.67437744140625	169.3436737060547	41.163414001464844	54.1126823425293	
277.26361083984375	169.18313598632812	41.33641815185547	53.4201774597168	
279.46099853515625	169.5084991455078	39.60297393798828	52.830177307128906	
281.85833740234375	169.78538513183594	39.41675567626953	52.761268615722656	
283.75933837890625	169.65377807617188	40.000946044921875	52.669898986816406	
286.3458557128906	170.06639099121094	37.90940475463867	50.895729064941406	
288.267578125	170.15792846679688	37.95381546020508	50.29615020751953	
289.38043212890625	170.45257568359375	38.19017791748047	48.114158630371094	
291.6524353027344	169.60946655273438	37.69110870361328	50.33900833129883	
292.7426452636719	170.0697021484375	38.27443313598633	48.28807830810547	
295.3304748535156	170.5763397216797	36.871116638183594	46.42525863647461	
297.344970703125	171.2959747314453	35.47288513183594	45.571556091308594	
296.98870849609375	170.62196350097656	37.237892150878906	45.21487808227539	
299.7863464355469	171.07264709472656	34.569602966308594	44.30874252319336	
301.9704284667969	170.87998962402344	33.82268142700195	45.80134201049805	
302.2044982910156	169.94558715820312	35.069942474365234	44.442726135253906	
304.51690673828125	170.57302856445312	33.551971435546875	45.792381286621094	
305.20538330078125	171.06944274902344	32.762210845947266	43.77119064331055	
306.13909912109375	170.62147521972656	32.472251892089844	46.60725784301758	
306.66064453125	171.36053466796875	32.41596221923828	44.36460494995117	
308.3371887207031	172.05325317382812	31.7100887298584	43.11979675292969	
310.03240966796875	172.4720001220703	30.588146209716797	42.37916564941406	
311.5660705566406	173.28018188476562	29.90850257873535	41.91534423828125	
312.4050598144531	172.7978973388672	30.35782814025879	40.04422378540039	
313.5508728027344	173.24301147460938	28.889720916748047	39.37646484375	
314.0860595703125	172.9641876220703	30.372570037841797	41.04853057861328	
314.96514892578125	173.42286682128906	31.756916046142578	39.04566192626953	
316.2729797363281	172.7183837890625	30.831045150756836	38.700721740722656	
317.9110412597656	173.90481567382812	28.400415420532227	36.875770568847656	
318.5821228027344	173.9359588623047	29.150070190429688	36.90914535522461	
319.1795959472656	173.768798828125	29.313350677490234	37.49337387084961	
319.83013916015625	173.5437469482422	28.31831932067871	38.11561584472656	
320.182861328125	173.53463745117188	29.371997833251953	37.36871337890625	
320.81390380859375	173.924072265625	28.974853515625	37.37800598144531	
322.13372802734375	173.14036560058594	29.217626571655273	35.79210662841797	
323.5560607910156	174.2158660888672	26.736251831054688	35.70713806152344	
324.72454833984375	175.0714874267578	26.245616912841797	33.47334671020508	
324.9476318359375	174.6883087158203	26.442447662353516	33.9831428527832	
325.3949279785156	173.9967498779297	26.533798217773438	34.71942138671875	
326.35736083984375	174.24697875976562	26.017953872680664	33.59656524658203	
327.45782470703125	174.58200073242188	25.537221908569336	31.961811065673828	
327.5687561035156	174.2912139892578	26.890979766845703	32.441505432128906	
329.1163024902344	175.4273223876953	27.186187744140625	30.344629287719727	
330.62139892578125	174.7144012451172	25.171920776367188	31.2426815032959	
330.98675537109375	174.2268524169922	24.749162673950195	31.593393325805664	
331.26385498046875	175.62954711914062	25.05890464782715	31.827472686767578	
331.7444152832031	175.3555450439453	24.78411293029785	30.535934448242188	
332.0660095214844	175.80650329589844	24.437665939331055	30.25667381286621	
331.22564697265625	174.2929229736328	26.150310516357422	31.171810150146484	
332.7949523925781	175.57791137695312	25.658065795898438	29.271343231201172	
333.5257568359375	174.7145538330078	25.262353897094727	30.677112579345703	
334.19830322265625	174.84237670898438	24.31180191040039	29.707672119140625	
335.58441162109375	175.10986328125	23.81117820739746	29.120891571044922	
335.8460388183594	175.38467407226562	23.594701766967773	29.49838638305664	
337.133056640625	175.21871948242188	23.471487045288086	28.83378028869629	
337.53533935546875	175.48922729492188	23.444705963134766	28.08124351501465	
337.84747314453125	175.62930297851562	24.411441802978516	28.61737060546875	
338.9513854980469	175.85238647460938	22.889074325561523	27.616657257080078	
338.75408935546875	175.82546997070312	23.97210693359375	26.80707359313965	
339.7560729980469	176.50918579101562	22.938440322875977	26.58017921447754	
340.77703857421875	176.5463409423828	22.342140197753906	26.35042953491211	
341.12567138671875	176.72152709960938	22.980182647705078	24.979278564453125	
341.7791748046875	176.0086669921875	22.24636459350586	25.71990394592285	
341.71978759765625	176.77549743652344	22.834224700927734	24.064620971679688	
342.41436767578125	176.10995483398438	21.56966781616211	24.296207427978516	
342.8381042480469	176.41921997070312	21.98983383178711	24.02481460571289	
343.8067626953125	176.89511108398438	20.946369171142578	23.952077865600586	
344.70135498046875	176.84701538085938	20.35540771484375	23.920543670654297	
344.8512878417969	177.4961395263672	19.920841217041016	22.703723907470703	
345.56085205078125	177.1641845703125	19.546083450317383	22.395809173583984	
345.8255920410156	176.92666625976562	19.889606475830078	22.61874008178711	
346.13714599609375	177.17050170898438	19.752473831176758	21.232019424438477	
346.60333251953125	177.18312072753906	19.493350982666016	21.271366119384766	
347.0406799316406	177.12826538085938	19.27865982055664	19.63661766052246	
347.27032470703125	177.439697265625	19.064533233642578	19.71714973449707	
347.39910888671875	177.28317260742188	19.234634399414062	19.68790626525879	
348.0189208984375	177.49571228027344	19.148679733276367	20.34576416015625	
348.7937316894531	177.92471313476562	18.749114990234375	20.780874252319336	
349.0054931640625	178.9486541748047	17.862579345703125	20.192474365234375	
349.882568359375	178.28065490722656	18.386322021484375	21.366302490234375	
349.8686218261719	178.39236450195312	18.41434097290039	21.746458053588867	
350.93505859375	178.40646362304688	18.06142807006836	21.586456298828125	
351.3218688964844	178.23696899414062	17.37863540649414	21.535640716552734	
351.9826354980469	178.2501678466797	17.653980255126953	21.25705909729004	
352.78668212890625	178.6142578125	17.269956588745117	21.728334426879883	
352.2972106933594	178.28207397460938	17.825023651123047	21.888690948486328	
352.6612243652344	178.0191192626953	17.79439926147461	21.520957946777344	
352.10736083984375	178.634033203125	18.92690658569336	21.865554809570312	
353.11962890625	178.279052734375	18.50197982788086	21.02719497680664	
352.9162292480469	177.953369140625	18.38376235961914	22.242687225341797	
353.18988037109375	178.5948028564453	18.249706268310547	21.273773193359375	
354.55865478515625	179.1026153564453	17.114086151123047	20.266904830932617	
354.42425537109375	178.4232940673828	17.594161987304688	20.968027114868164	
354.6953430175781	178.9066162109375	17.184600830078125	20.774789810180664	
355.5559997558594	178.7705841064453	16.9346866607666	20.60945701599121	
356.1158447265625	178.85264587402344	17.425512313842773	20.967906951904297	
356.6039733886719	178.55899047851562	16.988126754760742	20.79608154296875	
356.712890625	178.34286499023438	16.66324234008789	20.622745513916016	
356.81365966796875	178.28404235839844	16.941143035888672	20.786033630371094	
357.0894470214844	178.0662384033203	16.981172561645508	20.782608032226562	
357.90655517578125	177.9759521484375	16.24227523803711	20.72199821472168	
358.44000244140625	178.3316650390625	15.797601699829102	20.194324493408203	
358.72271728515625	178.5104522705078	15.800371170043945	19.987810134887695	
358.58380126953125	178.68528747558594	16.355937957763672	20.432621002197266	
359.03192138671875	178.4889678955078	16.445940017700195	19.98308563232422	
359.30548095703125	178.80447387695312	16.118066787719727	19.745325088500977	
359.7151184082031	179.03579711914062	16.41026496887207	20.0317440032959	
359.38629150390625	179.12741088867188	17.12373924255371	19.31711196899414	
360.40423583984375	179.11764526367188	15.976852416992188	18.719167709350586	
360.46356201171875	178.5782928466797	15.883722305297852	18.962322235107422	
361.44134521484375	179.15170288085938	15.670865058898926	19.128822326660156	
361.34063720703125	179.44329833984375	16.065658569335938	18.28542137145996	
361.71533203125	178.92105102539062	15.182870864868164	17.519176483154297	
361.8388366699219	178.85906982421875	14.798510551452637	18.719295501708984	
361.9073486328125	179.2550048828125	15.634005546569824	19.147504806518555	
361.62640380859375	179.02700805664062	16.1004695892334	19.44767951965332	
362.1839599609375	178.56617736816406	16.258214950561523	19.494367599487305	
361.9271240234375	178.34327697753906	16.016611099243164	20.3958797454834	
362.4281311035156	178.63259887695312	15.815340995788574	20.19839096069336	
362.51177978515625	178.56170654296875	16.452226638793945	19.113040924072266	
362.3716735839844	178.30702209472656	17.07883071899414	20.151626586914062	
362.7052307128906	178.39845275878906	17.174880981445312	20.64768409729004	
363.5301513671875	178.4364013671875	16.905067443847656	21.037765502929688	
363.5580139160156	178.08775329589844	16.41839027404785	20.766897201538086	
363.9004821777344	178.09263610839844	16.59202766418457	20.887441635131836	
364.5435485839844	178.35484313964844	16.313844680786133	20.313823699951172	
364.5273742675781	178.61376953125	16.353940963745117	19.131872177124023	
364.8990783691406	178.6570281982422	16.68233299255371	19.16769790649414	
365.2329406738281	178.60299682617188	15.550638198852539	18.770700454711914	
365.52117919921875	178.7963104248047	14.634907722473145	18.1007022857666	
365.580078125	178.86444091796875	15.135940551757812	17.761962890625	
365.5967102050781	178.9811248779297	15.340539932250977	17.525442123413086	
366.2373046875	179.2734375	14.92333984375	17.355480194091797	
367.0385437011719	179.8130645751953	14.19373893737793	16.66316795349121	
367.1401672363281	179.57595825195312	14.152532577514648	16.8961124420166	
366.81158447265625	179.58050537109375	14.258100509643555	16.684764862060547	
366.71124267578125	179.67996215820312	14.671360969543457	17.780155181884766	
366.9634704589844	179.576904296875	14.321454048156738	17.676719665527344	
366.65081787109375	179.5970001220703	13.987634658813477	16.673303604125977	
367.5938720703125	179.7136993408203	14.154657363891602	17.026348114013672	
367.78729248046875	179.5214080810547	14.554710388183594	16.826879501342773	
367.06805419921875	179.96905517578125	14.67358684539795	16.174638748168945	
367.4953308105469	180.11219787597656	14.702033996582031	17.10137367248535	
367.9078369140625	180.305419921875	14.39720630645752	17.038806915283203	
368.6391906738281	180.5144805908203	13.983622550964355	16.160175323486328	
368.7643127441406	180.67291259765625	13.84025764465332	15.672918319702148	
368.7490234375	180.42605590820312	13.856145858764648	15.966115951538086	
369.15838623046875	180.62277221679688	13.920987129211426	15.558802604675293	
368.878173828125	180.69775390625	14.503396987915039	16.163543701171875	
369.52374267578125	180.6105499267578	13.817110061645508	15.317022323608398	
369.5538024902344	180.56814575195312	14.221559524536133	15.824422836303711	
369.9654846191406	180.5757293701172	14.194010734558105	15.995610237121582	
369.947265625	180.96951293945312	13.6943941116333	15.30198860168457	
370.0785217285156	180.90054321289062	13.717178344726562	14.583871841430664	
370.0887451171875	180.89486694335938	14.249246597290039	14.971048355102539	
370.58685302734375	181.3739013671875	13.66723346710205	15.083279609680176	
370.78289794921875	180.9610595703125	13.86541748046875	14.587715148925781	
371.3771057128906	181.03005981445312	13.748893737792969	14.400222778320312	
371.4362487792969	180.9892578125	13.602078437805176	14.419711112976074	
371.68865966796875	180.8365936279297	13.915840148925781	15.227394104003906	
371.44927978515625	180.7740020751953	14.108198165893555	15.451434135437012	
371.3897399902344	180.920166015625	14.228759765625	15.601351737976074	
370.91400146484375	180.67559814453125	14.225889205932617	15.500555038452148	
370.63397216796875	180.76864624023438	14.451776504516602	15.504061698913574	
370.93255615234375	180.94691467285156	14.077285766601562	15.183154106140137	
371.0287170410156	180.95169067382812	13.839704513549805	15.356203079223633	
371.90118408203125	180.76588439941406	13.718429565429688	15.054298400878906	
370.71124267578125	180.625	14.554471969604492	16.162822723388672	
370.5860290527344	180.47869873046875	14.183029174804688	15.49902057647705	
370.9599304199219	180.87564086914062	13.724574089050293	15.435708999633789	
371.42327880859375	180.81256103515625	13.165349006652832	15.021924018859863	
371.2247314453125	180.86776733398438	13.221458435058594	15.282635688781738	
371.22479248046875	180.8257598876953	13.366754531860352	15.431272506713867	
371.71795654296875	180.98497009277344	13.089468002319336	15.076461791992188	
371.24200439453125	180.68019104003906	13.103650093078613	14.430139541625977	
371.42181396484375	180.6709747314453	12.826057434082031	14.398101806640625	
373.15771484375	181.01492309570312	12.892318725585938	14.265777587890625	
373.3821105957031	180.82174682617188	12.629083633422852	14.147895812988281	
373.55731201171875	180.6409454345703	12.218812942504883	13.666543960571289	
373.92596435546875	180.55966186523438	11.524419784545898	13.027592658996582	
373.62445068359375	180.84176635742188	12.952746391296387	14.030927658081055	
373.2104187011719	180.88499450683594	13.221982955932617	14.218194961547852	
374.05859375	181.07058715820312	13.214062690734863	14.081881523132324	
374.13446044921875	181.1424102783203	13.860727310180664	14.466302871704102	
374.10858154296875	180.9007568359375	13.386975288391113	13.987208366394043	
374.00213623046875	180.73410034179688	13.207971572875977	14.697819709777832	
374.41937255859375	180.71995544433594	12.884588241577148	14.603075981140137	
374.4761962890625	180.769287109375	13.7785005569458	15.459230422973633	
373.95074462890625	180.68801879882812	13.791971206665039	15.329035758972168	
373.575439453125	180.72059631347656	14.119768142700195	14.874124526977539	
374.1935119628906	180.8882293701172	13.551155090332031	14.400530815124512	
373.7925720214844	180.6779327392578	13.607505798339844	14.131479263305664	
374.33367919921875	180.92691040039062	13.597356796264648	14.554232597351074	
374.2923278808594	180.91030883789062	13.190851211547852	14.366903305053711	
374.47802734375	180.87673950195312	12.385528564453125	13.573204040527344	
373.89434814453125	180.66644287109375	13.024467468261719	14.16417407989502	
374.2789001464844	181.05670166015625	12.787602424621582	14.40758228302002	
374.1782531738281	181.11355590820312	13.535061836242676	14.378141403198242	
374.46514892578125	180.88633728027344	13.664876937866211	14.22838306427002	
376.3531188964844	180.51890563964844	13.140274047851562	13.790362358093262	
376.3150939941406	180.5575714111328	13.115015029907227	13.942912101745605	
376.46331787109375	180.7133331298828	13.056991577148438	14.453669548034668	
376.17266845703125	180.65463256835938	13.15728759765625	14.635175704956055	
376.29833984375	180.98941040039062	13.662445068359375	14.31915283203125	
375.86187744140625	180.7910614013672	13.799285888671875	14.104507446289062	
376.2403564453125	180.42726135253906	13.293031692504883	14.503686904907227	
376.59100341796875	180.29562377929688	13.217962265014648	15.053382873535156	
376.3051452636719	180.1845703125	13.445989608764648	15.751734733581543	
376.65545654296875	180.4646759033203	13.288653373718262	15.254611015319824	
376.42901611328125	180.80233764648438	13.40990161895752	14.745988845825195	
377.0950622558594	180.9453887939453	13.090947151184082	14.505773544311523	
376.7261657714844	180.9109649658203	13.033137321472168	15.022445678710938	
376.65380859375	181.1221160888672	13.150259017944336	15.403982162475586	
377.4983215332031	180.9422607421875	13.1279935836792	14.998270988464355	
378.00531005859375	180.78570556640625	13.196487426757812	14.032402038574219	
378.3165588378906	180.76998901367188	12.751678466796875	14.060155868530273	
379.1810302734375	180.99205017089844	11.9525146484375	14.177011489868164	
378.96844482421875	180.85806274414062	12.13622760772705	14.401208877563477	
379.15911865234375	180.609375	12.040806770324707	14.087323188781738	
379.0552978515625	180.87619018554688	12.816034317016602	14.381443977355957	
379.7906799316406	181.5717315673828	11.645596504211426	13.09544563293457	
379.7896423339844	181.27142333984375	11.227436065673828	13.287717819213867	
379.59228515625	180.747802734375	11.953365325927734	14.13647747039795	
380.1253356933594	180.97262573242188	12.239073753356934	13.470210075378418	
380.4029846191406	181.27537536621094	12.00661849975586	12.970407485961914	
381.23779296875	181.49734497070312	10.88725471496582	12.208839416503906	
381.4974060058594	181.0318603515625	11.101618766784668	12.916499137878418	
381.054443359375	181.0660400390625	11.779852867126465	13.332470893859863	
381.95111083984375	181.3029022216797	11.295432090759277	12.711220741271973	
383.089111328125	181.33673095703125	11.45152759552002	12.37829875946045	
383.21673583984375	181.19683837890625	11.40855598449707	12.98859977722168	
382.6665954589844	181.30410766601562	11.753750801086426	12.718015670776367	
384.0637512207031	181.582275390625	11.267936706542969	12.324907302856445	
384.50341796875	181.47543334960938	11.3744535446167	12.832232475280762	
384.09228515625	181.4724578857422	12.064169883728027	12.946434020996094	
383.9696044921875	181.46304321289062	11.76497745513916	12.139114379882812	
385.1251525878906	181.89488220214844	10.882698059082031	11.777520179748535	
384.54425048828125	181.54452514648438	11.301267623901367	12.533811569213867	
384.9188232421875	181.59835815429688	11.417266845703125	12.270211219787598	
385.9687194824219	181.67868041992188	10.493242263793945	11.480623245239258	
386.06414794921875	181.93777465820312	10.152704238891602	11.738961219787598	
386.1826477050781	181.87945556640625	11.02088737487793	11.95983600616455	
385.82135009765625	182.61181640625	9.922554969787598	11.182428359985352	
385.258056640625	182.59835815429688	10.283342361450195	10.806000709533691	
386.67242431640625	181.6353759765625	11.156316757202148	12.105081558227539	
387.52618408203125	181.61282348632812	10.744840621948242	11.167184829711914	
387.998291015625	181.85728454589844	10.246716499328613	10.642378807067871	
388.1895446777344	181.5736541748047	10.234376907348633	11.44588851928711	
388.74871826171875	181.91201782226562	10.487070083618164	11.009007453918457	
389.4173889160156	182.54086303710938	10.041543006896973	10.584938049316406	
389.5940246582031	182.07501220703125	10.179763793945312	10.970132827758789	
389.60296630859375	181.86080932617188	10.619821548461914	11.336126327514648	
390.018310546875	181.86639404296875	10.789504051208496	11.456367492675781	
389.8709716796875	181.18067932128906	11.34080982208252	11.602640151977539	
389.8680419921875	180.78390502929688	11.693763732910156	12.782588005065918	
390.097412109375	180.5950164794922	12.355962753295898	12.785688400268555	
390.35491943359375	180.8007049560547	12.043707847595215	12.989611625671387	
390.6461486816406	180.53811645507812	11.659528732299805	12.67952823638916	
390.6617736816406	180.3181610107422	12.519887924194336	13.457531929016113	
390.2320861816406	180.75772094726562	12.62718677520752	13.211532592773438	
390.3614196777344	180.3890380859375	12.68699836730957	13.989946365356445	
390.6785888671875	180.56423950195312	12.350390434265137	13.236498832702637	
390.5109558105469	180.6071319580078	12.342782020568848	13.024496078491211	
390.99237060546875	180.51983642578125	11.398218154907227	12.554186820983887	
390.6659240722656	180.1807403564453	11.91872787475586	12.91795539855957	
391.0495910644531	180.635009765625	11.867757797241211	12.827817916870117	
390.611572265625	180.31350708007812	12.957354545593262	13.539820671081543	
391.52056884765625	180.2190704345703	12.981880187988281	13.489252090454102	
392.8948669433594	180.85357666015625	12.489192008972168	12.590755462646484	
393.22747802734375	180.5854949951172	12.252107620239258	13.162187576293945	
393.2940979003906	180.65809631347656	12.426961898803711	12.444631576538086	
394.5576171875	180.7500457763672	11.97435188293457	12.411736488342285	
394.09332275390625	180.54141235351562	12.065950393676758	12.819242477416992	
396.07318115234375	181.41903686523438	11.589787483215332	12.694704055786133	
397.7404479980469	181.59469604492188	10.87996768951416	13.037182807922363	
396.791748046875	181.43028259277344	11.397051811218262	13.758399963378906	
397.2153625488281	181.6511993408203	11.085619926452637	12.661948204040527	
398.3695373535156	182.0901641845703	10.183631896972656	12.130880355834961	
397.85101318359375	182.04052734375	10.101806640625	12.51562213897705	
398.7256774902344	182.60317993164062	10.067181587219238	11.380289077758789	
398.7750244140625	182.30352783203125	9.344181060791016	11.616609573364258	
398.8163757324219	182.09347534179688	9.33690357208252	11.470442771911621	
398.641357421875	181.9822540283203	9.266395568847656	11.965875625610352	
399.11993408203125	182.1353759765625	9.057641983032227	11.344075202941895	
398.98089599609375	182.47689819335938	9.461275100708008	11.230901718139648	
399.4090270996094	182.18881225585938	9.662796974182129	10.92315673828125	
399.13787841796875	182.28341674804688	8.953497886657715	11.036989212036133	
399.6329650878906	182.9955291748047	8.983283996582031	10.137560844421387	
399.0832824707031	181.83677673339844	9.562670707702637	11.073535919189453	
398.6917724609375	181.90658569335938	9.758405685424805	10.968770980834961	
399.55596923828125	182.4248046875	9.353399276733398	10.573402404785156	
398.85125732421875	182.0662078857422	10.476229667663574	11.274312973022461	
400.0535583496094	182.50839233398438	8.766054153442383	10.157522201538086	
399.53228759765625	182.4720916748047	8.820402145385742	10.748196601867676	
400.10540771484375	182.68588256835938	8.270893096923828	9.74873161315918	
400.4732360839844	182.9206085205078	8.259958267211914	9.950881958007812	
400.0291748046875	182.21072387695312	8.820504188537598	9.971000671386719	
400.5738525390625	182.87301635742188	7.972621917724609	9.924777030944824	
400.64031982421875	182.95802307128906	7.859175682067871	9.854960441589355	
400.39471435546875	182.98025512695312	7.7745208740234375	9.812029838562012	
400.41009521484375	183.00137329101562	8.00827693939209	9.79712963104248	
