276.0	137.0	23.0	69.0	
274.57415771484375	136.3247833251953	23.99130630493164	69.05363464355469	
273.6722412109375	132.7016143798828	25.11886215209961	72.7931900024414	
274.7055969238281	133.87716674804688	23.667028427124023	71.76774597167969	
274.9119873046875	133.4581298828125	23.721776962280273	70.5705337524414	
274.75848388671875	134.1029815673828	23.77804946899414	70.01091003417969	
275.7681579589844	135.66879272460938	22.9842472076416	69.67082214355469	
276.23931884765625	136.1443328857422	23.020875930786133	71.621826171875	
277.1780700683594	134.83966064453125	22.600088119506836	73.5538558959961	
277.97564697265625	134.4068603515625	21.952274322509766	75.04991149902344	
277.9963073730469	131.99423217773438	22.748489379882812	78.75568389892578	
279.3763732910156	133.46853637695312	22.265689849853516	75.42617797851562	
279.8516540527344	131.7788848876953	22.19932746887207	75.93681335449219	
281.2874450683594	134.10269165039062	20.920095443725586	72.5887680053711	
280.4993591308594	132.68612670898438	22.25356674194336	73.38603210449219	
282.26959228515625	133.1239776611328	21.329586029052734	73.47026062011719	
283.8187561035156	134.74986267089844	20.840452194213867	73.92696380615234	
283.7834167480469	134.7677764892578	20.55300521850586	72.18136596679688	
284.121826171875	135.6245880126953	20.447725296020508	72.76506805419922	
284.7574462890625	135.4491729736328	20.604663848876953	73.2524185180664	
283.41876220703125	134.4567413330078	22.267602920532227	73.62081146240234	
284.894287109375	133.22189331054688	21.34929084777832	74.35887145996094	
285.317138671875	135.19711303710938	20.69864273071289	69.72618103027344	
286.0093994140625	134.13925170898438	20.36275863647461	71.40290069580078	
287.11053466796875	135.30039978027344	20.314008712768555	70.23805236816406	
288.1765441894531	137.68612670898438	20.663990020751953	67.89432525634766	
288.61370849609375	140.052978515625	20.824132919311523	68.3882064819336	
288.4697570800781	138.4551544189453	20.981739044189453	71.7596435546875	
288.27215576171875	138.61614990234375	20.624603271484375	70.87574768066406	
288.59124755859375	136.83383178710938	20.14006805419922	71.5853042602539	
289.12445068359375	136.86734008789062	20.192739486694336	69.8693618774414	
289.21502685546875	137.59584045410156	19.490007400512695	70.04524230957031	
290.55303955078125	137.0340118408203	18.546192169189453	70.64495849609375	
289.33349609375	138.8736114501953	19.52305793762207	69.849853515625	
289.2618408203125	137.4993896484375	19.765548706054688	71.64067077636719	
286.9193420410156	136.90194702148438	21.21339225769043	72.01469421386719	
286.5184631347656	138.19969177246094	20.974538803100586	68.88117980957031	
285.8927001953125	136.48178100585938	21.010828018188477	71.26759338378906	
284.9286804199219	135.6803436279297	21.795211791992188	74.46002197265625	
283.2560729980469	137.04415893554688	21.28122329711914	71.5431137084961	
282.2885437011719	137.1974639892578	22.472110748291016	73.02055358886719	
281.9781799316406	137.718505859375	22.446216583251953	72.06715393066406	
280.22442626953125	138.36825561523438	20.5023193359375	70.67225646972656	
279.5381774902344	139.7227325439453	19.24932289123535	67.81280517578125	
277.73834228515625	141.62327575683594	19.228862762451172	66.53886413574219	
275.6192932128906	140.7964324951172	20.026912689208984	64.3328628540039	
274.30731201171875	140.66827392578125	20.774051666259766	64.40538787841797	
274.14605712890625	141.20899963378906	19.98409652709961	64.22663879394531	
272.9337158203125	142.11282348632812	19.28475570678711	58.310020446777344	
271.0354309082031	142.24644470214844	19.04607391357422	56.84461212158203	
268.7450866699219	141.5240936279297	19.344417572021484	57.9036979675293	
267.51708984375	141.21640014648438	18.363508224487305	57.853965759277344	
265.8324279785156	141.93002319335938	18.162017822265625	59.09272384643555	
263.9042663574219	140.9854736328125	18.63985252380371	60.93177032470703	
261.27105712890625	140.85165405273438	18.28000259399414	60.75666046142578	
260.30615234375	144.1187286376953	17.217994689941406	58.366600036621094	
257.68902587890625	143.6144561767578	17.495603561401367	55.8309440612793	
254.9015655517578	142.28634643554688	19.010665893554688	58.754539489746094	
252.0460662841797	141.93399047851562	19.460254669189453	58.70197296142578	
250.63400268554688	139.89950561523438	19.574947357177734	61.87800979614258	
243.765625	127.05326843261719	19.243616104125977	66.60887145996094	
244.9297332763672	135.7917022705078	18.7270450592041	63.148475646972656	
242.175537109375	138.61459350585938	19.512231826782227	59.17900848388672	
239.90982055664062	136.3521270751953	20.044118881225586	62.144264221191406	
237.88265991210938	136.46815490722656	19.54210662841797	64.44895935058594	
236.5644073486328	138.14910888671875	18.201290130615234	63.44047164916992	
233.8574981689453	137.5432891845703	18.419322967529297	63.605247497558594	
232.09658813476562	139.663330078125	18.074066162109375	61.82081985473633	
230.06198120117188	139.59890747070312	18.715375900268555	63.95479202270508	
228.6737823486328	136.76309204101562	18.20044708251953	68.2925796508789	
225.516845703125	134.25241088867188	19.080127716064453	68.27523803710938	
223.11984252929688	136.81307983398438	18.342885971069336	63.1138801574707	
221.55014038085938	139.36962890625	17.418346405029297	60.2764778137207	
218.942138671875	136.60047912597656	18.42947006225586	66.3071517944336	
216.7897186279297	137.28622436523438	18.76775360107422	66.6168212890625	
214.73257446289062	139.5631866455078	19.490116119384766	64.63433837890625	
213.62313842773438	141.58457946777344	18.930713653564453	59.945899963378906	
211.4300994873047	138.7645721435547	18.149776458740234	57.36638641357422	
209.87472534179688	138.8361053466797	18.86496353149414	60.82683181762695	
208.1940155029297	140.06398010253906	17.633636474609375	58.10753631591797	
206.76553344726562	139.8775177001953	18.248632431030273	57.551116943359375	
204.74229431152344	140.3631591796875	17.673839569091797	54.87849807739258	
201.86563110351562	140.7022705078125	18.65856170654297	57.85532760620117	
200.55902099609375	140.90463256835938	18.760560989379883	57.10292434692383	
198.98892211914062	142.32064819335938	18.56458282470703	57.33843231201172	
197.5806884765625	142.31138610839844	18.637500762939453	57.2872428894043	
195.69589233398438	141.0716552734375	19.483139038085938	59.5490608215332	
195.61978149414062	139.11817932128906	19.330982208251953	62.17259979248047	
193.7020263671875	139.06515502929688	19.8714542388916	61.702598571777344	
192.06253051757812	136.22116088867188	20.21294593811035	63.653968811035156	
190.2758026123047	137.14935302734375	20.75564956665039	61.54429244995117	
188.3663787841797	137.8948516845703	21.48760986328125	62.150230407714844	
185.55862426757812	135.3290557861328	22.195005416870117	64.0478515625	
184.1249237060547	135.14222717285156	21.6567440032959	68.98600769042969	
181.90399169921875	134.88845825195312	22.136980056762695	70.60938262939453	
180.94195556640625	135.2643585205078	23.683490753173828	72.4231185913086	
181.4745635986328	136.58843994140625	22.136104583740234	71.3613510131836	
180.71939086914062	135.5536651611328	22.030614852905273	70.01181030273438	
180.4360809326172	139.2155303955078	20.688262939453125	62.338523864746094	
180.9583282470703	138.54478454589844	20.48520851135254	61.232666015625	
180.24456787109375	139.09793090820312	19.9896297454834	62.20953369140625	
179.4817352294922	138.19827270507812	19.817279815673828	61.6291618347168	
179.43759155273438	141.9015350341797	20.131866455078125	60.6432991027832	
179.21360778808594	142.5780487060547	20.43770980834961	59.34447479248047	
179.42529296875	141.8397979736328	20.805038452148438	60.915077209472656	
179.50466918945312	140.12034606933594	22.20388412475586	62.05108642578125	
180.63778686523438	139.0886688232422	20.869625091552734	62.97924041748047	
181.5825958251953	138.9646453857422	20.22480583190918	62.27912139892578	
181.19058227539062	136.64205932617188	20.806106567382812	64.23030090332031	
182.095703125	135.9925994873047	19.989046096801758	64.92561340332031	
182.3839569091797	137.98826599121094	20.511655807495117	63.88966751098633	
182.97824096679688	138.06234741210938	21.085689544677734	64.840087890625	
183.91751098632812	141.0437774658203	21.431243896484375	62.706878662109375	
183.87933349609375	143.46847534179688	22.862871170043945	61.4757080078125	
184.53253173828125	140.8201446533203	22.862815856933594	66.664306640625	
185.6007537841797	139.34300231933594	24.080059051513672	68.13646697998047	
187.7578887939453	139.81590270996094	23.729671478271484	67.05069732666016	
189.5561065673828	141.3329315185547	21.8283634185791	66.36912536621094	
189.6271209716797	136.13717651367188	22.12057876586914	69.77613830566406	
192.1556854248047	137.33106994628906	20.939434051513672	67.99967956542969	
192.47926330566406	135.91268920898438	21.686504364013672	68.17534637451172	
193.57421875	135.79623413085938	21.57925033569336	69.49000549316406	
195.764404296875	137.7940216064453	21.37954330444336	67.6401138305664	
197.45550537109375	141.41400146484375	21.303800582885742	64.50135040283203	
199.1300048828125	142.62118530273438	21.046493530273438	64.16651153564453	
199.592041015625	140.65199279785156	21.72093391418457	64.83795928955078	
200.2183074951172	140.8839569091797	22.38411521911621	63.20134735107422	
202.57077026367188	141.14468383789062	21.82000160217285	61.210174560546875	
203.56048583984375	138.21310424804688	22.067279815673828	64.58491516113281	
206.3564453125	138.09463500976562	20.883073806762695	69.55299377441406	
206.91744995117188	137.8016357421875	22.080896377563477	69.09727478027344	
209.3651580810547	136.4313507080078	20.721391677856445	69.69010925292969	
212.294921875	137.04446411132812	21.886966705322266	70.36610412597656	
215.3860321044922	139.77520751953125	20.316823959350586	70.01227569580078	
218.0146484375	142.44093322753906	20.155460357666016	64.76737213134766	
219.22048950195312	144.22677612304688	21.22051429748535	64.63844299316406	
220.78515625	139.9964599609375	20.926546096801758	67.17159271240234	
222.5083770751953	135.68130493164062	21.628232955932617	71.90757751464844	
224.6909942626953	134.44715881347656	22.176246643066406	73.06547546386719	
225.9201202392578	135.49081420898438	22.84853744506836	70.36923217773438	
228.4687957763672	132.6547393798828	23.3984375	72.66708374023438	
229.196533203125	134.45199584960938	21.99773406982422	67.19713592529297	
232.4686279296875	135.11314392089844	21.453649520874023	68.78678131103516	
235.89987182617188	136.5604248046875	20.996562957763672	72.04447174072266	
237.0632781982422	139.71200561523438	21.721214294433594	67.31134796142578	
239.1226348876953	139.72830200195312	21.67038345336914	65.20611572265625	
240.93606567382812	140.210693359375	22.053512573242188	63.407981872558594	
243.35372924804688	137.4927215576172	23.18889045715332	65.55494689941406	
244.8987579345703	137.58676147460938	22.58010482788086	67.7496337890625	
246.91415405273438	137.59890747070312	21.56674575805664	68.48268127441406	
249.4119873046875	138.19078063964844	21.20511245727539	64.3316879272461	
252.147705078125	137.38363647460938	21.79852294921875	68.33154296875	
254.6480255126953	136.91079711914062	21.148052215576172	72.08622741699219	
257.66265869140625	136.59793090820312	21.27954864501953	71.37618255615234	
259.58294677734375	140.00765991210938	21.598867416381836	64.91276550292969	
261.04302978515625	137.50181579589844	20.781599044799805	65.02104187011719	
264.2268981933594	134.81553649902344	21.445791244506836	70.83049011230469	
265.379638671875	132.56446838378906	22.195606231689453	72.95536041259766	
266.8199157714844	132.0790557861328	21.376041412353516	70.13982391357422	
268.2615051269531	135.01632690429688	21.11663818359375	64.84098815917969	
272.4453125	134.6387176513672	21.397930145263672	69.97508239746094	
275.491455078125	136.537841796875	20.931493759155273	68.37725067138672	
277.07879638671875	137.049072265625	20.684497833251953	70.5596923828125	
279.06988525390625	138.197021484375	22.29191780090332	68.20262145996094	
280.3703308105469	139.2056884765625	22.59877586364746	67.25675964355469	
282.8250732421875	138.548828125	22.964136123657227	67.31604766845703	
285.4129943847656	135.1982879638672	22.304990768432617	70.5853500366211	
287.7068786621094	133.70016479492188	22.11975860595703	74.90821075439453	
288.90582275390625	135.88235473632812	22.296483993530273	72.59281921386719	
291.2585754394531	134.5092315673828	21.555246353149414	72.15278625488281	
293.89544677734375	135.6893768310547	23.135005950927734	73.05985260009766	
297.17889404296875	137.10159301757812	22.549823760986328	74.294921875	
300.8614196777344	140.94888305664062	21.206323623657227	72.49140930175781	
303.1515197753906	142.26234436035156	22.555524826049805	68.24696350097656	
305.079345703125	143.16908264160156	21.231468200683594	67.04134368896484	
306.74664306640625	140.33413696289062	22.09017562866211	72.6282958984375	
307.86309814453125	136.95851135253906	21.480749130249023	77.10469818115234	
308.4197998046875	136.481689453125	21.6543025970459	74.471435546875	
308.2303161621094	139.3769073486328	21.569543838500977	68.75106048583984	
312.09326171875	142.79388427734375	23.687253952026367	70.34355926513672	
313.4507141113281	142.5455322265625	23.628170013427734	67.896728515625	
319.32763671875	139.74789428710938	23.8514347076416	73.0353012084961	
321.3341369628906	143.79647827148438	22.939071655273438	71.03422546386719	
322.26849365234375	140.63644409179688	22.906095504760742	75.31685638427734	
324.58111572265625	143.08358764648438	21.06181526184082	69.80763244628906	
325.64752197265625	138.88487243652344	21.221628189086914	73.04832458496094	
326.5869445800781	137.8120574951172	21.46431541442871	71.60014343261719	
327.82794189453125	137.57339477539062	21.853757858276367	73.03887939453125	
330.0970458984375	138.04495239257812	21.827678680419922	73.86772918701172	
332.1048889160156	139.0056610107422	22.118154525756836	74.3182601928711	
335.3189392089844	141.8496551513672	21.488056182861328	70.41815185546875	
336.5187072753906	141.97923278808594	21.894155502319336	70.57261657714844	
337.1559143066406	139.9563446044922	23.139564514160156	73.57734680175781	
338.060546875	137.585693359375	23.421667098999023	77.27859497070312	
338.04351806640625	134.00550842285156	23.06207847595215	82.58333587646484	
339.5020751953125	134.61976623535156	22.48430824279785	80.50117492675781	
339.6910095214844	135.76535034179688	21.52387046813965	76.75068664550781	
341.1259460449219	135.89010620117188	21.8393497467041	76.42420959472656	
342.8559265136719	135.1563262939453	22.318134307861328	77.98835754394531	
342.6255187988281	138.32907104492188	23.996749877929688	76.37739562988281	
344.68548583984375	138.1570281982422	23.46736717224121	80.04315948486328	
346.54840087890625	140.327392578125	22.623592376708984	76.00276947021484	
348.0177917480469	137.8603973388672	21.719512939453125	78.41032409667969	
347.35064697265625	137.21337890625	23.01559066772461	79.29732513427734	
346.79986572265625	138.0022430419922	22.308767318725586	78.03997802734375	
347.2288818359375	138.73348999023438	22.277498245239258	77.4683837890625	
347.6565246582031	137.02761840820312	21.75771141052246	75.76737976074219	
349.1827697753906	140.50636291503906	21.745004653930664	74.74359893798828	
348.25213623046875	140.78138732910156	24.69601058959961	78.21378326416016	
347.9476623535156	141.52438354492188	24.727664947509766	80.87857818603516	
347.407470703125	140.52017211914062	24.6032657623291	82.55921936035156	
345.18536376953125	141.28140258789062	25.4433650970459	76.33012390136719	
343.55047607421875	138.49258422851562	24.567363739013672	81.34357452392578	
343.53594970703125	137.24075317382812	23.360355377197266	77.59747314453125	
341.44232177734375	136.7467498779297	21.606901168823242	76.09535217285156	
341.9619445800781	138.419921875	20.835773468017578	76.51405334472656	
339.21630859375	137.6399383544922	22.6173038482666	77.95059967041016	
338.36859130859375	138.4207000732422	24.53525161743164	75.34156799316406	
336.447509765625	139.9619598388672	24.185420989990234	75.54972076416016	
335.6247253417969	139.47044372558594	23.40294647216797	77.90139770507812	
337.2831726074219	141.31283569335938	21.597103118896484	79.3735122680664	
335.4042663574219	142.03794860839844	22.96245765686035	80.24695587158203	
331.2419128417969	139.00164794921875	24.369041442871094	78.68336486816406	
333.6426696777344	144.44467163085938	24.560956954956055	77.91931915283203	
325.5044250488281	135.89572143554688	24.81026268005371	78.1534194946289	
323.52001953125	136.72044372558594	22.84726905822754	76.56067657470703	
320.92327880859375	136.44290161132812	23.153810501098633	78.53263854980469	
318.145751953125	134.6783905029297	24.185373306274414	85.9133529663086	
315.608154296875	134.9672393798828	23.05287742614746	87.52306365966797	
313.55364990234375	137.2009735107422	22.349782943725586	86.4293441772461	
311.3130798339844	137.54330444335938	22.006977081298828	82.43357849121094	
307.84228515625	136.33932495117188	22.650156021118164	75.81776428222656	
307.71734619140625	136.96295166015625	23.82778549194336	79.26337432861328	
304.7560729980469	136.86917114257812	22.590389251708984	78.42984771728516	
301.4588623046875	137.38510131835938	22.149465560913086	73.60755920410156	
298.34564208984375	137.2644500732422	21.732494354248047	74.12480163574219	
295.5166015625	139.77418518066406	22.95413589477539	74.58735656738281	
292.27001953125	135.21420288085938	22.61868667602539	82.60540771484375	
290.12384033203125	134.45338439941406	22.246559143066406	86.2854995727539	
287.32379150390625	133.8308868408203	22.095775604248047	85.9251480102539	
285.40899658203125	134.7594757080078	23.334985733032227	89.93534851074219	
282.28851318359375	134.3408203125	23.64530372619629	89.85233306884766	
278.4195556640625	131.48361206054688	24.191295623779297	91.70298767089844	
275.5694580078125	132.32034301757812	23.128904342651367	84.17964172363281	
271.34124755859375	131.97909545898438	23.533084869384766	84.77481842041016	
268.44183349609375	130.32852172851562	22.799335479736328	89.2928237915039	
265.483154296875	129.49208068847656	23.771596908569336	95.67575073242188	
263.22515869140625	129.77975463867188	23.437307357788086	95.83648681640625	
260.9365539550781	132.7476043701172	24.688770294189453	86.57323455810547	
257.70880126953125	131.95175170898438	26.004196166992188	86.32121276855469	
254.82962036132812	130.46142578125	26.28572654724121	88.45223236083984	
252.53076171875	130.6374969482422	26.02948570251465	90.26105499267578	
250.1088409423828	127.04544830322266	26.174163818359375	93.58296966552734	
248.0220184326172	129.80430603027344	26.252222061157227	89.09520721435547	
245.6758270263672	131.47817993164062	25.71050453186035	84.15531158447266	
243.95327758789062	129.96588134765625	26.315677642822266	90.48323822021484	
241.5495147705078	131.68209838867188	27.774648666381836	91.68501281738281	
238.9449920654297	130.83197021484375	29.603158950805664	93.37963104248047	
237.3296356201172	129.79624938964844	28.452356338500977	94.4074478149414	
236.780517578125	131.16546630859375	26.24407958984375	95.25501251220703	
237.1076202392578	132.36459350585938	25.054744720458984	87.16272735595703	
235.7440948486328	134.03155517578125	23.808025360107422	82.197998046875	
234.2089385986328	135.8846435546875	24.49689292907715	79.15315246582031	
233.5509033203125	133.57034301757812	24.499366760253906	79.61441802978516	
231.83450317382812	132.85256958007812	26.285175323486328	77.31901550292969	
229.9759063720703	134.327880859375	26.396129608154297	76.61701965332031	
229.016357421875	135.940185546875	25.580127716064453	77.58392333984375	
229.205322265625	136.6739044189453	24.56153678894043	75.5035400390625	
228.21597290039062	136.0054473876953	25.007427215576172	77.5630111694336	
227.7227783203125	133.80735778808594	24.84412384033203	81.74229431152344	
227.8900909423828	132.23126220703125	24.858341217041016	82.96592712402344	
227.0473175048828	130.61251831054688	25.83962059020996	85.96556854248047	
226.3058319091797	130.3240203857422	26.246349334716797	87.20323944091797	
225.7755126953125	129.5025634765625	26.8055362701416	88.7348403930664	
225.22201538085938	130.3607940673828	26.1607723236084	89.37348937988281	
225.57772827148438	132.3694610595703	25.772899627685547	86.13053894042969	
226.4320068359375	131.58169555664062	24.561012268066406	87.03668975830078	
226.61972045898438	131.9312744140625	24.278945922851562	84.91276550292969	
227.8439178466797	134.92018127441406	23.66275978088379	79.70726013183594	
228.28256225585938	135.24208068847656	24.093616485595703	78.8211441040039	
228.4623260498047	135.0281524658203	24.31376075744629	78.25594329833984	
228.599365234375	130.7846221923828	24.54450035095215	82.80743408203125	
230.553955078125	130.75099182128906	24.424144744873047	80.88581085205078	
230.9727783203125	129.4312286376953	24.160606384277344	83.17076110839844	
232.66323852539062	131.5855712890625	23.696041107177734	82.42939758300781	
233.16073608398438	131.0990447998047	23.848176956176758	83.22763061523438	
235.04299926757812	130.619873046875	22.835308074951172	84.77503967285156	
235.7725067138672	134.91055297851562	23.167707443237305	80.93953704833984	
237.5489501953125	136.08714294433594	22.13442039489746	77.60406494140625	
237.8732147216797	134.60488891601562	21.85457420349121	80.87769317626953	
238.27871704101562	134.4311981201172	22.16751480102539	80.21417236328125	
239.4140167236328	132.07339477539062	21.170000076293945	79.885986328125	
240.21176147460938	131.5059356689453	20.78792381286621	80.10911560058594	
240.98141479492188	133.04519653320312	21.22708511352539	77.95533752441406	
243.046630859375	133.48452758789062	21.677335739135742	75.50566101074219	
244.93399047851562	132.70394897460938	20.908706665039062	76.0867691040039	
245.0006866455078	136.00469970703125	23.055049896240234	75.43274688720703	
246.1103057861328	134.33042907714844	23.86422348022461	77.97953796386719	
247.713134765625	135.0218963623047	23.219989776611328	77.96804809570312	
248.5495147705078	133.1796417236328	24.034841537475586	81.5531234741211	
248.187744140625	132.17141723632812	24.909616470336914	80.19501495361328	
249.25845336914062	133.74533081054688	25.296939849853516	80.23954010009766	
249.3472137451172	131.161376953125	25.4376277923584	79.8370132446289	
250.39321899414062	131.66351318359375	25.991308212280273	79.1853256225586	
251.00149536132812	131.43463134765625	26.535165786743164	79.51014709472656	
252.7344512939453	133.4983673095703	27.001495361328125	74.98713684082031	
255.5958709716797	133.99838256835938	26.725521087646484	76.19606018066406	
260.7607421875	136.6132354736328	25.255809783935547	75.1998519897461	
262.46636962890625	137.88926696777344	25.54215431213379	73.5933837890625	
265.56683349609375	138.44879150390625	23.718875885009766	72.61538696289062	
267.75469970703125	135.54592895507812	22.964075088500977	74.9343490600586	
268.52081298828125	136.9775390625	23.65805435180664	71.44161224365234	
271.09161376953125	138.5703582763672	22.704517364501953	71.01559448242188	
273.643798828125	137.05833435058594	20.016998291015625	77.905517578125	
275.24517822265625	137.3872528076172	20.393375396728516	76.32765197753906	
276.85101318359375	140.5796356201172	20.257354736328125	69.0295639038086	
277.84759521484375	141.13021850585938	21.563457489013672	66.6617660522461	
277.8108215332031	142.16390991210938	22.621341705322266	65.10228729248047	
281.93603515625	137.2228240966797	24.1816349029541	73.51557922363281	
282.1667785644531	137.48110961914062	22.558979034423828	73.4005355834961	
286.5476379394531	136.9203338623047	21.905445098876953	76.56175231933594	
288.25982666015625	135.71485900878906	21.462657928466797	79.5174560546875	
288.08551025390625	136.7821044921875	21.548084259033203	77.19895935058594	
288.7131042480469	137.24734497070312	21.063732147216797	75.5455322265625	
290.1904296875	136.80081176757812	20.104028701782227	74.89104461669922	
291.8261413574219	138.8189697265625	20.349857330322266	72.98897552490234	
293.5093994140625	144.61251831054688	19.369821548461914	70.0611801147461	
294.74041748046875	137.1392364501953	19.34867286682129	74.9320068359375	
295.5000915527344	136.8910675048828	18.765274047851562	73.90992736816406	
296.1876220703125	136.20614624023438	18.64936637878418	75.64503479003906	
295.40582275390625	138.2175750732422	21.727703094482422	65.18311309814453	
297.952392578125	131.78695678710938	19.26582145690918	76.89398193359375	
300.03485107421875	141.3323974609375	20.183712005615234	73.16212463378906	
301.0045166015625	136.2160186767578	20.195079803466797	77.70951080322266	
302.4254455566406	135.63473510742188	20.78294563293457	74.11014556884766	
302.6168212890625	136.0435791015625	20.79094696044922	71.77110290527344	
303.78179931640625	137.22891235351562	20.178503036499023	67.224853515625	
303.9464111328125	136.9180450439453	21.052532196044922	67.69471740722656	
305.1022033691406	136.3780059814453	20.49979591369629	72.9368896484375	
305.64007568359375	135.166748046875	20.580846786499023	77.5227279663086	
306.39923095703125	133.7257080078125	20.883920669555664	78.83788299560547	
306.656982421875	132.04736328125	21.539478302001953	82.9283447265625	
307.88519287109375	134.24417114257812	21.87995147705078	77.83735656738281	
308.667724609375	133.21461486816406	22.508073806762695	78.7529067993164	
309.36065673828125	135.21734619140625	22.57118797302246	77.20286560058594	
310.9951477050781	136.44326782226562	21.244449615478516	76.03153991699219	
309.75897216796875	134.183837890625	21.462242126464844	76.58492279052734	
310.45294189453125	135.66146850585938	20.42728042602539	74.99405670166016	
311.4154357910156	137.81893920898438	20.825664520263672	74.89823913574219	
311.4090270996094	134.9410400390625	21.19106101989746	82.16542053222656	
311.3656921386719	134.93798828125	21.942461013793945	83.37076568603516	
311.6978454589844	135.1959228515625	22.12700843811035	84.82698822021484	
310.5914306640625	134.4423370361328	22.37020492553711	83.95919036865234	
311.0268249511719	133.01913452148438	22.020055770874023	86.45841217041016	
311.1881408691406	133.38540649414062	21.5658016204834	88.1978988647461	
311.007080078125	130.077392578125	22.065095901489258	89.79115295410156	
311.28125	130.1649627685547	21.86530113220215	90.62806701660156	
310.9554748535156	126.49725341796875	22.25962257385254	91.9516830444336	
310.95867919921875	126.3551254272461	23.176219940185547	89.6427001953125	
310.9720764160156	126.91728210449219	22.366085052490234	88.41441345214844	
310.74700927734375	127.91889953613281	22.107601165771484	85.20614624023438	
310.9032287597656	126.25030517578125	22.430885314941406	85.28304290771484	
308.72906494140625	126.4659194946289	23.13419532775879	85.38583374023438	
309.4761047363281	126.881591796875	23.105344772338867	84.95635986328125	
308.76153564453125	124.65513610839844	23.556447982788086	91.15524291992188	
309.36871337890625	129.704833984375	22.581645965576172	86.70818328857422	
309.31683349609375	131.21389770507812	21.819984436035156	85.7026138305664	
308.5942687988281	133.70565795898438	22.562028884887695	82.84120178222656	
308.5455322265625	133.8504638671875	22.148696899414062	83.41422271728516	
308.7347717285156	133.0759735107422	21.894588470458984	83.93386840820312	
309.2495422363281	132.14694213867188	21.547800064086914	83.50698852539062	
309.6712951660156	133.93246459960938	21.673480987548828	82.37850952148438	
308.94586181640625	132.71766662597656	21.9052677154541	82.6341323852539	
309.76629638671875	133.185302734375	21.539321899414062	83.68128967285156	
309.57012939453125	132.2836151123047	21.30779266357422	84.38867950439453	
310.289306640625	132.8055877685547	20.44207000732422	84.33384704589844	
310.1138610839844	131.9828338623047	20.58098602294922	83.30548858642578	
310.66741943359375	133.3273468017578	20.019424438476562	83.95125579833984	
309.8023376464844	130.28781127929688	20.311479568481445	85.1664810180664	
310.3341369628906	129.08688354492188	19.727962493896484	85.73184967041016	
309.7747497558594	129.98512268066406	19.671323776245117	85.93377685546875	
309.32373046875	127.81697845458984	20.831769943237305	86.4162826538086	
308.40325927734375	130.1002960205078	21.30824851989746	85.66273498535156	
308.34161376953125	132.1317901611328	21.482112884521484	83.65766906738281	
308.08404541015625	132.30979919433594	21.779251098632812	82.60948181152344	
306.93585205078125	131.19509887695312	22.217056274414062	82.22654724121094	
306.91607666015625	134.8870391845703	21.8079776763916	79.97988891601562	
305.9786071777344	132.89743041992188	21.677425384521484	77.8043441772461	
305.9154357910156	132.90274047851562	22.195302963256836	81.22699737548828	
305.6356506347656	134.16268920898438	21.665950775146484	81.91561126708984	
305.471923828125	135.3000030517578	21.53802490234375	79.54658508300781	
305.79827880859375	137.50482177734375	21.27758026123047	79.54200744628906	
306.1912536621094	137.37767028808594	21.321834564208984	77.70088195800781	
306.0931091308594	135.1151885986328	20.914093017578125	78.66716003417969	
305.9632873535156	134.2936553955078	21.371517181396484	81.66319274902344	
305.2554626464844	133.7998809814453	20.709339141845703	80.88973236083984	
305.82208251953125	133.75198364257812	19.772815704345703	79.43902587890625	
305.49298095703125	133.43019104003906	20.111839294433594	80.20671844482422	
304.7708435058594	132.17442321777344	20.78561782836914	82.2899169921875	
305.4568176269531	135.88705444335938	20.216371536254883	79.43142700195312	
304.91204833984375	134.6319580078125	20.217819213867188	80.35161590576172	
304.748779296875	132.88714599609375	21.404876708984375	78.9063491821289	
301.98358154296875	129.91575622558594	23.088552474975586	82.27241516113281	
301.3982849121094	134.88034057617188	23.86399269104004	78.32616424560547	
299.26202392578125	133.6010284423828	24.034515380859375	77.66006469726562	
297.9161071777344	131.20631408691406	23.964927673339844	79.25920867919922	
297.95220947265625	131.4378662109375	23.428525924682617	78.58174133300781	
296.2212829589844	132.114013671875	24.085378646850586	79.29170989990234	
295.79803466796875	132.343505859375	22.97011375427246	79.2555923461914	
295.2425231933594	132.16610717773438	22.144760131835938	76.67508697509766	
293.7220153808594	132.82290649414062	22.470983505249023	79.22027587890625	
293.105712890625	133.37852478027344	22.391204833984375	78.46217346191406	
290.8359069824219	132.349853515625	22.908674240112305	77.74018859863281	
290.19732666015625	141.89373779296875	20.976152420043945	69.91853332519531	
287.93011474609375	138.96078491210938	20.707439422607422	67.40711975097656	
284.9640808105469	138.15420532226562	22.159666061401367	66.62625122070312	
282.87554931640625	137.5070343017578	21.73183822631836	68.59091186523438	
281.0444030761719	136.4581298828125	21.343870162963867	68.55809020996094	
278.466552734375	136.99388122558594	20.81009864807129	68.25984954833984	
275.28546142578125	138.66140747070312	20.64386749267578	67.9681396484375	
272.6442565917969	138.6770477294922	21.266271591186523	70.88050079345703	
269.678955078125	136.86610412597656	20.65974998474121	75.56793975830078	
264.5099182128906	133.34315490722656	20.87990379333496	75.46583557128906	
260.8837890625	132.79739379882812	21.013757705688477	72.85029602050781	
263.180419921875	142.42904663085938	21.551408767700195	66.59304809570312	
257.9440002441406	139.83004760742188	20.977493286132812	64.23966217041016	
254.0780792236328	136.8992156982422	20.74129867553711	65.29197692871094	
250.38436889648438	136.39340209960938	21.54866600036621	68.27812194824219	
246.3480987548828	133.70652770996094	22.063907623291016	74.4135971069336	
244.9350128173828	136.91226196289062	21.220970153808594	75.6253662109375	
242.1040496826172	136.22360229492188	21.78404426574707	79.58802795410156	
238.7941436767578	139.68209838867188	22.830730438232422	77.154296875	
234.71142578125	138.85809326171875	22.360809326171875	69.07778930664062	
231.4922637939453	135.96258544921875	22.82736587524414	73.02749633789062	
229.4671173095703	134.60214233398438	21.675081253051758	73.13356018066406	
227.01547241210938	137.40618896484375	20.551891326904297	69.27103424072266	
223.2626190185547	136.2659454345703	20.438215255737305	71.07177734375	
218.64199829101562	137.12734985351562	21.98751449584961	72.92413330078125	
216.0629425048828	137.21145629882812	22.82663345336914	73.83887481689453	
213.67074584960938	132.98593139648438	20.98967933654785	83.1698226928711	
210.03555297851562	137.07247924804688	20.505285263061523	78.00273132324219	
209.7106475830078	142.30709838867188	19.88946533203125	73.18624114990234	
204.41261291503906	140.6761474609375	23.266164779663086	71.97151184082031	
199.21665954589844	137.61041259765625	24.717178344726562	71.15945434570312	
193.52587890625	132.72438049316406	23.792827606201172	73.3280029296875	
187.62405395507812	134.17965698242188	25.006032943725586	71.09463500976562	
184.0955810546875	133.2916717529297	24.297748565673828	72.92132568359375	
181.5000457763672	135.38343811035156	23.4364070892334	74.96106719970703	
177.7248077392578	133.7546844482422	22.676799774169922	81.81820678710938	
175.86529541015625	133.20928955078125	23.295196533203125	86.99272155761719	
173.0623016357422	134.6934356689453	24.064380645751953	84.41841888427734	
169.8162841796875	135.68014526367188	23.66213035583496	78.80814361572266	
166.44053649902344	133.21441650390625	23.732769012451172	80.64903259277344	
163.8568115234375	134.33702087402344	23.489572525024414	77.17581176757812	
160.2292022705078	133.26927185058594	24.552915573120117	76.89100646972656	
155.9645233154297	135.31593322753906	25.19644546508789	75.07603454589844	
151.42581176757812	138.34999084472656	25.125484466552734	72.10990905761719	
150.68724060058594	137.53146362304688	24.914278030395508	73.3873519897461	
148.8994903564453	137.5688934326172	25.5546932220459	75.4272689819336	
145.82388305664062	134.00376892089844	26.065723419189453	78.96440124511719	
144.5491180419922	133.6616973876953	23.475120544433594	83.53074645996094	
142.5373992919922	139.0644073486328	23.953433990478516	80.22666931152344	
143.3819122314453	139.9510955810547	24.1107177734375	70.57252502441406	
142.56748962402344	139.235595703125	23.860103607177734	71.06051635742188	
140.2246856689453	139.85714721679688	23.50412940979004	70.84521484375	
140.0330047607422	140.49290466308594	23.395395278930664	69.59178161621094	
137.48574829101562	141.85179138183594	23.712472915649414	70.95948791503906	
136.11001586914062	142.5447540283203	23.772525787353516	71.87865447998047	
133.0303497314453	141.5087432861328	25.244285583496094	73.41570281982422	
136.24267578125	146.6249237060547	23.512094497680664	68.07359313964844	
136.83950805664062	145.33738708496094	23.164440155029297	68.5718765258789	
136.45388793945312	145.45152282714844	22.611913681030273	69.5933837890625	
138.7161407470703	146.06069946289062	21.965225219726562	67.342529296875	
140.45176696777344	145.23724365234375	21.847135543823242	69.06768798828125	
141.01864624023438	144.837890625	22.211837768554688	71.20980072021484	
134.76486206054688	142.29505920410156	24.821670532226562	70.31047821044922	
137.84080505371094	139.29632568359375	25.15125274658203	77.14109802246094	
141.67593383789062	142.26998901367188	24.195453643798828	77.76454162597656	
137.10958862304688	142.1873016357422	24.53278160095215	74.45832061767578	
141.6597900390625	140.6009063720703	24.329830169677734	78.6358413696289	
143.6634521484375	136.79248046875	25.690460205078125	82.17864990234375	
146.5403594970703	140.8070526123047	23.776418685913086	77.3357162475586	
147.32290649414062	141.3019256591797	24.123483657836914	77.31256866455078	
149.18429565429688	144.93038940429688	24.071395874023438	72.55387878417969	
149.63243103027344	143.4468536376953	24.683887481689453	70.96669006347656	
152.4518280029297	140.5430145263672	25.211448669433594	71.8569107055664	
155.3257293701172	141.14810180664062	24.69873046875	74.69009399414062	
156.88259887695312	138.52491760253906	24.93535804748535	79.86260986328125	
159.0322265625	135.4205322265625	26.633556365966797	81.42251586914062	
162.0985565185547	140.44540405273438	25.47097396850586	78.68794250488281	
166.4617156982422	138.64340209960938	25.143062591552734	79.18171691894531	
169.9347686767578	138.31512451171875	23.94892120361328	80.72077941894531	
172.78143310546875	137.38668823242188	25.183887481689453	79.73554229736328	
176.14364624023438	138.2283172607422	24.206417083740234	81.84813690185547	
177.9844207763672	129.24267578125	23.95591163635254	90.15570068359375	
180.6849822998047	129.1206512451172	24.25799560546875	88.26641082763672	
182.6697235107422	128.5435333251953	24.872386932373047	87.86712646484375	
184.9939727783203	129.31375122070312	26.088642120361328	88.2331314086914	
188.02711486816406	129.8096160888672	26.241104125976562	87.56474304199219	
191.4093780517578	131.1258544921875	26.632944107055664	89.42793273925781	
196.27635192871094	129.50595092773438	25.634668350219727	90.66214752197266	
198.74697875976562	132.31568908691406	25.690093994140625	89.03974151611328	
202.31622314453125	129.89370727539062	24.349811553955078	89.35389709472656	
205.47213745117188	137.66209411621094	24.94108772277832	79.13697814941406	
208.7920379638672	139.33432006835938	25.3035945892334	75.21305847167969	
210.95602416992188	136.08192443847656	26.6575927734375	80.05403137207031	
215.97445678710938	134.94082641601562	27.102258682250977	82.43030548095703	
217.5674591064453	130.38577270507812	27.23373794555664	90.81332397460938	
220.8332061767578	130.25729370117188	27.646442413330078	86.99470520019531	
222.81484985351562	128.7239532470703	27.022663116455078	89.50455474853516	
228.506591796875	131.81663513183594	26.205078125	92.87330627441406	
232.02236938476562	131.41378784179688	25.596298217773438	93.07180786132812	
235.52944946289062	130.99790954589844	25.00330924987793	96.07291412353516	
238.93899536132812	136.54409790039062	24.579824447631836	85.1410903930664	
240.88723754882812	134.39120483398438	23.226890563964844	84.1811294555664	
244.5764617919922	132.67800903320312	22.48404312133789	83.0391616821289	
247.82431030273438	130.2088623046875	22.778091430664062	88.9020767211914	
249.633056640625	131.77645874023438	23.065593719482422	85.93329620361328	
253.96435546875	134.9967041015625	23.06487274169922	83.90071868896484	
257.0058288574219	136.78506469726562	23.81751251220703	82.9415512084961	
259.932373046875	138.89419555664062	24.90092658996582	78.51911926269531	
262.7411193847656	137.40675354003906	25.697595596313477	78.20164489746094	
265.77667236328125	137.23779296875	23.944599151611328	77.22904968261719	
269.5068359375	133.90631103515625	24.57069969177246	81.85508728027344	
272.73046875	132.1107940673828	25.587430953979492	86.4349136352539	
275.1861267089844	131.9305419921875	26.11581802368164	87.29349517822266	
276.8970642089844	133.8731689453125	25.730609893798828	85.02249145507812	
281.17523193359375	132.59329223632812	25.29961585998535	87.6543197631836	
285.36236572265625	132.63609313964844	23.883352279663086	90.53245544433594	
289.12200927734375	138.2480010986328	22.62587547302246	91.12269592285156	
291.28118896484375	131.57760620117188	22.424259185791016	92.80412292480469	
294.1434631347656	125.87454986572266	24.178524017333984	94.18306732177734	
297.3446350097656	127.10955810546875	24.286090850830078	93.16700744628906	
298.5147705078125	128.80209350585938	22.952911376953125	93.4251708984375	
298.8502502441406	128.95814514160156	25.03854751586914	88.35420227050781	
303.154052734375	128.2069854736328	24.143310546875	87.95872497558594	
306.19110107421875	128.78195190429688	24.761991500854492	88.64790344238281	
310.89288330078125	133.67271423339844	25.07914161682129	88.61192321777344	
311.89361572265625	135.29119873046875	25.74529457092285	86.86152648925781	
315.511474609375	135.60400390625	24.686870574951172	86.1788330078125	
317.87908935546875	136.29042053222656	25.93655014038086	85.3350601196289	
319.87408447265625	135.62332153320312	25.589519500732422	88.3194808959961	
321.20843505859375	134.31292724609375	24.53853988647461	85.31766510009766	
321.5829162597656	135.17721557617188	25.128555297851562	82.79113006591797	
321.59490966796875	132.21063232421875	24.689594268798828	84.93281555175781	
322.3672180175781	133.8972930908203	24.68678855895996	83.34941101074219	
323.85723876953125	132.2900848388672	24.6507511138916	84.31700134277344	
322.81878662109375	133.1758575439453	25.35845184326172	86.01387023925781	
324.6902770996094	133.49050903320312	25.811269760131836	88.1222152709961	
326.51568603515625	135.30751037597656	24.136627197265625	85.31758880615234	
325.5135192871094	135.0222625732422	24.928241729736328	86.19380187988281	
326.2745056152344	133.9069061279297	24.870962142944336	91.25726318359375	
325.92108154296875	132.4188690185547	24.831396102905273	91.16488647460938	
326.03155517578125	134.50839233398438	25.01583480834961	89.8609390258789	
326.95294189453125	133.71115112304688	24.13615608215332	89.55763244628906	
326.859375	135.3706817626953	23.595304489135742	87.49718475341797	
325.47503662109375	134.6435546875	24.806713104248047	87.21229553222656	
326.03863525390625	137.14102172851562	24.634119033813477	87.2566146850586	
325.6114501953125	136.59263610839844	25.086267471313477	85.82756042480469	
325.2106628417969	136.61871337890625	25.070491790771484	86.44290924072266	
324.76995849609375	136.85946655273438	23.514352798461914	83.99372863769531	
324.83233642578125	136.60531616210938	23.305702209472656	81.10037994384766	
324.5780944824219	138.956298828125	22.797651290893555	76.53410339355469	
324.2982482910156	139.214599609375	22.151012420654297	73.84893035888672	
324.32647705078125	139.077880859375	20.76358985900879	73.722412109375	
324.87139892578125	139.40994262695312	19.646276473999023	73.7385482788086	
323.61798095703125	141.14852905273438	19.472293853759766	73.77348327636719	
322.2508239746094	140.47882080078125	19.712421417236328	72.74659729003906	
321.51312255859375	138.06443786621094	20.987031936645508	74.00122833251953	
319.7562561035156	139.7060546875	20.867904663085938	71.53355407714844	
319.46832275390625	138.42828369140625	20.377185821533203	71.9615707397461	
318.6475830078125	133.74661254882812	20.020132064819336	77.44963073730469	
315.92022705078125	135.22593688964844	20.821247100830078	72.06031036376953	
313.2220153808594	134.73562622070312	21.769390106201172	69.97023010253906	
312.50201416015625	139.27703857421875	22.837764739990234	70.33998107910156	
307.21728515625	143.7988739013672	22.692838668823242	68.07853698730469	
309.404541015625	132.504638671875	23.179458618164062	77.4658432006836	
309.71563720703125	134.65310668945312	24.21430015563965	74.80378723144531	
312.13525390625	135.76290893554688	23.68602180480957	76.9329605102539	
312.4231262207031	134.5209503173828	24.855709075927734	80.75736999511719	
316.2950134277344	130.3834686279297	23.826391220092773	77.7959213256836	
317.0124206542969	128.78231811523438	23.787235260009766	74.32664489746094	
318.03302001953125	127.61674499511719	24.003061294555664	75.32447814941406	
319.5860595703125	128.8729248046875	22.317716598510742	76.72897338867188	
321.1629333496094	131.7726287841797	22.70262336730957	78.84031677246094	
322.5431213378906	130.1489715576172	22.216312408447266	86.17071533203125	
325.07305908203125	131.2341766357422	21.416378021240234	86.14622497558594	
325.2627868652344	130.21043395996094	20.2952880859375	82.62835693359375	
325.78656005859375	130.85369873046875	21.001205444335938	81.36811828613281	
326.0403747558594	132.63424682617188	22.30100440979004	81.01241302490234	
329.67401123046875	136.9050750732422	22.109037399291992	79.70760345458984	
330.2350158691406	135.57025146484375	22.27698516845703	81.23021697998047	
331.5340576171875	140.15252685546875	22.860809326171875	76.26679992675781	
332.9053649902344	141.125	22.468278884887695	74.36589050292969	
333.14569091796875	136.808349609375	21.648418426513672	77.4688949584961	
332.8809814453125	135.24880981445312	21.484424591064453	78.10699462890625	
333.44500732421875	134.76011657714844	21.2298526763916	81.07073211669922	
335.0762634277344	139.40658569335938	21.710500717163086	78.40681457519531	
336.8638610839844	144.32492065429688	22.37653160095215	72.85829162597656	
336.5378112792969	144.87167358398438	19.74802017211914	69.72956848144531	
335.5021057128906	143.04672241210938	20.289867401123047	69.3880615234375	
334.8345642089844	137.47073364257812	21.114578247070312	73.14022064208984	
334.3346252441406	133.8150634765625	21.304752349853516	77.03068542480469	
334.9813537597656	132.27691650390625	20.879322052001953	78.557861328125	
334.4600524902344	134.69830322265625	20.586328506469727	78.79176330566406	
334.46417236328125	133.57699584960938	20.939632415771484	80.57611083984375	
333.6752624511719	133.19882202148438	21.22544288635254	81.80400085449219	
333.0846252441406	137.7566680908203	21.608779907226562	78.32647705078125	
332.87371826171875	136.8419647216797	21.164175033569336	77.83247375488281	
333.0380859375	137.4270782470703	21.505657196044922	77.33753967285156	
332.4078063964844	134.90261840820312	21.076833724975586	79.12852478027344	
332.7129211425781	136.43482971191406	20.68585777282715	81.70069122314453	
332.42852783203125	135.62486267089844	21.02156639099121	80.018798828125	
332.4604797363281	135.81423950195312	20.843664169311523	78.85408782958984	
332.38006591796875	133.96096801757812	21.399160385131836	79.84124755859375	
330.81036376953125	130.96466064453125	21.845903396606445	80.2607192993164	
330.04779052734375	127.61430358886719	21.980533599853516	80.23173522949219	
330.51458740234375	129.29310607910156	21.125728607177734	78.3704605102539	
328.7655334472656	128.94459533691406	21.696680068969727	78.8423843383789	
329.4881286621094	128.37228393554688	20.3037166595459	78.2807846069336	
327.2071838378906	128.5122528076172	21.357234954833984	79.78456115722656	
326.7778625488281	128.37619018554688	23.003459930419922	80.22257232666016	
326.23382568359375	130.87521362304688	22.598478317260742	78.49335479736328	
325.6924743652344	131.02255249023438	22.227771759033203	79.1750717163086	
325.5654602050781	136.1331024169922	21.889251708984375	74.6946792602539	
325.25640869140625	137.20242309570312	22.607662200927734	75.48173522949219	
325.0042419433594	135.46263122558594	22.082483291625977	75.11631774902344	
325.8631896972656	133.943115234375	21.69704818725586	76.38105773925781	
326.93743896484375	136.10841369628906	19.940980911254883	74.5475082397461	
327.19439697265625	136.78538513183594	18.835763931274414	74.22643280029297	
326.9306945800781	131.6695098876953	18.955081939697266	82.05791473388672	
327.47845458984375	129.90748596191406	19.206249237060547	82.20619201660156	
327.33563232421875	132.8817901611328	18.785377502441406	81.80062866210938	
327.191162109375	132.7661895751953	20.0939884185791	81.10689544677734	
327.34344482421875	136.82846069335938	19.4310245513916	75.30170440673828	
327.27410888671875	139.630126953125	19.084156036376953	73.38063049316406	
327.57794189453125	136.5140838623047	19.859201431274414	76.76920318603516	
327.02301025390625	136.7001953125	19.38478660583496	76.9400634765625	
326.76287841796875	138.29014587402344	18.941375732421875	72.88288879394531	
327.78662109375	138.43923950195312	18.381961822509766	72.96888732910156	
327.4048767089844	136.48550415039062	19.36086654663086	75.6756820678711	
327.65325927734375	138.18704223632812	19.074726104736328	74.64751434326172	
327.4451904296875	138.6993865966797	19.581802368164062	74.61321258544922	
326.6673889160156	136.79788208007812	20.1317081451416	75.98747253417969	
326.0318603515625	136.87411499023438	19.480674743652344	75.79874420166016	
326.680908203125	137.3058319091797	19.046655654907227	75.64167785644531	
325.9843444824219	135.16970825195312	19.233606338500977	77.61088562011719	
325.7895202636719	140.26852416992188	18.80867576599121	71.96916198730469	
325.41241455078125	140.07379150390625	19.922611236572266	71.8731460571289	
325.2005310058594	141.10964965820312	20.246273040771484	70.4062271118164	
324.41204833984375	139.06967163085938	20.964689254760742	72.72645568847656	
322.49053955078125	137.0697021484375	21.128856658935547	73.94880676269531	
321.15155029296875	134.17959594726562	21.030338287353516	77.95831298828125	
321.0506591796875	134.48974609375	21.30143928527832	77.89887237548828	
320.52911376953125	134.15623474121094	21.92348861694336	78.44087219238281	
319.39764404296875	135.56948852539062	21.780879974365234	78.44184875488281	
317.5994873046875	135.45562744140625	22.343259811401367	79.34632873535156	
316.9752197265625	133.8415069580078	22.18683624267578	81.27436828613281	
316.8717346191406	135.77981567382812	21.8596134185791	79.17674255371094	
316.0996398925781	131.5539093017578	21.722110748291016	82.01304626464844	
315.27545166015625	133.7138214111328	21.37514305114746	80.57206726074219	
314.94000244140625	128.67282104492188	22.16109848022461	81.26873016357422	
314.49285888671875	131.52462768554688	21.927148818969727	76.28965759277344	
313.54449462890625	129.08694458007812	22.14772605895996	75.33299255371094	
313.5328674316406	131.88504028320312	21.1955623626709	72.04905700683594	
313.77081298828125	139.06961059570312	19.811168670654297	64.0272216796875	
313.73919677734375	142.39651489257812	20.24075698852539	61.5172119140625	
313.65716552734375	144.04908752441406	20.495956420898438	60.199790954589844	
312.90753173828125	144.5635223388672	19.154552459716797	62.9686164855957	
312.90234375	146.2364959716797	19.05716323852539	61.79902267456055	
313.30975341796875	142.32272338867188	20.40308952331543	63.374534606933594	
313.4897155761719	141.3236541748047	20.814983367919922	65.95223236083984	
314.0952453613281	139.6726837158203	20.732532501220703	67.54283142089844	
314.8988037109375	139.89743041992188	20.056262969970703	68.05145263671875	
314.96063232421875	138.6574249267578	19.299020767211914	69.39986419677734	
315.07550048828125	137.71914672851562	19.638864517211914	70.3978042602539	
315.7198181152344	137.78724670410156	19.968730926513672	70.60330963134766	
316.0205993652344	138.54617309570312	20.1737060546875	68.79287719726562	
315.8027038574219	138.8986358642578	21.010046005249023	64.67323303222656	
314.41937255859375	136.79310607910156	23.349925994873047	68.9711685180664	
315.8017883300781	138.48422241210938	23.21950912475586	68.97239685058594	
315.76397705078125	137.63290405273438	22.82476806640625	70.93621826171875	
314.29278564453125	137.57894897460938	23.2861385345459	68.84049987792969	
315.07916259765625	138.6422119140625	24.15113639831543	67.50092315673828	
315.50933837890625	140.7347412109375	23.280025482177734	64.53465270996094	
314.3080139160156	137.02084350585938	24.1196346282959	70.09922790527344	
313.7367248535156	135.21353149414062	23.69499397277832	73.61575317382812	
314.5682678222656	136.03842163085938	22.404895782470703	72.89271545410156	
314.86846923828125	134.2743377685547	21.65410041809082	77.62283325195312	
315.53857421875	134.157470703125	22.112751007080078	79.0162124633789	
315.14013671875	136.35816955566406	21.69658088684082	76.2567138671875	
315.0183410644531	137.29776000976562	21.220722198486328	73.40190124511719	
314.68182373046875	136.00369262695312	19.971223831176758	75.17924499511719	
314.29022216796875	136.67674255371094	20.196720123291016	73.64170837402344	
314.45892333984375	135.3123779296875	19.592195510864258	73.13319396972656	
314.8169860839844	136.6063995361328	18.668928146362305	70.66452026367188	
314.0523376464844	136.30746459960938	18.217205047607422	69.50755310058594	
314.1273498535156	137.4738006591797	18.863880157470703	69.1304931640625	
314.02105712890625	136.4992218017578	18.291650772094727	69.41496276855469	
313.7137451171875	136.16209411621094	18.80414390563965	69.56217956542969	
314.15289306640625	138.14288330078125	18.200733184814453	65.99259948730469	
314.61553955078125	137.39837646484375	17.969463348388672	67.56065368652344	
314.2188415527344	136.92202758789062	18.532550811767578	70.11433410644531	
313.62713623046875	134.89035034179688	20.24538230895996	71.02767181396484	
314.4149475097656	134.88621520996094	19.097736358642578	72.75086975097656	
314.27398681640625	134.9908905029297	20.478572845458984	73.2896499633789	
313.55963134765625	132.40960693359375	21.053388595581055	76.2397232055664	
314.48626708984375	134.1161651611328	20.620840072631836	77.7684326171875	
315.0260925292969	135.33847045898438	20.581064224243164	72.93595123291016	
314.53192138671875	134.74234008789062	21.158124923706055	77.36898040771484	
314.7945861816406	137.09530639648438	20.713403701782227	77.6668472290039	
315.215087890625	136.1885223388672	20.556819915771484	80.03878021240234	
315.14154052734375	136.06393432617188	21.008426666259766	78.58126831054688	
314.75872802734375	135.03538513183594	21.01382827758789	78.69064331054688	
314.84100341796875	136.3470001220703	21.145732879638672	75.87908935546875	
314.55670166015625	134.0786895751953	20.65022087097168	75.46747589111328	
313.609130859375	131.24972534179688	21.182035446166992	78.0383529663086	
314.1041259765625	130.07191467285156	20.784326553344727	76.42870330810547	
311.76263427734375	127.84344482421875	21.678287506103516	79.46147155761719	
310.9258728027344	131.6623077392578	21.707544326782227	77.5012435913086	
311.3923034667969	130.45138549804688	20.562179565429688	75.30594635009766	
310.17791748046875	134.4697265625	20.875673294067383	71.40201568603516	
309.65997314453125	131.05859375	21.84818458557129	75.18926239013672	
309.3337707519531	132.67788696289062	21.586200714111328	73.02021789550781	
309.40289306640625	136.2615966796875	20.720809936523438	71.52897644042969	
308.76251220703125	135.35653686523438	20.791702270507812	75.1445541381836	
309.6559143066406	135.82290649414062	20.4625301361084	72.24513244628906	
309.5730895996094	135.7015380859375	19.66702651977539	74.31781005859375	
309.1744079589844	137.00404357910156	19.200279235839844	73.7030258178711	
309.6034240722656	135.17369079589844	18.489505767822266	74.23243713378906	
308.33526611328125	131.89486694335938	20.2590274810791	79.82171630859375	
309.86541748046875	135.54348754882812	19.38263511657715	75.53587341308594	
309.3770446777344	137.55844116210938	20.126293182373047	73.33297729492188	
308.7220153808594	136.9113006591797	19.749286651611328	74.68553924560547	
308.0546875	137.55517578125	20.04442024230957	73.86971282958984	
308.521484375	137.1831512451172	19.81723976135254	74.66187286376953	
308.6383972167969	137.44723510742188	19.5200252532959	74.18370819091797	
308.2590637207031	135.60488891601562	19.72970962524414	75.034912109375	
308.9101867675781	138.3357696533203	19.28786849975586	72.00294494628906	
309.1609802246094	138.7261962890625	18.987197875976562	71.48309326171875	
309.6196594238281	138.1923370361328	19.247848510742188	70.6524658203125	
308.9888000488281	138.2077178955078	19.91293716430664	71.804443359375	
308.74786376953125	137.2005615234375	19.987506866455078	74.76126098632812	
308.3979797363281	134.28280639648438	20.389833450317383	77.07423400878906	
308.55316162109375	134.8952178955078	20.189001083374023	76.48731994628906	
308.63287353515625	136.21810913085938	20.002735137939453	75.36039733886719	
308.6199645996094	134.3395233154297	20.351871490478516	75.2996597290039	
308.95587158203125	134.7439727783203	20.12816619873047	76.45491027832031	
309.4851379394531	136.6577911376953	19.958072662353516	73.95562744140625	
309.7054748535156	134.6538848876953	20.648202896118164	75.01209259033203	
309.26837158203125	134.9398956298828	20.255023956298828	75.51344299316406	
310.3515319824219	135.0572509765625	19.645845413208008	75.31480407714844	
310.04083251953125	136.95968627929688	20.133350372314453	75.53821563720703	
311.3578796386719	136.7080078125	19.94091033935547	74.22901153564453	
311.61981201171875	136.67276000976562	19.531423568725586	72.3456802368164	
311.42340087890625	136.33120727539062	20.562929153442383	72.18779754638672	
312.60137939453125	139.44625854492188	21.241619110107422	70.3218002319336	
314.04931640625	138.77354431152344	21.30972671508789	68.77420043945312	
312.82073974609375	137.1770477294922	20.604215621948242	69.01236724853516	
312.70367431640625	138.5534210205078	20.053428649902344	64.45213317871094	
314.21807861328125	138.78298950195312	20.193309783935547	62.067588806152344	
318.9534912109375	141.77108764648438	20.273788452148438	64.35835266113281	
322.3667297363281	140.50802612304688	17.259435653686523	63.75567626953125	
317.5517578125	140.4613494873047	21.27119255065918	62.65712356567383	
322.03814697265625	142.34353637695312	19.491464614868164	63.76958084106445	
324.01959228515625	140.31007385253906	20.007287979125977	66.65064239501953	
325.0586853027344	143.22219848632812	20.43746566772461	62.316131591796875	
324.21795654296875	139.9147186279297	21.11703872680664	68.20799255371094	
325.6907958984375	142.46571350097656	21.244680404663086	66.59720611572266	
327.189453125	145.64559936523438	20.959484100341797	61.5725212097168	
328.6798095703125	142.0727996826172	20.97712516784668	65.44007873535156	
330.26690673828125	143.36219787597656	20.807788848876953	63.02501678466797	
332.46533203125	142.21273803710938	20.091060638427734	63.1921501159668	
334.32586669921875	140.68911743164062	19.755615234375	65.27124786376953	
336.05792236328125	139.8009490966797	19.408916473388672	69.98135375976562	
337.37811279296875	139.94186401367188	20.284832000732422	70.0197982788086	
338.18743896484375	135.74710083007812	21.100351333618164	77.2618179321289	
339.1235656738281	134.7493133544922	22.345455169677734	77.16216278076172	
340.7829895019531	130.65432739257812	21.80970001220703	79.74198913574219	
341.02325439453125	131.67648315429688	21.329761505126953	79.35446166992188	
342.42388916015625	130.6588592529297	21.836904525756836	80.8558120727539	
343.68157958984375	131.88931274414062	22.121593475341797	76.52442169189453	
345.28631591796875	133.7117919921875	21.618305206298828	77.96849060058594	
346.715576171875	135.06649780273438	22.683439254760742	79.49528503417969	
347.3338317871094	136.90155029296875	22.914806365966797	77.71013641357422	
348.1092224121094	137.23162841796875	22.751697540283203	78.20489501953125	
347.32513427734375	135.36813354492188	23.969165802001953	79.17688751220703	
346.92022705078125	137.70596313476562	24.505290985107422	77.65263366699219	
348.1687927246094	141.60153198242188	23.855052947998047	74.2821273803711	
348.81036376953125	141.03900146484375	24.197917938232422	76.33921813964844	
348.275146484375	141.1400909423828	24.662302017211914	76.43989562988281	
349.19708251953125	141.28199768066406	23.58823013305664	76.21784210205078	
349.40740966796875	139.48486328125	23.18716812133789	78.74278259277344	
350.4089050292969	138.93605041503906	23.305866241455078	80.80735778808594	
350.315185546875	136.94546508789062	23.368885040283203	83.10826110839844	
349.85028076171875	136.53146362304688	23.082687377929688	81.79381561279297	
349.56988525390625	135.9199981689453	22.831100463867188	80.92282104492188	
348.5155029296875	136.03036499023438	23.547704696655273	85.2450942993164	
348.1851806640625	135.1393585205078	23.622146606445312	84.21299743652344	
348.3214416503906	132.53042602539062	23.107219696044922	88.72747039794922	
348.8193359375	131.2834014892578	23.657642364501953	90.1932144165039	
347.49700927734375	127.0492935180664	24.538097381591797	95.69230651855469	
346.88311767578125	128.49114990234375	23.776275634765625	94.21418762207031	
346.44586181640625	126.13572692871094	23.680904388427734	95.50077819824219	
345.2550964355469	124.99360656738281	22.833925247192383	93.92323303222656	
344.13775634765625	125.03377532958984	22.7069034576416	91.94227600097656	
343.6454162597656	127.35614013671875	22.7523250579834	87.85926818847656	
343.357421875	125.53819274902344	23.11166000366211	88.4629898071289	
341.63311767578125	122.34378814697266	23.60318374633789	91.67926025390625	
341.41943359375	126.15495300292969	22.877567291259766	89.45452117919922	
340.3621520996094	128.30551147460938	22.32942008972168	89.27963256835938	
340.61639404296875	131.97549438476562	21.81121063232422	86.4502182006836	
340.29827880859375	129.68478393554688	21.51105499267578	87.12117004394531	
339.2752380371094	129.51583862304688	22.261024475097656	87.8402328491211	
340.45086669921875	133.2154541015625	20.516389846801758	84.51034545898438	
340.7841491699219	134.06491088867188	20.521921157836914	85.52381896972656	
339.9267578125	124.3774185180664	21.82403564453125	92.92021179199219	
340.69061279296875	125.70479583740234	21.49086570739746	91.43521881103516	
339.58319091796875	127.9666976928711	21.565021514892578	91.34883880615234	
340.69012451171875	130.2467803955078	21.260684967041016	88.33138275146484	
339.01177978515625	134.05929565429688	22.880935668945312	85.98095703125	
339.34967041015625	131.33038330078125	22.13078498840332	87.2904052734375	
339.2645263671875	131.1757354736328	21.473079681396484	87.67422485351562	
339.8943176269531	131.7149658203125	22.158653259277344	86.19676208496094	
340.2249450683594	133.43443298339844	21.858200073242188	86.2795181274414	
341.1250915527344	130.73526000976562	21.289901733398438	89.62889099121094	
340.8036193847656	131.99819946289062	20.614675521850586	88.34244537353516	
340.8095397949219	130.88882446289062	20.83546257019043	89.44239044189453	
341.587890625	128.6414337158203	21.477947235107422	89.83010864257812	
341.5135803222656	127.54820251464844	21.124370574951172	90.68439483642578	
341.47991943359375	130.0613250732422	20.94245147705078	86.22252655029297	
340.89666748046875	128.71749877929688	21.88652801513672	90.8785400390625	
340.2239074707031	128.7341766357422	21.835891723632812	92.54366302490234	
340.921142578125	129.49020385742188	21.798198699951172	93.00570678710938	
340.6707458496094	130.22735595703125	21.007022857666016	89.95047760009766	
340.7106018066406	129.89659118652344	21.10676383972168	89.3768081665039	
341.1658630371094	131.85861206054688	20.62504768371582	87.42243194580078	
340.802001953125	131.83285522460938	20.610946655273438	86.11905670166016	
341.0597229003906	134.29971313476562	20.002777099609375	82.31919860839844	
341.4307556152344	133.5867919921875	20.085039138793945	82.61759948730469	
341.01287841796875	135.8521270751953	19.909381866455078	80.02549743652344	
341.5519714355469	136.22174072265625	20.478408813476562	78.00852966308594	
340.8437194824219	135.69422912597656	19.785924911499023	80.11376953125	
341.18133544921875	135.55270385742188	20.308652877807617	79.84481811523438	
340.1601257324219	134.1179656982422	20.782894134521484	83.66582489013672	
339.41339111328125	133.19737243652344	22.325632095336914	81.248046875	
338.27130126953125	133.72677612304688	22.163005828857422	81.30265045166016	
337.8329772949219	138.07920837402344	21.418758392333984	78.25202941894531	
336.8804016113281	140.49644470214844	21.21767807006836	75.62965393066406	
336.7218017578125	144.75709533691406	20.398273468017578	70.2527084350586	
336.3467712402344	143.9341278076172	20.379159927368164	71.46055603027344	
336.26556396484375	151.09483337402344	20.795841217041016	68.47640991210938	
334.3867492675781	146.0095977783203	21.457210540771484	72.30421447753906	
333.48126220703125	140.5582733154297	21.728282928466797	77.01959991455078	
331.49163818359375	141.0502166748047	22.741512298583984	75.23332977294922	
330.45245361328125	138.45285034179688	22.970684051513672	80.95905303955078	
327.8871154785156	133.8622283935547	23.678773880004883	86.5977783203125	
328.00421142578125	137.22964477539062	24.85719871520996	79.8770751953125	
325.84014892578125	137.15786743164062	25.75046157836914	80.5006103515625	
324.14923095703125	139.60281372070312	24.951812744140625	77.80986785888672	
322.05609130859375	142.77886962890625	24.6878662109375	74.33037567138672	
319.716796875	140.1898193359375	24.236927032470703	77.79994201660156	
315.53302001953125	133.81459045410156	25.615848541259766	91.08433532714844	
314.1419982910156	137.2862091064453	26.4886417388916	86.3465347290039	
313.6552734375	139.5346221923828	27.0773868560791	86.96174621582031	
310.6222229003906	138.17050170898438	26.47818374633789	87.76191711425781	
307.13214111328125	139.17945861816406	25.9917049407959	79.28511047363281	
305.8592834472656	136.9669647216797	24.210613250732422	83.62351989746094	
303.59356689453125	134.5502471923828	23.047183990478516	86.47410583496094	
300.0370178222656	138.83297729492188	22.743192672729492	79.27350616455078	
297.5189514160156	143.4795684814453	22.964359283447266	73.42189025878906	
294.11468505859375	140.53713989257812	25.238372802734375	79.06707763671875	
291.77044677734375	139.4778594970703	24.119647979736328	80.71980285644531	
289.8694763183594	141.35894775390625	24.10171127319336	78.4104232788086	
287.12139892578125	138.65318298339844	24.26272201538086	84.61648559570312	
284.0240783691406	138.78152465820312	25.77680015563965	82.43280029296875	
280.6575012207031	139.50660705566406	25.41155433654785	80.93025207519531	
274.51080322265625	135.19642639160156	27.061019897460938	80.90382385253906	
270.25946044921875	135.3173828125	27.320520401000977	78.96328735351562	
264.4342346191406	134.51388549804688	26.698284149169922	82.78401947021484	
260.65631103515625	133.0420684814453	26.04168128967285	88.1566162109375	
257.79522705078125	136.73440551757812	25.936819076538086	90.37646484375	
254.7313232421875	133.6685791015625	26.187280654907227	97.89320373535156	
252.88168334960938	134.00469970703125	27.652507781982422	97.75541687011719	
249.8243865966797	133.51889038085938	27.29803466796875	89.4470443725586	
245.5464324951172	133.23521423339844	27.565853118896484	87.873291015625	
242.9269561767578	131.8214111328125	26.242055892944336	87.19447326660156	
239.3897705078125	133.07725524902344	26.01199722290039	88.18550109863281	
235.8869171142578	134.456298828125	26.519245147705078	86.15042877197266	
230.308349609375	132.74913024902344	28.038467407226562	86.85579681396484	
226.86465454101562	137.59750366210938	29.503292083740234	86.95443725585938	
222.6305694580078	130.32212829589844	28.502300262451172	102.10643005371094	
221.3189697265625	131.26763916015625	27.371219635009766	100.80206298828125	
217.3110809326172	128.90737915039062	29.50697898864746	107.06971740722656	
215.5842742919922	128.34909057617188	27.894384384155273	111.09971618652344	
211.24160766601562	125.33299255371094	29.02480697631836	111.75959777832031	
210.0063934326172	129.698974609375	28.207042694091797	103.10272216796875	
205.61172485351562	130.58267211914062	27.623525619506836	100.05821228027344	
200.77976989746094	132.0718994140625	28.2333984375	99.900390625	
197.46665954589844	132.9225311279297	28.516002655029297	103.23558044433594	
193.3761444091797	131.1444549560547	29.09566879272461	110.41975402832031	
