481.0	165.0	15.0	9.0	
480.01043701171875	164.4208984375	14.442375183105469	9.19757080078125	
478.76849365234375	164.53602600097656	14.259295463562012	9.037811279296875	
478.2763671875	164.43540954589844	13.729181289672852	9.002099990844727	
477.1053771972656	164.40899658203125	14.267885208129883	8.865501403808594	
475.96826171875	164.63626098632812	14.243229866027832	8.36923599243164	
475.0953063964844	164.47044372558594	14.681421279907227	8.560502052307129	
474.0087890625	164.40940856933594	13.864845275878906	8.476381301879883	
472.79388427734375	164.00106811523438	14.28265380859375	9.105168342590332	
471.98895263671875	163.84536743164062	14.049321174621582	9.283731460571289	
471.07196044921875	164.1871795654297	14.537637710571289	8.741950988769531	
470.1722717285156	164.2977752685547	14.242777824401855	8.690367698669434	
469.28216552734375	164.1919708251953	14.033744812011719	8.708242416381836	
468.1236267089844	164.12741088867188	14.841364860534668	8.516977310180664	
467.14190673828125	164.01133728027344	14.297520637512207	8.690084457397461	
466.37860107421875	163.9255828857422	13.913533210754395	8.746627807617188	
465.3170471191406	163.7874298095703	14.447990417480469	8.838079452514648	
464.3993225097656	163.81553649902344	13.574958801269531	8.46968936920166	
463.4801330566406	163.94357299804688	14.45244312286377	8.566690444946289	
462.24359130859375	163.6668243408203	14.145421981811523	8.650497436523438	
461.63812255859375	163.46719360351562	14.082864761352539	8.926231384277344	
460.6307678222656	163.45204162597656	13.7374849319458	8.725381851196289	
459.34478759765625	163.00376892089844	14.125819206237793	9.200113296508789	
458.70709228515625	163.50115966796875	14.233233451843262	8.567970275878906	
457.84417724609375	163.60528564453125	13.52904224395752	8.35809326171875	
456.56292724609375	163.22842407226562	14.10498332977295	8.78260326385498	
455.60589599609375	163.36219787597656	14.521966934204102	8.446985244750977	
454.5166015625	163.58657836914062	13.979657173156738	8.375109672546387	
453.7815856933594	162.77603149414062	13.872442245483398	9.002912521362305	
452.80828857421875	163.18585205078125	13.913003921508789	8.884967803955078	
452.4815368652344	163.20663452148438	12.459646224975586	8.543092727661133	
451.3121643066406	162.90774536132812	13.170829772949219	8.860918045043945	
450.52099609375	162.80709838867188	12.919894218444824	8.780431747436523	
449.8760681152344	162.9718475341797	12.702350616455078	8.539860725402832	
449.0332946777344	163.32687377929688	12.590100288391113	8.074081420898438	
448.49237060546875	162.85739135742188	11.767438888549805	8.403543472290039	
447.1763610839844	163.06646728515625	12.722676277160645	8.051115036010742	
446.58013916015625	162.8118438720703	12.31580924987793	8.230123519897461	
445.359130859375	162.74827575683594	12.756866455078125	8.295108795166016	
444.88885498046875	162.5412139892578	12.44416332244873	8.320023536682129	
443.70526123046875	162.1154022216797	12.58475399017334	8.8256196975708	
443.34661865234375	162.41627502441406	11.819931030273438	8.133012771606445	
442.55615234375	162.25852966308594	11.345818519592285	8.391325950622559	
442.1746520996094	162.57102966308594	10.980607986450195	7.865969181060791	
441.40008544921875	162.53952026367188	10.8599214553833	7.884432792663574	
440.61541748046875	162.25387573242188	10.606093406677246	8.245023727416992	
440.1504821777344	162.4266815185547	10.086541175842285	8.026341438293457	
439.27545166015625	162.1591033935547	10.77338695526123	8.219624519348145	
438.82318115234375	162.46792602539062	10.708427429199219	7.558013916015625	
437.96893310546875	162.0540771484375	10.697084426879883	7.988059043884277	
437.77606201171875	162.2967529296875	10.454333305358887	7.470850467681885	
436.9944763183594	161.82394409179688	10.596613883972168	7.93569278717041	
437.2539978027344	162.15713500976562	10.066325187683105	7.270979881286621	
436.19854736328125	162.2052001953125	10.617594718933105	7.039746284484863	
435.883544921875	161.75909423828125	10.114096641540527	7.415441036224365	
435.065673828125	161.72427368164062	10.278190612792969	7.406991481781006	
434.567138671875	161.7720947265625	10.187723159790039	7.292810916900635	
433.88653564453125	161.52499389648438	10.227848052978516	7.4493536949157715	
434.002685546875	161.3950653076172	9.797248840332031	7.491508483886719	
433.6044006347656	161.17971801757812	10.000814437866211	7.35449743270874	
433.16119384765625	161.17306518554688	9.939840316772461	7.0376763343811035	
432.6034240722656	160.78524780273438	9.860746383666992	7.599673271179199	
431.9893493652344	160.71388244628906	10.068258285522461	7.5734992027282715	
431.4227600097656	160.81710815429688	10.49732494354248	7.070796012878418	
431.1531677246094	160.7525634765625	10.289186477661133	7.118866920471191	
430.5306701660156	160.61184692382812	10.623997688293457	7.059010982513428	
430.051513671875	160.34353637695312	10.58042049407959	6.877417087554932	
429.43890380859375	159.9720916748047	11.249245643615723	7.127179145812988	
428.9805603027344	159.6705322265625	11.12636947631836	7.357804775238037	
428.59906005859375	159.86431884765625	10.695237159729004	7.0705718994140625	
427.933349609375	159.16644287109375	10.8075532913208	7.895633697509766	
427.5909729003906	159.19406127929688	10.592412948608398	7.375548362731934	
427.22283935546875	158.90304565429688	10.958415985107422	7.609358310699463	
427.027587890625	159.41322326660156	10.515642166137695	6.723494529724121	
426.5638122558594	158.59140014648438	10.117349624633789	7.466191291809082	
426.260986328125	158.67636108398438	10.164496421813965	7.558999538421631	
425.59912109375	158.74838256835938	10.439477920532227	7.262911319732666	
424.7450256347656	158.52273559570312	10.587323188781738	7.305615425109863	
424.4161682128906	158.11660766601562	10.593245506286621	7.499665260314941	
424.3436584472656	157.85928344726562	10.499448776245117	7.54012393951416	
424.0809020996094	157.73117065429688	10.599954605102539	7.296821594238281	
423.45745849609375	157.76797485351562	10.775799751281738	7.346576690673828	
422.9757385253906	157.86697387695312	10.719968795776367	7.010838508605957	
422.7144470214844	157.71994018554688	10.373476028442383	7.286774635314941	
422.718505859375	157.68460083007812	10.143362998962402	7.16558837890625	
422.2720642089844	156.98095703125	10.395800590515137	7.628120422363281	
422.06695556640625	157.28213500976562	10.067846298217773	7.0345306396484375	
421.4544982910156	157.04905700683594	9.85455322265625	7.349526405334473	
420.76226806640625	157.142333984375	10.639309883117676	7.0715742111206055	
420.27801513671875	156.5831756591797	10.621374130249023	7.363396644592285	
419.9849548339844	156.31288146972656	10.281103134155273	7.645333290100098	
419.79608154296875	156.4823455810547	10.163751602172852	7.465249538421631	
419.16876220703125	155.86744689941406	10.869202613830566	7.739830017089844	
419.04864501953125	156.09963989257812	10.345132827758789	7.246022701263428	
418.42230224609375	155.94190979003906	11.181981086730957	7.259136199951172	
418.15802001953125	155.87191772460938	10.675223350524902	7.248082637786865	
417.6996154785156	155.72952270507812	10.643239974975586	7.48897647857666	
417.580322265625	156.2351837158203	10.236090660095215	6.847499847412109	
417.3963928222656	155.70236206054688	10.376593589782715	7.212762355804443	
416.91058349609375	155.55357360839844	10.950139045715332	6.84869909286499	
416.67474365234375	155.12667846679688	10.368800163269043	7.4015655517578125	
416.3707580566406	155.05880737304688	10.52916145324707	7.156693458557129	
416.1395568847656	154.94021606445312	10.183674812316895	7.298352241516113	
415.6709899902344	154.45675659179688	10.504077911376953	7.952156066894531	
415.139892578125	154.80014038085938	10.25837230682373	7.2591376304626465	
415.1646423339844	154.40817260742188	10.105352401733398	7.684976100921631	
415.11834716796875	154.39315795898438	10.063804626464844	7.414248466491699	
414.6484375	154.49632263183594	10.281021118164062	6.801509857177734	
414.02490234375	153.98403930664062	10.529359817504883	7.626543998718262	
413.8384704589844	153.98196411132812	10.63564395904541	7.427369594573975	
413.537353515625	153.8743438720703	10.079330444335938	7.19025182723999	
413.14581298828125	153.0709228515625	10.13656234741211	7.947454929351807	
413.22509765625	153.5486602783203	9.776288032531738	7.090671539306641	
412.6768493652344	153.22650146484375	10.195833206176758	7.21466064453125	
412.3216857910156	152.7794189453125	10.181978225708008	7.587709903717041	
412.1498107910156	153.19052124023438	9.815030097961426	7.170480251312256	
411.7384338378906	152.8983917236328	10.089761734008789	7.351204872131348	
411.5379333496094	152.854248046875	9.840397834777832	7.196019172668457	
411.06585693359375	152.65335083007812	10.142294883728027	7.447497367858887	
410.95977783203125	152.27017211914062	10.082281112670898	7.515219211578369	
410.90338134765625	152.79141235351562	10.044145584106445	6.655269622802734	
410.26116943359375	152.32199096679688	10.323639869689941	6.988905906677246	
410.0125427246094	152.45919799804688	10.167791366577148	6.7248215675354	
409.75079345703125	151.9683074951172	10.1181058883667	7.556004524230957	
409.6971740722656	152.20944213867188	9.803433418273926	6.9456329345703125	
409.44586181640625	152.00808715820312	9.719749450683594	6.7906341552734375	
409.20098876953125	151.73251342773438	9.83965015411377	7.103304862976074	
409.190673828125	151.90725708007812	9.878395080566406	6.80786657333374	
408.7998962402344	151.3732147216797	9.838157653808594	7.272345066070557	
408.59185791015625	151.3686981201172	9.817139625549316	7.095410346984863	
408.3315734863281	151.45654296875	9.689046859741211	6.878138542175293	
408.076904296875	151.1712646484375	9.70429515838623	7.02541971206665	
408.20880126953125	151.15087890625	9.338709831237793	6.522874355316162	
407.90777587890625	150.6546630859375	9.41336441040039	6.986476898193359	
407.5154724121094	150.56912231445312	9.499361991882324	7.103186130523682	
407.18731689453125	150.4982147216797	9.558732032775879	7.0878753662109375	
406.84661865234375	150.5535888671875	9.758964538574219	6.725072383880615	
406.88067626953125	150.37728881835938	9.227144241333008	6.941646575927734	
406.87103271484375	150.2642059326172	9.20585823059082	6.89847469329834	
406.59649658203125	150.13885498046875	9.117164611816406	6.6657609939575195	
406.38677978515625	150.55532836914062	8.643003463745117	6.219247341156006	
406.2745361328125	150.29884338378906	8.654443740844727	6.365911483764648	
405.82025146484375	149.68734741210938	9.117464065551758	7.023143768310547	
405.48638916015625	149.89419555664062	9.19170093536377	6.561903953552246	
405.45318603515625	149.77162170410156	9.24890422821045	6.682816982269287	
404.92108154296875	149.3686981201172	9.889342308044434	6.902608394622803	
404.8856506347656	149.3826141357422	8.907350540161133	6.382711410522461	
404.47833251953125	148.96969604492188	9.86499309539795	6.737102508544922	
404.408203125	149.14027404785156	9.911111831665039	6.857367038726807	
404.052978515625	149.0029754638672	9.282758712768555	6.755018711090088	
403.8908996582031	148.67691040039062	9.383054733276367	6.966830253601074	
403.71478271484375	148.4243621826172	9.248311996459961	7.094747066497803	
403.4169616699219	148.8589630126953	9.57619857788086	6.196037292480469	
402.987060546875	148.44052124023438	9.26245403289795	6.595091819763184	
402.85394287109375	148.18795776367188	9.229856491088867	6.732180595397949	
402.3477478027344	147.74972534179688	9.607913970947266	7.334676265716553	
401.93768310546875	147.68069458007812	9.33867359161377	6.941611289978027	
401.6463928222656	147.16952514648438	9.486324310302734	7.475836753845215	
401.1302490234375	147.3924560546875	9.685165405273438	7.133614540100098	
401.2453918457031	147.4678955078125	9.511079788208008	6.785345554351807	
401.260498046875	147.5519561767578	9.040956497192383	6.425995826721191	
400.3990173339844	147.18455505371094	9.503347396850586	6.4308180809021	
400.63397216796875	147.3623504638672	9.07080078125	6.347091197967529	
400.4107666015625	147.12307739257812	9.525444030761719	6.4290771484375	
400.3648986816406	147.07275390625	8.6017427444458	6.532487392425537	
400.3216857910156	146.5588836669922	9.10423469543457	6.765876770019531	
400.09625244140625	146.57508850097656	8.704861640930176	6.568503379821777	
399.79046630859375	146.5017547607422	8.891807556152344	6.5288286209106445	
399.4864196777344	145.63400268554688	8.76158332824707	7.493334770202637	
398.87249755859375	146.34103393554688	9.454530715942383	6.463435173034668	
398.9259338378906	146.16513061523438	9.008424758911133	6.894646644592285	
398.3895263671875	145.3511199951172	9.573803901672363	7.298667907714844	
398.3184509277344	145.40464782714844	9.640746116638184	7.100019931793213	
398.60174560546875	146.2796630859375	8.794130325317383	6.260617256164551	
398.65460205078125	145.01937866210938	9.189255714416504	6.5614776611328125	
398.16387939453125	145.28781127929688	9.129549026489258	6.633711814880371	
398.3267822265625	145.44544982910156	8.65325927734375	6.358319282531738	
397.9908142089844	145.01768493652344	9.168479919433594	6.8374433517456055	
398.0068359375	145.17544555664062	8.581562995910645	6.377842903137207	
397.4313049316406	144.3596649169922	8.974082946777344	7.224114894866943	
397.5006408691406	144.429443359375	8.48229694366455	6.667764186859131	
397.488037109375	144.2665252685547	8.730779647827148	6.488468170166016	
397.23529052734375	143.520263671875	8.680623054504395	7.114670753479004	
397.2557678222656	143.92276000976562	8.651506423950195	6.722184658050537	
396.6653747558594	143.49497985839844	8.826857566833496	7.465848445892334	
397.3914794921875	144.57073974609375	7.919273376464844	6.574004173278809	
396.90338134765625	143.4572296142578	8.366727828979492	7.257317543029785	
397.0633239746094	143.75344848632812	8.327689170837402	6.564225673675537	
396.6966247558594	143.36990356445312	8.451237678527832	6.934040069580078	
396.44171142578125	143.81118774414062	9.136808395385742	6.467172145843506	
396.31561279296875	143.80894470214844	8.990145683288574	6.444619655609131	
396.0791015625	143.02175903320312	8.915915489196777	6.727044105529785	
396.1650390625	142.9973602294922	8.677172660827637	6.943258762359619	
396.18804931640625	142.92437744140625	8.63809871673584	6.728050231933594	
395.5567321777344	142.39639282226562	9.282960891723633	7.022276878356934	
395.5283203125	142.36842346191406	8.940295219421387	6.813757419586182	
395.0926818847656	142.20217895507812	9.318831443786621	7.175771236419678	
395.08099365234375	142.24696350097656	9.090727806091309	6.811366081237793	
394.9068908691406	142.0928192138672	9.195749282836914	7.133453369140625	
394.6292419433594	142.10496520996094	9.533411026000977	6.938169002532959	
394.9304504394531	141.7712860107422	8.71091365814209	7.434322357177734	
394.842529296875	141.94667053222656	9.103716850280762	7.074284553527832	
394.69085693359375	142.1673583984375	9.151588439941406	6.48464822769165	
394.47015380859375	141.86880493164062	9.544302940368652	6.718262672424316	
394.41253662109375	141.73463439941406	8.864608764648438	7.172904014587402	
394.0699768066406	141.79104614257812	9.130708694458008	6.765111446380615	
392.7251892089844	141.1414794921875	9.721379280090332	6.758345603942871	
390.86236572265625	141.1029815673828	10.67477035522461	6.4486236572265625	
390.99078369140625	140.1047821044922	9.413914680480957	7.614326477050781	
389.00054931640625	136.7381134033203	11.506584167480469	7.017046928405762	
388.0670471191406	136.7308807373047	10.11057186126709	7.154088497161865	
386.4317321777344	135.51089477539062	10.078855514526367	7.7466254234313965	
384.90887451171875	135.08438110351562	10.073068618774414	6.669920921325684	
382.0556640625	134.8605194091797	10.786771774291992	7.255062103271484	
377.78070068359375	134.2063446044922	10.739895820617676	6.2528557777404785	
376.38262939453125	132.18804931640625	11.35721206665039	7.751566410064697	
373.05804443359375	131.7350311279297	11.245116233825684	7.351876735687256	
370.56243896484375	131.83590698242188	10.67869758605957	7.385194301605225	
369.3290710449219	131.896484375	10.897685050964355	6.220761775970459	
369.7590026855469	130.72317504882812	9.075944900512695	7.6201324462890625	
370.2073669433594	129.3815460205078	9.528387069702148	8.000001907348633	
367.33251953125	129.43917846679688	9.784858703613281	8.215333938598633	
363.5643615722656	126.5826644897461	9.958062171936035	8.360754013061523	
359.2162780761719	130.45399475097656	9.817776679992676	8.24297046661377	
354.60772705078125	130.2358856201172	9.945513725280762	8.350218772888184	
355.5972595214844	128.80430603027344	9.721158981323242	7.295146942138672	
356.2576904296875	128.07260131835938	9.583300590515137	8.046106338500977	
354.87078857421875	130.14065551757812	9.265901565551758	7.779618740081787	
357.3747253417969	128.5386962890625	9.095002174377441	7.63613224029541	
359.40179443359375	126.9273910522461	9.128841400146484	7.664543151855469	
362.02880859375	127.83549499511719	8.886903762817383	7.4614129066467285	
362.9771728515625	127.0830078125	9.246381759643555	7.763230323791504	
359.42767333984375	132.7294921875	9.506564140319824	7.981678009033203	
355.4394226074219	129.2176055908203	9.502217292785645	7.978028297424316	
350.196533203125	127.85658264160156	9.666970252990723	8.116353988647461	
355.51873779296875	137.4387969970703	9.81225299835205	8.238332748413086	
355.0633239746094	140.8097686767578	9.685635566711426	8.132024765014648	
358.2890319824219	140.43289184570312	9.519144058227539	7.992239475250244	
351.56976318359375	139.65762329101562	9.27995491027832	7.791417121887207	
349.39654541015625	139.17025756835938	9.242571830749512	7.760030269622803	
346.37384033203125	139.6136932373047	9.167536735534668	7.697031497955322	
347.9049072265625	143.197998046875	9.591572761535645	8.05305004119873	
346.34393310546875	138.6012725830078	9.599176406860352	8.059432983398438	
343.10906982421875	140.19544982910156	9.42928409576416	7.9167914390563965	
337.132568359375	138.2094268798828	9.374452590942383	7.870755195617676	
329.0223083496094	138.45928955078125	9.782869338989258	8.213659286499023	
330.757568359375	140.97010803222656	9.449337005615234	7.9336256980896	
319.18408203125	146.27137756347656	9.610302925109863	8.068771362304688	
323.1297912597656	147.4473419189453	9.820971488952637	8.245648384094238	
324.52337646484375	146.30123901367188	10.319926261901855	8.664568901062012	
325.650146484375	144.9130096435547	10.425140380859375	8.752906799316406	
321.6874084472656	142.929931640625	10.705839157104492	8.988580703735352	
323.748291015625	137.21795654296875	11.141518592834473	9.354375839233398	
328.5361328125	136.15269470214844	10.936436653137207	9.18218994140625	
325.1534729003906	135.8666534423828	10.672708511352539	8.960763931274414	
321.91021728515625	134.87429809570312	10.488729476928711	8.806295394897461	
324.5697326660156	131.3975067138672	10.436567306518555	8.76250171661377	
323.78497314453125	133.28036499023438	10.464020729064941	8.785551071166992	
323.9644470214844	133.62890625	10.422673225402832	8.750836372375488	
322.05535888671875	134.997314453125	10.84130573272705	9.102317810058594	
316.4324645996094	133.7191162109375	10.6617431640625	8.951558113098145	
308.9505615234375	130.77963256835938	10.744688987731934	9.021199226379395	
302.9637451171875	129.89552307128906	10.97159481048584	9.211709022521973	
306.1998291015625	129.18783569335938	10.806736946105957	9.073293685913086	
308.6376647949219	129.91513061523438	10.79511833190918	9.063538551330566	
304.9431457519531	128.23770141601562	10.933646202087402	9.179847717285156	
310.57452392578125	131.40457153320312	10.9603271484375	9.202249526977539	
310.43878173828125	132.73231506347656	10.609869003295898	8.90800666809082	
310.0404357910156	135.15521240234375	10.462129592895508	8.783965110778809	
307.6600341796875	127.00016021728516	10.536935806274414	8.846772193908691	
310.72137451171875	131.56983947753906	10.504980087280273	8.819941520690918	
314.07464599609375	132.86404418945312	10.58984088897705	8.891191482543945	
312.9803161621094	132.36245727539062	10.588983535766602	8.890471458435059	
316.88665771484375	137.543212890625	10.1464204788208	8.51889705657959	
305.8085632324219	135.69113159179688	10.150190353393555	8.522062301635742	
305.7364196777344	129.51220703125	10.437005996704102	8.762870788574219	
307.9287414550781	133.0811767578125	10.425798416137695	8.753461837768555	
311.11614990234375	132.3197784423828	10.54562759399414	8.854070663452148	
312.2698974609375	132.53805541992188	10.329590797424316	8.672686576843262	
309.91339111328125	138.90545654296875	10.562810897827148	8.868497848510742	
310.0316467285156	134.8540496826172	10.323731422424316	8.667767524719238	
304.3940124511719	128.3787841796875	10.349442481994629	8.68935489654541	
296.00042724609375	133.74851989746094	10.643121719360352	8.935927391052246	
296.4377136230469	129.78372192382812	10.330760955810547	8.673669815063477	
297.3714904785156	133.72470092773438	10.210772514343262	8.572929382324219	
296.1440124511719	132.66317749023438	9.769486427307129	8.202427864074707	
293.4246826171875	132.4811553955078	9.767732620239258	8.20095443725586	
291.5595703125	138.22610473632812	10.167718887329102	8.536781311035156	
291.3353576660156	134.96273803710938	10.180171966552734	8.547237396240234	
294.59271240234375	128.771484375	10.207646369934082	8.570303916931152	
300.1307678222656	130.1638946533203	10.413259506225586	8.742936134338379	
300.2294921875	130.81219482421875	10.316153526306152	8.661406517028809	
299.43756103515625	132.4574737548828	10.503449440002441	8.818658828735352	
293.63458251953125	132.1556854248047	10.35450267791748	8.693603515625	
290.3896484375	134.27442932128906	10.5164155960083	8.829544067382812	
289.4400939941406	136.34617614746094	10.545251846313477	8.853754043579102	
294.987548828125	127.9854736328125	10.581027030944824	8.883790969848633	
298.6634826660156	129.15786743164062	10.461634635925293	8.783551216125488	
304.31951904296875	133.5850372314453	10.39272689819336	8.725696563720703	
309.41290283203125	138.84695434570312	10.34747314453125	8.687702178955078	
307.9609680175781	136.27841186523438	10.68114185333252	8.967849731445312	
307.0216064453125	128.28836059570312	10.488917350769043	8.806459426879883	
309.197998046875	128.2679443359375	10.49565315246582	8.812113761901855	
311.6054992675781	136.59422302246094	10.415974617004395	8.74521541595459	
317.0016784667969	139.19505310058594	10.149847030639648	8.52177619934082	
313.16278076171875	134.71121215820312	10.236126899719238	8.594217300415039	
309.7598876953125	134.92364501953125	10.313972473144531	8.659576416015625	
305.0290222167969	135.21243286132812	10.318307876586914	8.663215637207031	
303.72625732421875	132.9280242919922	10.561599731445312	8.867483139038086	
303.42633056640625	132.7061309814453	11.132431030273438	9.346750259399414	
307.8092956542969	139.55091857910156	11.043466567993164	9.272056579589844	
308.933349609375	136.23953247070312	11.216008186340332	9.416921615600586	
310.78363037109375	135.2238006591797	11.215234756469727	9.416271209716797	
307.87408447265625	135.50146484375	11.012160301208496	9.245770454406738	
313.97198486328125	140.23147583007812	10.580232620239258	8.883125305175781	
312.08062744140625	139.14724731445312	10.59851360321045	8.898473739624023	
306.0881652832031	133.69100952148438	10.934846878051758	9.18085765838623	
302.58648681640625	134.11851501464844	10.591226577758789	8.892354965209961	
308.2367858886719	141.93682861328125	10.702180862426758	8.98551082611084	
305.2239685058594	145.0114288330078	13.295392990112305	7.19631290435791	
306.9381408691406	144.65866088867188	12.867475509643555	7.672831058502197	
307.3004150390625	144.52481079101562	12.655496597290039	7.996189117431641	
308.76544189453125	145.0284881591797	11.012189865112305	9.245794296264648	
309.02490234375	145.7775115966797	11.122922897338867	9.338766098022461	
308.47845458984375	145.39097595214844	11.67359733581543	9.801111221313477	
