139.0	94.0	59.0	42.0	
138.580322265625	93.05912780761719	58.754493713378906	42.379432678222656	
138.82711791992188	91.69792938232422	58.40241622924805	43.16950607299805	
138.58738708496094	91.53523254394531	58.871185302734375	42.904930114746094	
138.46957397460938	90.81794738769531	59.20734786987305	42.8863525390625	
138.57003784179688	90.00837707519531	59.14459228515625	43.608219146728516	
138.66220092773438	89.98096466064453	59.13318634033203	43.25615692138672	
138.50576782226562	89.74900817871094	59.44757080078125	42.760719299316406	
138.61895751953125	89.82075500488281	58.8612174987793	42.405364990234375	
138.9198760986328	90.072021484375	58.64289474487305	41.90185546875	
138.8729705810547	90.3174057006836	58.8390007019043	41.05463409423828	
139.3761749267578	89.74591064453125	58.888031005859375	40.2204475402832	
139.1788787841797	89.11726379394531	59.51280975341797	39.699886322021484	
139.5267333984375	87.95315551757812	58.5789680480957	40.163780212402344	
139.84596252441406	87.30509948730469	58.1533317565918	40.649688720703125	
138.89218139648438	86.0182113647461	59.559906005859375	40.688331604003906	
138.3057098388672	85.79078674316406	61.016273498535156	40.39897537231445	
139.241455078125	84.49105072021484	60.06394577026367	42.02537155151367	
140.98260498046875	83.96441650390625	58.767723083496094	43.47622299194336	
141.974365234375	82.82948303222656	59.35349655151367	43.85868453979492	
143.70751953125	82.01528930664062	58.84791946411133	44.81409454345703	
144.08157348632812	81.25508880615234	58.407745361328125	45.58595657348633	
143.29385375976562	82.03471374511719	58.480308532714844	45.46131896972656	
141.09811401367188	83.44837188720703	58.97888946533203	44.7232780456543	
139.07290649414062	85.21123504638672	59.457611083984375	44.011287689208984	
137.01559448242188	87.47073364257812	59.93931198120117	41.82728576660156	
135.86599731445312	87.61781311035156	59.71186447143555	41.928443908691406	
135.2828369140625	87.15364074707031	59.085899353027344	42.03352737426758	
134.8750762939453	86.51813507080078	58.6905632019043	42.163936614990234	
134.0463409423828	86.29158020019531	58.4843635559082	42.24591064453125	
132.99630737304688	86.3962631225586	58.6910285949707	41.74964141845703	
131.66232299804688	85.28810119628906	58.573760986328125	42.50559616088867	
130.39584350585938	84.93019104003906	58.664306640625	42.74444580078125	
129.21652221679688	84.87257385253906	58.51871871948242	42.41324996948242	
127.88508605957031	84.28816223144531	58.414276123046875	42.65192413330078	
127.14854431152344	83.88185119628906	57.972412109375	42.63163757324219	
125.90576171875	83.36563110351562	58.09942626953125	42.70505905151367	
124.32389831542969	83.3787841796875	58.04161834716797	42.59284210205078	
123.01969146728516	84.43864440917969	57.67839813232422	41.48571014404297	
122.00132751464844	84.51313781738281	56.831642150878906	41.35723114013672	
121.1483383178711	84.88077545166016	56.36018753051758	40.98619842529297	
120.26220703125	85.73460388183594	55.675140380859375	40.816612243652344	
118.0807113647461	86.40156555175781	56.6667594909668	40.43562316894531	
117.09222412109375	87.1327896118164	56.19245529174805	40.05510711669922	
115.95826721191406	87.110595703125	56.01899337768555	40.40998458862305	
114.53486633300781	86.91249084472656	56.100181579589844	40.33443069458008	
113.97300720214844	86.61451721191406	55.796852111816406	40.33256149291992	
112.64402770996094	85.87889862060547	56.24189376831055	41.063819885253906	
111.69112396240234	85.11068725585938	56.56816864013672	41.12396240234375	
111.2328872680664	84.80592346191406	56.0063591003418	40.96892166137695	
110.7785415649414	83.91263580322266	56.199424743652344	40.86342239379883	
109.69908142089844	83.51860809326172	56.59991455078125	40.74553680419922	
109.49427795410156	83.55616760253906	55.641700744628906	40.67302703857422	
108.29228210449219	83.42709350585938	56.0212287902832	40.3960075378418	
107.392578125	83.6569595336914	55.77800750732422	40.5366325378418	
106.95310974121094	84.25933074951172	54.60113525390625	40.93852615356445	
106.9336166381836	84.59852600097656	54.725746154785156	40.217506408691406	
106.5802001953125	84.78985595703125	54.882164001464844	40.450096130371094	
105.87614440917969	85.37198638916016	55.28993606567383	40.510833740234375	
106.46061706542969	85.80150604248047	54.916114807128906	40.270668029785156	
106.80439758300781	85.6412582397461	55.50988006591797	40.93435287475586	
108.2149429321289	86.01777648925781	54.8670539855957	40.264503479003906	
108.55643463134766	86.44287109375	55.3099479675293	40.301815032958984	
109.83134460449219	86.10237884521484	55.704673767089844	41.147037506103516	
111.0254898071289	85.82186126708984	55.623497009277344	41.50810623168945	
111.640625	86.64013671875	55.589752197265625	41.23875427246094	
112.78131103515625	86.97663879394531	55.37137985229492	41.017005920410156	
113.6344223022461	87.60533905029297	55.55189895629883	40.3956413269043	
114.37393951416016	88.2356185913086	55.55091094970703	40.57457733154297	
115.14460754394531	88.69532012939453	56.49800491333008	40.2448844909668	
116.39488220214844	88.90449523925781	56.5052490234375	39.768104553222656	
117.89237213134766	88.76580810546875	56.56865692138672	40.27461624145508	
119.42619323730469	88.81486511230469	56.462913513183594	40.20562744140625	
121.08941650390625	89.46484375	56.15472412109375	39.7579345703125	
122.03959655761719	89.30823516845703	56.4814338684082	39.84441375732422	
122.9178237915039	90.16282653808594	56.736732482910156	39.2830810546875	
123.51985168457031	90.61071014404297	57.019996643066406	39.690284729003906	
124.02476501464844	90.97706604003906	57.552764892578125	39.35730743408203	
124.45045471191406	91.167724609375	57.4754638671875	39.27619171142578	
124.6244888305664	91.05463409423828	57.48114776611328	39.69243240356445	
124.94612121582031	91.0904541015625	57.59273147583008	39.32613754272461	
125.7072525024414	90.81362915039062	57.46062088012695	39.39921188354492	
125.5174560546875	91.31393432617188	57.08583450317383	39.53239059448242	
126.30909729003906	90.58006286621094	56.865142822265625	40.298072814941406	
125.72337341308594	90.28440856933594	58.126434326171875	40.23324966430664	
125.76640319824219	89.75363159179688	57.6624870300293	40.684452056884766	
125.97308349609375	89.8260269165039	57.5014762878418	40.535736083984375	
126.399658203125	89.4136962890625	57.1037483215332	41.00019836425781	
126.25749206542969	89.09635162353516	57.54994583129883	40.16653823852539	
126.8138198852539	87.20146179199219	57.31794357299805	41.87787628173828	
126.65980529785156	87.21125793457031	57.116050720214844	41.125465393066406	
127.54710388183594	87.7586669921875	55.31964111328125	42.06983184814453	
128.23239135742188	87.93706512451172	54.64832305908203	42.4948616027832	
128.3411865234375	88.73497009277344	53.92365264892578	41.99338150024414	
128.4071502685547	88.84048461914062	53.63719940185547	42.441131591796875	
128.54530334472656	90.26285552978516	53.4395751953125	41.45119094848633	
129.8249053955078	90.01893615722656	53.1016845703125	42.937374114990234	
130.26559448242188	89.86085510253906	52.89825439453125	43.56904602050781	
130.2946014404297	90.81501007080078	51.552330017089844	42.5499382019043	
130.39498901367188	92.06028747558594	51.14269256591797	41.1137809753418	
131.4369659423828	93.3143539428711	50.967735290527344	42.55992126464844	
132.15760803222656	95.92103576660156	49.706146240234375	43.96082305908203	
133.30970764160156	98.12393188476562	50.473426818847656	44.07331085205078	
133.83816528320312	100.40361022949219	49.93443298339844	43.698543548583984	
134.398193359375	101.79884338378906	49.67152786254883	43.131591796875	
135.77377319335938	103.2646255493164	48.487693786621094	43.50414276123047	
135.4477081298828	103.38323974609375	49.18079376220703	43.515647888183594	
136.50599670410156	105.04740905761719	47.453182220458984	42.83924102783203	
136.76089477539062	106.3829116821289	47.167808532714844	42.19850540161133	
137.42892456054688	108.7939453125	45.4688606262207	40.4674072265625	
137.2616424560547	108.03304290771484	45.190425872802734	41.26940155029297	
136.5420684814453	109.38148498535156	44.685768127441406	40.22509765625	
136.3829345703125	107.88340759277344	46.580238342285156	41.88786697387695	
135.9423065185547	107.83396911621094	46.456905364990234	41.07780075073242	
136.16171264648438	106.353759765625	47.07518005371094	41.6669807434082	
136.59249877929688	105.9935531616211	47.201416015625	41.50217819213867	
136.84193420410156	107.97489166259766	46.281707763671875	39.9799919128418	
136.97296142578125	108.9320068359375	46.663352966308594	39.3746337890625	
137.13975524902344	108.2508316040039	46.771934509277344	39.93667221069336	
137.3414764404297	110.66950988769531	47.04808807373047	38.11876678466797	
138.24830627441406	112.02532958984375	47.206756591796875	36.05937957763672	
138.40438842773438	113.25791931152344	46.27056121826172	33.31672286987305	
140.26010131835938	112.99205017089844	45.5198860168457	33.82465744018555	
140.66751098632812	112.99564361572266	45.95050811767578	34.301300048828125	
140.80618286132812	114.1063003540039	45.173492431640625	32.95777893066406	
140.9296112060547	113.09735107421875	46.2494010925293	33.77925491333008	
141.3206024169922	112.0049819946289	46.535396575927734	35.064212799072266	
141.9683380126953	111.34657287597656	45.989017486572266	35.660003662109375	
141.2719268798828	110.14167785644531	47.00990676879883	36.0190544128418	
142.16896057128906	109.8197250366211	46.1855354309082	36.52523422241211	
142.65362548828125	107.94514465332031	46.77206802368164	37.44552993774414	
142.95925903320312	107.11250305175781	46.31950759887695	37.29721450805664	
143.15457153320312	106.73432922363281	46.21302032470703	36.219947814941406	
143.84906005859375	106.43363189697266	45.221561431884766	35.81122970581055	
144.2908935546875	107.40306091308594	44.37191390991211	33.30548095703125	
144.2042999267578	106.68961334228516	44.7717399597168	33.06721115112305	
144.33016967773438	104.2992172241211	44.68690872192383	34.721763610839844	
144.4869384765625	104.9550552368164	43.27092742919922	32.2266731262207	
144.20785522460938	102.6988296508789	44.40031814575195	32.66681671142578	
144.6237030029297	100.20948028564453	44.79012680053711	33.520503997802734	
145.40463256835938	97.73126220703125	44.14141845703125	34.74637222290039	
145.16458129882812	95.84672546386719	44.29896926879883	35.779029846191406	
145.94900512695312	88.5216293334961	44.221946716308594	37.015872955322266	
145.87191772460938	83.03761291503906	43.366355895996094	33.81391143798828	
145.3204345703125	84.68695068359375	42.89229202270508	34.797607421875	
145.80996704101562	83.22416687011719	42.04729461669922	35.557090759277344	
145.34500122070312	80.86189270019531	41.611297607421875	33.45945739746094	
146.02334594726562	78.63497161865234	41.28181076049805	34.301273345947266	
147.5367889404297	81.92415618896484	40.73500442504883	35.444679260253906	
148.65560913085938	76.16024017333984	40.22404861450195	35.019405364990234	
149.050537109375	75.49771118164062	41.021095275878906	35.82571029663086	
145.28939819335938	79.00035858154297	42.320045471191406	30.126110076904297	
148.70358276367188	83.86117553710938	42.262474060058594	35.19302749633789	
148.71218872070312	98.52386474609375	42.754180908203125	33.22838592529297	
149.7353057861328	97.02470397949219	42.323570251464844	34.867469787597656	
150.07752990722656	99.8136215209961	40.60450744628906	31.509048461914062	
150.33497619628906	100.393798828125	40.676971435546875	30.6359806060791	
150.7197265625	101.90299224853516	40.18932342529297	28.671993255615234	
151.2316436767578	98.44727325439453	41.1056022644043	31.883214950561523	
151.4696044921875	97.44187927246094	41.172996520996094	33.151798248291016	
151.42196655273438	99.4656753540039	41.45283126831055	30.49735450744629	
150.42579650878906	106.21630859375	37.779762268066406	26.89404296875	
152.37271118164062	101.82295989990234	40.790802001953125	28.97348403930664	
152.8372039794922	100.73242950439453	40.429805755615234	30.58829116821289	
152.47329711914062	101.16724395751953	42.8548698425293	29.86944580078125	
153.1012725830078	100.5593032836914	44.68315887451172	30.838119506835938	
153.6189727783203	99.66360473632812	42.94869613647461	31.93546485900879	
154.37481689453125	98.97901916503906	43.1356086730957	33.05925750732422	
153.82308959960938	98.8723373413086	43.23659133911133	33.09669876098633	
153.60659790039062	98.74803161621094	44.624183654785156	32.95993423461914	
152.80471801757812	97.48662567138672	46.4114875793457	34.07099151611328	
153.21847534179688	100.47138977050781	42.995731353759766	30.60711097717285	
150.95433044433594	97.50706481933594	46.754241943359375	34.73047637939453	
149.64866638183594	97.00343322753906	46.353111267089844	35.07855224609375	
149.13665771484375	98.4422836303711	46.41733932495117	33.4742431640625	
148.4859161376953	101.6537094116211	43.781105041503906	30.264230728149414	
147.81887817382812	102.13643646240234	39.77592849731445	30.140832901000977	
147.68438720703125	102.37137603759766	39.563453674316406	29.638925552368164	
146.5628662109375	102.588134765625	37.6978645324707	29.074932098388672	
144.52508544921875	102.88179016113281	37.885986328125	28.783905029296875	
142.16598510742188	102.18019104003906	39.086448669433594	30.040924072265625	
140.50796508789062	100.8769302368164	40.573570251464844	31.495859146118164	
139.2261505126953	102.14897155761719	39.052486419677734	30.329498291015625	
137.20870971679688	102.30625915527344	39.44419479370117	30.157983779907227	
135.52557373046875	101.96344757080078	39.159908294677734	30.41387367248535	
133.83865356445312	103.1790771484375	38.76331329345703	29.099674224853516	
132.43948364257812	102.81453704833984	38.38297653198242	29.60354232788086	
130.26449584960938	101.83736419677734	38.7969856262207	30.390920639038086	
128.9639892578125	102.76129150390625	37.95488739013672	29.463695526123047	
127.1478500366211	102.83233642578125	38.17390060424805	29.32767677307129	
125.4389419555664	103.4842300415039	37.46372604370117	28.772415161132812	
123.8192367553711	104.12486267089844	37.64629364013672	27.88674545288086	
122.54557800292969	103.4104232788086	37.284706115722656	28.7418155670166	
121.42539978027344	104.22701263427734	36.130088806152344	27.87807273864746	
120.23978424072266	103.30379486083984	35.859649658203125	28.534093856811523	
118.3628921508789	103.87577056884766	35.44403076171875	28.032480239868164	
117.1447525024414	102.89603424072266	36.21151351928711	29.027542114257812	
115.79952239990234	103.35118103027344	36.343727111816406	28.44173812866211	
114.92927551269531	102.19219207763672	36.551326751708984	29.588964462280273	
113.6925277709961	102.28799438476562	36.527042388916016	29.509075164794922	
112.4007568359375	102.32110595703125	36.35615158081055	29.581531524658203	
111.53593444824219	102.6580581665039	36.79634475708008	29.323974609375	
110.72352600097656	101.83977508544922	37.272361755371094	30.2139835357666	
110.1248779296875	102.02428436279297	37.622802734375	30.02750015258789	
110.45623779296875	100.61164093017578	37.26497268676758	31.444665908813477	
109.12445068359375	103.0443115234375	37.69426727294922	29.275482177734375	
109.22894287109375	101.50473022460938	38.119022369384766	30.0059757232666	
108.92779541015625	100.6751708984375	38.682518005371094	30.91672706604004	
108.99232482910156	99.71492767333984	39.254154205322266	31.421390533447266	
109.08953857421875	100.29527282714844	39.99278259277344	30.474884033203125	
108.65321350097656	99.73370361328125	39.13154602050781	30.317913055419922	
109.04288482666016	101.01573181152344	39.31310272216797	28.60634422302246	
108.7772216796875	99.6309814453125	40.05767059326172	29.429611206054688	
109.842041015625	98.64076232910156	40.6153450012207	30.301483154296875	
110.29823303222656	97.98517608642578	40.007591247558594	30.609949111938477	
111.3202896118164	97.09574890136719	40.369590759277344	31.57578468322754	
111.71034240722656	96.09281921386719	41.88355255126953	33.021087646484375	
113.15763092041016	95.01066589355469	41.29859161376953	33.95915985107422	
113.1783447265625	96.1198501586914	41.33576583862305	32.482818603515625	
114.151123046875	94.74015808105469	41.66059494018555	33.4361572265625	
114.4598617553711	94.51817321777344	42.143287658691406	34.20503616333008	
115.09281921386719	93.23936462402344	42.50140380859375	35.058570861816406	
115.77592468261719	93.28135681152344	42.42402267456055	34.912384033203125	
115.64996337890625	92.82454681396484	43.701499938964844	35.26511001586914	
115.9220199584961	92.43890380859375	44.93730926513672	35.763275146484375	
116.4983139038086	92.3332748413086	45.788063049316406	36.261634826660156	
117.7877426147461	92.02197265625	46.730159759521484	36.32025909423828	
119.27549743652344	89.86787414550781	48.10591125488281	38.978824615478516	
119.61329650878906	89.78275299072266	48.41254806518555	38.833377838134766	
119.12123107910156	89.57560729980469	49.506561279296875	38.684818267822266	
119.1366195678711	88.34290313720703	50.318939208984375	39.457969665527344	
119.10081481933594	87.45361328125	51.553016662597656	39.4716682434082	
119.77264404296875	86.3086166381836	52.21654510498047	39.98085021972656	
120.86994934082031	85.66246032714844	52.3841438293457	39.84238052368164	
120.9790267944336	84.86290740966797	52.27411651611328	40.494998931884766	
122.16795349121094	84.60383605957031	51.48768997192383	40.35955810546875	
121.95121002197266	84.49269104003906	52.11774826049805	40.76469039916992	
122.0429916381836	84.79019927978516	51.98607635498047	40.21619415283203	
122.50321197509766	84.6998519897461	51.59819412231445	40.192779541015625	
121.2373275756836	85.03958892822266	52.9892463684082	39.2002067565918	
122.26914978027344	84.59029388427734	52.30577850341797	39.716941833496094	
122.0443344116211	84.68020629882812	52.798240661621094	39.46254348754883	
121.5551528930664	84.84273529052734	54.093727111816406	39.349063873291016	
122.87132263183594	84.65909576416016	52.974815368652344	39.60248565673828	
122.3588638305664	84.54025268554688	53.844635009765625	39.292945861816406	
122.910888671875	84.15899658203125	53.17686080932617	39.90571212768555	
121.25431060791016	83.98747253417969	55.06220626831055	39.423309326171875	
121.39300537109375	83.9733657836914	54.80853271484375	39.35382080078125	
122.0179443359375	83.77708435058594	53.8656120300293	39.016746520996094	
122.55206298828125	83.1648178100586	53.516929626464844	39.31171417236328	
121.68150329589844	83.00096130371094	54.522796630859375	38.96227264404297	
122.0591812133789	83.09632110595703	54.103599548339844	38.92021179199219	
122.57975769042969	82.88993072509766	53.280540466308594	39.13190841674805	
123.34864807128906	82.75923156738281	52.49373245239258	39.67301559448242	
123.78141021728516	83.06107330322266	52.10200119018555	39.87131881713867	
123.7794189453125	82.6812515258789	52.6666145324707	40.64133834838867	
124.29597473144531	82.52332305908203	52.18048095703125	41.29170608520508	
124.46099853515625	83.04925537109375	51.71795654296875	41.49193572998047	
124.6387710571289	83.06636810302734	50.46571731567383	41.68635559082031	
124.80781555175781	82.53719329833984	50.755489349365234	41.776268005371094	
123.20796203613281	83.5639419555664	52.471153259277344	41.58312225341797	
123.29830169677734	83.82720947265625	51.4768180847168	42.91346740722656	
122.81622314453125	84.44346618652344	52.33109664916992	41.52666473388672	
123.20039367675781	84.31831359863281	52.733314514160156	40.633544921875	
117.25459289550781	86.86849212646484	55.83461380004883	39.74666213989258	
122.30274963378906	83.84757232666016	53.40369415283203	41.63996124267578	
121.310546875	83.77476501464844	54.42498779296875	41.74747848510742	
122.0076904296875	83.15084075927734	54.03436279296875	42.070823669433594	
122.03995513916016	83.61715698242188	54.08582305908203	41.56935501098633	
122.71785736083984	83.3921890258789	54.056175231933594	41.781822204589844	
122.242919921875	82.94508361816406	54.6506462097168	42.53516387939453	
122.94819641113281	82.49270629882812	55.05921173095703	41.998470306396484	
123.27247619628906	82.16117858886719	55.09307861328125	42.518394470214844	
123.80876159667969	81.5576171875	55.522216796875	42.11899948120117	
124.95426177978516	81.20042419433594	55.0003547668457	42.162322998046875	
125.25788879394531	80.2646484375	55.99333953857422	42.4222412109375	
125.462158203125	79.52592468261719	56.387245178222656	41.68297576904297	
128.30580139160156	78.49424743652344	54.7645149230957	41.03855895996094	
