228.0	61.0	32.0	37.0	
227.6435546875	61.13126754760742	31.459716796875	36.48368453979492	
226.836669921875	61.694358825683594	32.26356506347656	34.98115539550781	
226.28170776367188	62.68133544921875	31.40212631225586	33.322349548339844	
225.96728515625	62.4224853515625	31.654109954833984	33.18678665161133	
226.4951934814453	62.7438850402832	31.34242820739746	32.684688568115234	
227.01156616210938	62.707786560058594	30.563623428344727	31.892459869384766	
227.2773895263672	62.88811111450195	30.575122833251953	31.44256591796875	
226.5978240966797	62.27155685424805	30.484960556030273	32.907432556152344	
226.49630737304688	61.808815002441406	30.513179779052734	33.116004943847656	
226.34317016601562	62.478485107421875	29.805221557617188	32.67084884643555	
225.92422485351562	62.90439987182617	30.0123233795166	32.02898025512695	
225.6690216064453	62.89916229248047	30.964447021484375	32.277313232421875	
225.6805419921875	62.93897247314453	30.80690574645996	33.277992248535156	
225.2286834716797	62.79610061645508	31.3507080078125	33.75177764892578	
225.2720489501953	62.565338134765625	31.43979263305664	33.85153579711914	
225.6962432861328	62.79955291748047	30.796096801757812	33.818668365478516	
225.0430450439453	63.6954231262207	30.726511001586914	32.986915588378906	
223.713134765625	64.40690612792969	32.096717834472656	32.49797821044922	
222.50985717773438	65.5201187133789	31.489795684814453	31.391494750976562	
219.97061157226562	65.8564682006836	31.853618621826172	31.3919734954834	
217.78067016601562	66.65201568603516	31.851131439208984	30.96832275390625	
216.28564453125	67.0709228515625	32.25775909423828	30.729755401611328	
214.59951782226562	68.30184173583984	31.414684295654297	30.603519439697266	
212.72317504882812	68.1680679321289	32.298240661621094	31.613739013671875	
212.60726928710938	68.64655303955078	30.85885238647461	32.45803451538086	
210.2375946044922	68.95409393310547	31.986408233642578	34.16348648071289	
209.4882354736328	69.57196807861328	32.066802978515625	34.29613494873047	
209.1436004638672	69.69877624511719	30.987361907958984	35.54183578491211	
207.6077117919922	69.94013977050781	31.930633544921875	35.775306701660156	
207.2257080078125	71.59211730957031	31.523754119873047	34.20331954956055	
206.5216064453125	72.29802703857422	31.785152435302734	33.95540237426758	
205.23947143554688	72.93775177001953	32.154685974121094	34.54193878173828	
204.53701782226562	73.85108947753906	32.681907653808594	33.98794174194336	
204.17306518554688	74.71684265136719	32.620933532714844	33.51739501953125	
203.67526245117188	75.45877838134766	33.32175064086914	33.11407470703125	
203.5057373046875	76.29914093017578	32.596656799316406	31.68899154663086	
202.9051971435547	76.50633239746094	32.02552032470703	31.895816802978516	
202.5752716064453	76.0438461303711	31.446895599365234	32.67535400390625	
200.72274780273438	76.71053314208984	31.988183975219727	31.725879669189453	
200.39370727539062	76.63106536865234	31.1783504486084	32.07976531982422	
198.83413696289062	77.18523406982422	31.08559226989746	31.61202621459961	
196.0503387451172	77.0244140625	31.008167266845703	32.74263381958008	
194.48190307617188	77.33282470703125	31.5748233795166	32.11968231201172	
193.08399963378906	77.5589370727539	30.155181884765625	31.8476619720459	
191.04452514648438	77.89463806152344	29.38840675354004	32.71894454956055	
190.3618621826172	78.44536590576172	29.808914184570312	31.26120376586914	
188.61282348632812	79.1830825805664	30.54374122619629	30.034168243408203	
188.02699279785156	79.2838363647461	30.328876495361328	30.08416748046875	
187.3020477294922	79.32334899902344	29.643856048583984	30.76809310913086	
186.36962890625	79.59463500976562	29.945941925048828	30.990707397460938	
185.15713500976562	80.05213928222656	30.4738826751709	31.16460609436035	
184.5255584716797	81.11970520019531	29.009963989257812	29.704076766967773	
182.50430297851562	81.5877456665039	29.563671112060547	29.729747772216797	
181.57723999023438	82.14176177978516	29.08419418334961	29.22903823852539	
180.4170684814453	82.19953155517578	28.85506248474121	29.066762924194336	
178.96664428710938	81.71736907958984	29.608592987060547	30.55660629272461	
177.7505340576172	81.86465454101562	30.446462631225586	30.958343505859375	
177.4322509765625	81.84317779541016	29.293254852294922	31.2918758392334	
175.83615112304688	81.0151596069336	30.55486488342285	33.83361053466797	
174.90280151367188	82.56098937988281	30.435382843017578	31.766891479492188	
174.031982421875	83.47489929199219	29.560855865478516	30.762126922607422	
173.20208740234375	84.10224914550781	30.89817237854004	29.749588012695312	
171.6746063232422	83.96568298339844	30.606861114501953	30.910350799560547	
170.43638610839844	84.04786682128906	30.701763153076172	30.755056381225586	
168.96258544921875	84.28756713867188	31.111248016357422	30.535268783569336	
168.3068084716797	84.81883239746094	31.01558494567871	29.646764755249023	
166.59060668945312	85.09712982177734	30.521820068359375	29.821645736694336	
165.44825744628906	85.45502471923828	30.020544052124023	29.091350555419922	
163.8945770263672	85.8083267211914	30.11334800720215	28.649883270263672	
162.73739624023438	85.72087860107422	29.998056411743164	28.261255264282227	
161.04721069335938	85.61090087890625	30.383682250976562	29.479196548461914	
159.93435668945312	85.75276184082031	30.087879180908203	28.9888858795166	
158.12986755371094	85.67930603027344	30.93157958984375	28.6380615234375	
156.73460388183594	85.67093658447266	31.322595596313477	28.48689842224121	
155.123291015625	85.58869934082031	31.290088653564453	29.446237564086914	
153.72943115234375	86.04743957519531	31.04987144470215	28.504287719726562	
152.0142822265625	85.79297637939453	31.566869735717773	28.97854232788086	
149.96678161621094	85.94419860839844	30.77138900756836	29.107614517211914	
148.3907012939453	86.04964447021484	31.111169815063477	28.22125244140625	
146.9661102294922	85.95951080322266	30.206527709960938	27.597665786743164	
148.80703735351562	82.50677490234375	27.92203140258789	32.28487014770508	
146.08181762695312	85.4533920288086	30.133310317993164	27.315832138061523	
143.76895141601562	85.1244125366211	30.730051040649414	28.108394622802734	
140.77706909179688	85.61893463134766	31.64288330078125	27.788742065429688	
139.4944610595703	85.47796630859375	31.776798248291016	27.973651885986328	
137.6410369873047	85.21340942382812	32.18008804321289	28.786273956298828	
135.62985229492188	86.40565490722656	31.201557159423828	28.664196014404297	
133.48355102539062	86.7645034790039	31.948017120361328	28.427871704101562	
131.89996337890625	86.76768493652344	31.7609920501709	28.508281707763672	
127.21745300292969	87.53446960449219	32.425743103027344	28.824352264404297	
123.7704849243164	87.9892349243164	33.2450065612793	28.80051040649414	
121.2406005859375	87.78192138671875	31.92483901977539	29.245513916015625	
119.41031646728516	87.97830963134766	33.167137145996094	27.961700439453125	
118.49967956542969	88.50949096679688	32.70512771606445	28.011062622070312	
116.92173767089844	87.4555435180664	32.587684631347656	30.280492782592773	
119.2070541381836	89.49909973144531	32.54001998901367	27.30746841430664	
120.82938385009766	90.0843734741211	31.988840103149414	26.64206314086914	
121.94679260253906	89.82090759277344	32.86448669433594	28.677459716796875	
125.91378021240234	90.29248046875	32.56182098388672	27.67853355407715	
127.32353210449219	90.84596252441406	33.375526428222656	28.350234985351562	
129.0797576904297	91.31547546386719	33.18678283691406	28.46836280822754	
130.60891723632812	91.41255187988281	33.30717849731445	28.376117706298828	
133.3321533203125	91.68358612060547	34.47113037109375	28.07290267944336	
135.69039916992188	91.11279296875	34.3309440612793	29.287464141845703	
138.5571746826172	91.71546936035156	33.16740798950195	29.006282806396484	
141.3074951171875	91.42543029785156	33.460166931152344	29.007659912109375	
144.79571533203125	91.1065902709961	33.87644577026367	29.27516746520996	
148.62109375	90.42814636230469	33.10370635986328	30.032495498657227	
151.41957092285156	89.50541687011719	32.59748077392578	30.075902938842773	
155.37730407714844	88.90892028808594	31.93145179748535	30.50455665588379	
159.16061401367188	88.1478500366211	31.819250106811523	30.862075805664062	
163.0279083251953	87.4367446899414	33.080562591552734	30.82390785217285	
167.52413940429688	87.53015899658203	31.982650756835938	29.97492027282715	
172.11614990234375	87.18000793457031	31.63967514038086	30.1280460357666	
176.87033081054688	86.65840148925781	32.009666442871094	31.366474151611328	
180.53338623046875	86.80780029296875	32.90125274658203	31.027721405029297	
184.10739135742188	86.59614562988281	32.9686164855957	31.120412826538086	
187.821533203125	87.03587341308594	33.23849868774414	30.53888511657715	
190.32284545898438	86.45747375488281	33.680702209472656	31.655324935913086	
193.78030395507812	85.54872131347656	33.30760955810547	32.27880859375	
196.7199249267578	85.78178405761719	32.29863739013672	31.07045555114746	
201.921630859375	84.9552001953125	32.04677200317383	31.579254150390625	
205.8294677734375	83.82768249511719	32.251708984375	31.168827056884766	
208.67355346679688	83.3560562133789	32.0291633605957	30.73801040649414	
211.4534149169922	82.85633087158203	31.57403564453125	30.499658584594727	
214.33584594726562	81.78089904785156	30.894323348999023	30.623836517333984	
216.10202026367188	80.3533935546875	31.25887107849121	31.824535369873047	
218.1173553466797	80.55061340332031	31.122268676757812	31.288372039794922	
219.4724578857422	80.63087463378906	30.083690643310547	30.657760620117188	
220.46322631835938	80.97476959228516	30.167713165283203	30.109024047851562	
221.7034149169922	80.55143737792969	30.652301788330078	30.42954444885254	
222.7616729736328	80.12141418457031	31.6309814453125	30.296777725219727	
224.77902221679688	79.9363784790039	30.811681747436523	29.79648208618164	
227.508056640625	79.0266342163086	30.994091033935547	29.724319458007812	
230.33322143554688	77.2403335571289	31.884952545166016	31.420276641845703	
232.26522827148438	76.75274658203125	31.064132690429688	31.163644790649414	
234.0362548828125	75.8846206665039	31.456375122070312	31.868846893310547	
235.67919921875	75.53074645996094	32.05543899536133	31.152904510498047	
237.4119415283203	75.59857177734375	32.22692108154297	30.18523597717285	
238.57577514648438	74.96595764160156	32.59267044067383	31.24612808227539	
242.7733612060547	74.2738265991211	32.518672943115234	32.50932312011719	
246.0718536376953	74.44041442871094	32.79767990112305	31.462871551513672	
248.6510467529297	73.98373413085938	33.17250442504883	32.76899337768555	
252.2137451171875	73.12629699707031	32.606964111328125	33.176185607910156	
255.1492462158203	72.57862854003906	31.924911499023438	33.43195724487305	
257.67620849609375	70.72673034667969	32.692508697509766	33.49318313598633	
260.53857421875	70.45104217529297	32.0987663269043	33.287933349609375	
263.8279724121094	69.743408203125	30.512332916259766	32.94498062133789	
265.6740417480469	68.54670715332031	29.34623146057129	32.68946075439453	
266.7313537597656	66.2773208618164	28.414941787719727	33.88392639160156	
268.05438232421875	63.1561279296875	28.410751342773438	35.69865798950195	
269.4260559082031	60.11213302612305	29.21480369567871	36.10047149658203	
270.53033447265625	57.798362731933594	28.58583641052246	36.767574310302734	
271.6781921386719	55.96586990356445	29.240991592407227	34.532508850097656	
272.083740234375	55.873374938964844	29.539052963256836	32.12311553955078	
272.84588623046875	54.065399169921875	30.00791358947754	31.763355255126953	
273.78192138671875	54.763160705566406	29.397878646850586	30.513286590576172	
273.6958923339844	52.8267707824707	30.417043685913086	31.491968154907227	
274.0280456542969	52.442054748535156	29.908538818359375	32.20441818237305	
274.2628479003906	50.45512008666992	29.114513397216797	33.87578201293945	
274.9342346191406	47.832481384277344	30.2027645111084	33.609981536865234	
277.7481994628906	45.51316833496094	29.007633209228516	33.76586151123047	
279.2779541015625	43.535240173339844	29.280033111572266	33.105796813964844	
279.6005554199219	40.9799690246582	30.167150497436523	32.85589599609375	
279.3128967285156	40.46543502807617	29.339111328125	31.197124481201172	
278.611083984375	37.761756896972656	29.341312408447266	33.925926208496094	
278.6396484375	38.60319137573242	29.14302635192871	29.252206802368164	
276.9725036621094	36.1651496887207	29.1954402923584	31.313396453857422	
275.95941162109375	36.79411697387695	29.127124786376953	29.058795928955078	
274.585205078125	37.056095123291016	30.29024314880371	27.964040756225586	
274.75445556640625	37.68476104736328	28.780364990234375	28.07892417907715	
275.0958251953125	37.87821578979492	27.479955673217773	28.706995010375977	
274.4765930175781	39.14248275756836	28.133075714111328	27.991348266601562	
274.1811828613281	39.15913009643555	30.855915069580078	28.259662628173828	
275.3070373535156	39.055580139160156	28.404644012451172	27.9904727935791	
274.7435607910156	39.28129959106445	28.80257225036621	27.629690170288086	
275.4291076660156	38.81882095336914	28.230365753173828	29.265811920166016	
274.2972412109375	41.408790588378906	28.0927677154541	27.269994735717773	
274.36676025390625	41.20325469970703	29.42303466796875	27.6295166015625	
274.4363708496094	41.872535705566406	28.948348999023438	28.404682159423828	
274.1680603027344	41.87926483154297	30.82622718811035	28.94596290588379	
275.1151123046875	42.7099723815918	29.48667335510254	28.692935943603516	
276.4426574707031	42.909950256347656	28.552440643310547	29.635807037353516	
274.6780700683594	44.793235778808594	29.4547119140625	29.937368392944336	
275.3944091796875	44.32122039794922	29.271255493164062	31.989208221435547	
275.60302734375	45.73017120361328	29.07552719116211	30.6662654876709	
275.61151123046875	46.13671112060547	28.634557723999023	30.629201889038086	
275.16949462890625	47.22431182861328	29.272457122802734	29.522357940673828	
275.5527038574219	47.36953353881836	29.94815444946289	29.30716896057129	
275.9388732910156	48.03162384033203	28.879032135009766	28.119701385498047	
276.8926696777344	47.03475570678711	28.681442260742188	29.42753028869629	
276.18109130859375	47.379051208496094	30.03745460510254	29.423748016357422	
275.6395568847656	49.485618591308594	28.06394386291504	27.893020629882812	
276.2340393066406	48.748008728027344	29.03749656677246	30.004770278930664	
276.67706298828125	49.7093391418457	27.162384033203125	29.67984390258789	
276.6470642089844	50.80759811401367	26.685317993164062	29.7902774810791	
276.4811706542969	51.6190185546875	26.669214248657227	31.17911148071289	
276.55731201171875	52.29119873046875	26.80657958984375	31.98688316345215	
277.864013671875	52.5479850769043	26.89896011352539	32.412681579589844	
277.2919921875	54.66203689575195	26.842636108398438	30.745361328125	
277.0828552246094	55.13916015625	27.081096649169922	31.45724105834961	
276.15234375	56.263671875	27.5638484954834	31.03582191467285	
276.48919677734375	56.840782165527344	28.537647247314453	31.125621795654297	
276.21820068359375	56.818321228027344	28.15370750427246	31.92697525024414	
276.4405212402344	58.213172912597656	27.310277938842773	31.339374542236328	
275.497314453125	58.498573303222656	27.14199447631836	32.2179069519043	
274.584228515625	59.420509338378906	28.123050689697266	32.37848663330078	
274.11181640625	60.0816764831543	29.121435165405273	32.148963928222656	
273.3793029785156	60.5987548828125	29.92731285095215	32.671531677246094	
273.00518798828125	62.12682342529297	29.232807159423828	32.350154876708984	
273.94232177734375	62.96784591674805	27.472118377685547	31.46648597717285	
272.7818298339844	63.97917556762695	27.857397079467773	31.439016342163086	
272.89276123046875	63.542762756347656	28.508655548095703	32.546321868896484	
272.5867614746094	64.16940307617188	28.134014129638672	32.246097564697266	
265.5747375488281	66.8388671875	32.032386779785156	32.64514923095703	
270.71295166015625	64.68013763427734	29.819690704345703	34.47904586791992	
267.2848815917969	65.96502685546875	31.656475067138672	32.26911544799805	
265.59576416015625	66.72335052490234	32.90034103393555	31.9510498046875	
270.3049621582031	64.69642639160156	30.42544937133789	35.17945098876953	
266.1119079589844	66.39726257324219	32.25448226928711	32.68161392211914	
267.21856689453125	66.16673278808594	31.3413028717041	32.2392692565918	
268.99017333984375	66.93235778808594	29.92705726623535	31.715087890625	
265.53466796875	68.96302795410156	32.135379791259766	31.746606826782227	
268.5696716308594	65.45054626464844	31.15384292602539	36.021644592285156	
267.74188232421875	67.2704086303711	30.853534698486328	35.674415588378906	
267.7132263183594	66.55433654785156	30.433002471923828	35.188175201416016	
268.18536376953125	67.80162048339844	29.350566864013672	33.936607360839844	
267.8663330078125	69.65516662597656	28.3046817779541	32.72730255126953	
269.3114013671875	67.71617126464844	27.859262466430664	32.212284088134766	
267.3443298339844	70.52042388916016	27.627471923828125	31.94427490234375	
270.71307373046875	69.36751556396484	27.721033096313477	32.052452087402344	
267.68792724609375	70.42610168457031	28.411972045898438	32.85135269165039	
265.63116455078125	68.3890151977539	28.034870147705078	32.41532897949219	
270.00018310546875	63.9489631652832	28.637826919555664	33.11249542236328	
278.06842041015625	58.080406188964844	28.835987091064453	33.34162139892578	
258.9544982910156	73.35684204101562	28.797500610351562	33.297119140625	
253.927734375	78.5753173828125	30.10199546813965	29.253299713134766	
253.14266967773438	79.12432098388672	30.512908935546875	28.092721939086914	
250.6010284423828	79.7083969116211	31.147708892822266	28.750911712646484	
250.17626953125	78.401611328125	32.01435089111328	29.033557891845703	
249.2720184326172	73.75433349609375	31.153661727905273	36.02143096923828	
249.4465789794922	77.23161315917969	31.292490005493164	29.701923370361328	
246.7863006591797	75.18775177001953	32.831993103027344	31.31170082092285	
249.2235870361328	73.31431579589844	32.11609649658203	29.9088077545166	
242.0049285888672	75.79078674316406	32.17343521118164	37.20054244995117	
242.9229736328125	76.24031066894531	33.49170684814453	30.61721420288086	
242.2470245361328	77.21034240722656	32.2018928527832	29.800085067749023	
242.1730499267578	73.6359634399414	31.840280532836914	36.815338134765625	
237.6606903076172	75.22979736328125	34.75772476196289	30.43255615234375	
238.23593139648438	76.26142120361328	34.42392349243164	31.057296752929688	
238.6293487548828	75.96104431152344	33.09432601928711	31.34928321838379	
237.74935913085938	77.73106384277344	31.842763900756836	29.953533172607422	
237.46340942382812	78.5106201171875	31.330495834350586	28.903522491455078	
234.831298828125	79.21857452392578	32.42572784423828	28.104055404663086	
232.56600952148438	80.43842315673828	32.869720458984375	28.73593521118164	
233.02359008789062	80.05775451660156	33.24494552612305	28.488544464111328	
231.3890380859375	78.09175872802734	31.90380859375	29.538671493530273	
231.2659454345703	77.04129791259766	32.83002471923828	29.861736297607422	
231.0622100830078	77.07718658447266	32.5623893737793	29.518016815185547	
230.4329071044922	75.95240783691406	33.85552215576172	30.06746482849121	
229.77749633789062	75.57022857666016	34.308868408203125	30.0289306640625	
230.1584930419922	76.47276306152344	33.427947998046875	30.034835815429688	
230.062255859375	76.09590911865234	33.84504699707031	31.51705551147461	
229.31503295898438	75.91529846191406	32.97966003417969	30.888412475585938	
228.075439453125	74.98908996582031	34.52532958984375	30.81720542907715	
230.506591796875	72.01774597167969	34.26435852050781	39.61817169189453	
229.39419555664062	75.9414291381836	32.97240447998047	31.022125244140625	
229.90231323242188	76.42105865478516	32.48109817504883	29.710262298583984	
230.5983428955078	75.29005432128906	32.44963836669922	29.618383407592773	
229.4931182861328	74.9436264038086	34.48890686035156	31.650720596313477	
231.471923828125	74.46701049804688	33.91314697265625	29.882404327392578	
232.5405731201172	74.41456604003906	34.484134674072266	30.588024139404297	
232.780517578125	74.23823547363281	36.19047927856445	31.061492919921875	
233.7794647216797	73.59257507324219	34.290077209472656	30.1096248626709	
233.61825561523438	73.16818237304688	35.37908172607422	31.181011199951172	
234.91748046875	73.49449157714844	34.62586975097656	31.30548667907715	
235.3733367919922	72.95063781738281	35.342552185058594	30.125377655029297	
235.65869140625	72.95216369628906	34.976295471191406	31.082107543945312	
236.5862274169922	73.21353912353516	33.600372314453125	32.29575729370117	
237.05874633789062	73.31169891357422	33.950340270996094	32.75559616088867	
237.830322265625	74.37489318847656	33.27656173706055	32.425048828125	
242.203125	75.05247497558594	32.268741607666016	30.486133575439453	
238.4173583984375	64.03252410888672	33.00811767578125	38.16564178466797	
241.72225952148438	65.7136459350586	31.63351058959961	36.57625198364258	
243.46292114257812	56.2007942199707	31.324209213256836	36.218624114990234	
246.67318725585938	69.70849609375	29.91878890991211	34.59360885620117	
241.604736328125	76.07453918457031	30.030033111572266	34.722232818603516	
248.73388671875	69.41534423828125	30.058124542236328	34.75471115112305	
246.7458038330078	73.89083862304688	30.2386531829834	30.133098602294922	
236.6586456298828	78.46493530273438	31.668685913085938	29.761682510375977	
236.9456787109375	79.40353393554688	32.05125045776367	30.660175323486328	
238.0320281982422	79.7845687866211	31.66799545288086	29.601953506469727	
247.92886352539062	70.5494613647461	30.410476684570312	31.672378540039062	
248.30947875976562	69.20518493652344	29.873733520507812	31.4693603515625	
247.47976684570312	70.06200408935547	30.458852767944336	30.294872283935547	
256.98406982421875	58.647186279296875	27.882436752319336	32.910919189453125	
263.1085205078125	53.829307556152344	28.962703704833984	31.233318328857422	
263.38800048828125	53.543052673339844	30.60674476623535	31.333240509033203	
263.95123291015625	54.681297302246094	31.07767677307129	29.631122589111328	
263.4588623046875	54.601837158203125	31.48870849609375	30.420984268188477	
264.06494140625	55.62052536010742	31.707714080810547	29.852787017822266	
262.3470458984375	56.739967346191406	31.240381240844727	29.70391273498535	
261.8730773925781	57.310340881347656	31.387470245361328	30.508167266845703	
262.44195556640625	56.871055603027344	30.943622589111328	30.488412857055664	
261.67742919921875	57.416664123535156	30.041702270507812	31.648418426513672	
260.2816467285156	58.23652267456055	30.522846221923828	30.983652114868164	
258.5179748535156	59.460716247558594	30.029888153076172	31.049495697021484	
258.28936767578125	59.004615783691406	29.61891746520996	31.797718048095703	
260.331787109375	58.194847106933594	28.493778228759766	31.946056365966797	
260.2414855957031	57.924964904785156	29.689228057861328	31.403121948242188	
262.032470703125	55.03928756713867	31.105310440063477	31.10818099975586	
263.013427734375	54.59804153442383	29.41414451599121	31.794010162353516	
261.8793640136719	52.622520446777344	28.87944984436035	33.391868591308594	
260.17791748046875	56.63496780395508	30.052331924438477	30.56207847595215	
259.044677734375	56.74372100830078	29.878414154052734	31.120121002197266	
257.7637023925781	56.337440490722656	30.562641143798828	33.370330810546875	
257.0	58.296051025390625	29.656768798828125	32.409568786621094	
256.12078857421875	58.105995178222656	30.080551147460938	35.18747329711914	
254.6212615966797	58.73801803588867	30.232067108154297	35.03144073486328	
251.92410278320312	60.071556091308594	31.160512924194336	35.64846420288086	
247.81149291992188	63.2303581237793	32.56848907470703	36.67259979248047	
244.47018432617188	65.93685913085938	32.41770553588867	35.448543548583984	
241.3326873779297	67.59397888183594	32.6925048828125	34.641929626464844	
238.68679809570312	69.21205139160156	32.753761291503906	34.10987091064453	
236.6714630126953	69.9455795288086	32.50067138671875	34.67374801635742	
235.1175994873047	70.341796875	32.53651428222656	35.215492248535156	
231.49356079101562	71.32085418701172	33.561248779296875	35.09492874145508	
228.916748046875	71.47486877441406	34.38278579711914	36.923255920410156	
228.1406707763672	72.37355041503906	33.45989227294922	36.69475555419922	
223.3241424560547	74.04493713378906	35.353065490722656	37.73578643798828	
221.64022827148438	74.88319396972656	35.1430778503418	38.557228088378906	
218.1831512451172	77.50848388671875	33.31165313720703	37.74861526489258	
214.84274291992188	80.75628662109375	30.82571029663086	36.32129669189453	
215.11880493164062	80.94808959960938	31.832494735717773	35.61985778808594	
215.8878631591797	79.71783447265625	31.823522567749023	37.454322814941406	
215.4161376953125	80.18238830566406	31.404129028320312	36.91421127319336	
215.61135864257812	79.6021728515625	31.258331298828125	36.089351654052734	
214.14932250976562	79.38523864746094	32.47569274902344	36.42326736450195	
211.0019073486328	82.46598052978516	31.318439483642578	33.66082763671875	
208.98910522460938	82.4868392944336	32.888633728027344	34.00998306274414	
206.74520874023438	83.74687194824219	32.98258590698242	33.44243240356445	
204.26785278320312	84.7642593383789	32.900325775146484	32.62910079956055	
203.25186157226562	85.31096649169922	31.25372314453125	32.612510681152344	
201.1796112060547	85.55107879638672	31.915557861328125	31.87322425842285	
199.7615966796875	86.03287506103516	31.147058486938477	32.32252883911133	
197.85321044921875	86.22838592529297	30.691967010498047	33.46278762817383	
195.4734344482422	87.1142349243164	31.36419677734375	32.79499053955078	
193.6668243408203	87.43754577636719	31.255741119384766	32.42401885986328	
191.04147338867188	87.52239990234375	31.32395362854004	32.09735870361328	
186.10406494140625	89.6524887084961	30.586023330688477	31.2421932220459	
183.2787322998047	89.50080871582031	32.32090377807617	31.932392120361328	
180.0916748046875	90.32572174072266	30.73152732849121	31.628314971923828	
177.78091430664062	90.79026794433594	30.40427589416504	32.292213439941406	
175.5548553466797	90.49347686767578	30.711772918701172	33.193763732910156	
173.16659545898438	91.1610336303711	30.574203491210938	32.14873123168945	
171.59999084472656	91.29959869384766	30.163990020751953	31.477514266967773	
169.7065887451172	91.91337585449219	29.476816177368164	31.625961303710938	
168.5259246826172	92.51188659667969	29.298355102539062	30.53200340270996	
167.087646484375	92.26145935058594	28.474468231201172	30.184865951538086	
166.543701171875	91.61808776855469	28.031402587890625	30.341350555419922	
166.08583068847656	91.61605834960938	27.583206176757812	32.402442932128906	
166.31466674804688	92.86116027832031	28.11504554748535	30.080373764038086	
168.30960083007812	91.12892150878906	28.71782875061035	33.204986572265625	
169.52064514160156	93.142578125	29.871234893798828	31.013072967529297	
172.5304412841797	92.7443618774414	30.920001983642578	31.427820205688477	
174.04196166992188	94.1348648071289	31.328479766845703	31.343048095703125	
177.85385131835938	93.94923400878906	31.6931209564209	32.532562255859375	
180.20346069335938	94.93421936035156	31.474340438842773	31.726856231689453	
184.01759338378906	96.05207824707031	29.846176147460938	30.715429306030273	
186.38204956054688	96.71885681152344	29.943893432617188	31.158361434936523	
187.44900512695312	98.16484069824219	30.730722427368164	31.397674560546875	
189.0118408203125	99.565185546875	29.705270767211914	31.021886825561523	
191.64065551757812	98.94837188720703	30.489242553710938	33.01156234741211	
191.7522735595703	99.74168395996094	31.434383392333984	33.3272705078125	
192.70022583007812	100.80924224853516	30.788211822509766	32.78577423095703	
192.50035095214844	102.72050476074219	31.121646881103516	31.407297134399414	
192.29208374023438	103.6803207397461	31.74519920349121	30.969507217407227	
192.75436401367188	104.5112533569336	31.290273666381836	30.640405654907227	
194.41726684570312	105.15435791015625	29.77280616760254	30.156749725341797	
194.1601104736328	106.75579833984375	30.01479148864746	28.356185913085938	
196.2869415283203	106.12349700927734	28.73370361328125	29.8220272064209	
195.1809539794922	107.7889404296875	28.7626953125	29.41518783569336	
194.1601104736328	109.1284408569336	29.756206512451172	29.031911849975586	
196.85205078125	108.98503112792969	26.27691650390625	30.382678985595703	
194.72654724121094	112.07490539550781	29.21242904663086	27.67245101928711	
194.78488159179688	112.87019348144531	29.631610870361328	28.91461181640625	
196.40232849121094	112.94134521484375	30.05401611328125	28.92507553100586	
196.14328002929688	115.01078796386719	29.26827621459961	29.40273666381836	
192.2722625732422	117.40080261230469	30.125986099243164	28.6922550201416	
193.42242431640625	117.78764343261719	30.448522567749023	30.805389404296875	
195.85166931152344	117.41072082519531	29.134872436523438	30.4764461517334	
195.7277069091797	117.8108139038086	29.88531494140625	33.30236053466797	
195.8756866455078	118.1954574584961	29.93911361694336	30.793041229248047	
199.0403594970703	116.34981536865234	29.375879287719727	33.965850830078125	
195.1966552734375	118.57887268066406	30.301456451416016	33.526580810546875	
195.4336395263672	118.67021179199219	30.74282455444336	33.264747619628906	
194.78610229492188	119.09767150878906	31.102252960205078	32.925262451171875	
194.72914123535156	119.248046875	31.934307098388672	36.41472625732422	
195.2633056640625	118.69058990478516	32.5861701965332	36.133033752441406	
196.4224395751953	118.59367370605469	31.4790096282959	35.640804290771484	
196.00991821289062	118.8990707397461	31.7049617767334	35.37664031982422	
195.75648498535156	118.36968994140625	32.39807891845703	36.929237365722656	
194.8931884765625	118.60359954833984	32.79692459106445	37.32521438598633	
195.70375061035156	118.0624771118164	32.14728546142578	38.56451416015625	
194.31253051757812	117.91508483886719	32.703697204589844	36.54316329956055	
195.48367309570312	118.15116882324219	31.57669448852539	35.679473876953125	
194.14718627929688	117.745849609375	31.541229248046875	36.03065872192383	
194.95242309570312	116.38729095458984	32.03755569458008	34.70380783081055	
194.50299072265625	115.7144546508789	31.792591094970703	33.90926742553711	
193.13720703125	114.16304779052734	32.39276123046875	34.61958694458008	
192.22592163085938	112.57100677490234	33.04576873779297	32.281959533691406	
191.80926513671875	110.40228271484375	31.734172821044922	32.18790054321289	
192.99717712402344	109.32572174072266	30.010753631591797	31.521886825561523	
191.87033081054688	107.6657943725586	29.94215965270996	32.22589874267578	
193.17852783203125	106.81706237792969	28.701696395874023	30.810623168945312	
191.7929229736328	106.06119537353516	29.584192276000977	30.517681121826172	
191.95822143554688	104.97029113769531	28.091075897216797	30.8083438873291	
191.11874389648438	104.1441421508789	27.615436553955078	30.03900146484375	
190.5291290283203	102.36627197265625	27.263118743896484	30.569042205810547	
190.41842651367188	102.44209289550781	26.540706634521484	29.201351165771484	
188.61602783203125	101.7257080078125	27.622411727905273	29.32712173461914	
187.82363891601562	100.92742156982422	27.961755752563477	28.6323184967041	
187.36788940429688	100.48045349121094	27.361434936523438	28.914575576782227	
186.02432250976562	99.70528411865234	27.177669525146484	29.255935668945312	
185.33865356445312	99.57984161376953	27.14180564880371	29.61069107055664	
184.56930541992188	99.20225524902344	27.557321548461914	30.086421966552734	
183.07456970214844	99.58811950683594	27.6184024810791	29.56351089477539	
182.05308532714844	99.74855041503906	28.194326400756836	29.061717987060547	
181.463134765625	100.0599365234375	28.45673179626465	28.258747100830078	
179.8674774169922	100.14314270019531	28.98032569885254	27.788463592529297	
179.06788635253906	99.81929016113281	28.6254825592041	28.142736434936523	
177.40042114257812	100.12718963623047	28.20798683166504	28.07962989807129	
176.09658813476562	99.73530578613281	27.953094482421875	28.220407485961914	
173.71517944335938	99.35811614990234	27.473369598388672	29.343780517578125	
172.07162475585938	98.39431762695312	28.9234619140625	29.663543701171875	
170.28842163085938	98.8436508178711	29.603515625	29.07806396484375	
168.76974487304688	98.54039764404297	31.277990341186523	29.102893829345703	
168.7648468017578	98.04471588134766	29.802881240844727	29.83395767211914	
166.9048614501953	97.44273376464844	29.988849639892578	31.051860809326172	
166.17291259765625	96.75992584228516	30.268177032470703	31.6433162689209	
165.5825653076172	96.05885314941406	29.95611572265625	31.665700912475586	
164.91671752929688	96.49226379394531	29.519359588623047	31.615978240966797	
164.41110229492188	95.86544799804688	29.72690773010254	31.64166831970215	
164.30648803710938	95.62788391113281	30.040884017944336	32.186763763427734	
163.83848571777344	95.0264892578125	31.07366371154785	33.49681854248047	
164.3673858642578	95.25276947021484	31.46419906616211	31.662622451782227	
164.33859252929688	96.5387191772461	29.36370849609375	32.027278900146484	
165.49783325195312	96.8100814819336	30.874134063720703	31.451797485351562	
166.69473266601562	97.46062469482422	31.233993530273438	31.429590225219727	
169.5990447998047	98.68196868896484	30.716350555419922	29.761714935302734	
172.00747680664062	99.37092590332031	30.022964477539062	29.061264038085938	
173.51535034179688	99.89515686035156	29.80112075805664	29.526172637939453	
176.3816375732422	100.19422149658203	30.118066787719727	29.912179946899414	
180.34109497070312	100.48477172851562	29.331127166748047	29.18195152282715	
183.9028778076172	101.50460052490234	28.529178619384766	29.296886444091797	
185.83834838867188	102.07041931152344	28.318157196044922	29.0238094329834	
189.14779663085938	102.80696105957031	28.096202850341797	29.065509796142578	
190.7506103515625	104.14149475097656	28.079837799072266	28.26932144165039	
193.07977294921875	104.47947692871094	28.094467163085938	28.876989364624023	
195.2373504638672	104.63651275634766	28.632543563842773	29.984760284423828	
198.1310577392578	105.4098892211914	27.955921173095703	28.914947509765625	
201.3494415283203	105.9521713256836	27.366046905517578	29.064708709716797	
202.2874755859375	106.65827941894531	28.502416610717773	29.276357650756836	
203.1606903076172	107.27009582519531	28.68927001953125	29.381311416625977	
204.6001739501953	107.33753967285156	27.78899574279785	29.792667388916016	
206.01504516601562	106.58846282958984	28.053386688232422	32.13166427612305	
205.60140991210938	107.50347900390625	28.278446197509766	31.960342407226562	
204.8122100830078	108.57194519042969	29.260183334350586	31.33943748474121	
205.43197631835938	109.80721282958984	27.613910675048828	29.8636531829834	
204.65988159179688	110.42897033691406	28.621173858642578	29.243234634399414	
205.89089965820312	111.5130386352539	26.841808319091797	28.622543334960938	
206.2713165283203	112.58048248291016	27.918132781982422	27.238086700439453	
207.57369995117188	112.870361328125	28.901702880859375	27.452625274658203	
209.8647918701172	112.61299133300781	29.379772186279297	28.120229721069336	
212.0520477294922	112.53369140625	30.233016967773438	28.2548828125	
214.1000213623047	112.5525131225586	31.141521453857422	28.578699111938477	
215.3601837158203	112.98652648925781	31.652587890625	27.350671768188477	
217.8595428466797	112.21223449707031	32.124794006347656	28.624378204345703	
220.15451049804688	112.03670501708984	32.32986068725586	28.739303588867188	
221.8860321044922	112.02518463134766	31.64358139038086	29.099727630615234	
224.2258758544922	111.34791564941406	31.496013641357422	30.9091854095459	
226.2153778076172	110.63594055175781	31.77616310119629	32.18364715576172	
227.4091796875	111.02192687988281	31.82318687438965	31.7845458984375	
230.25857543945312	109.93951416015625	31.12766456604004	32.8074836730957	
232.0856475830078	109.1879653930664	30.196979522705078	33.769737243652344	
233.2705078125	108.5686264038086	30.09439468383789	34.10357666015625	
234.4098358154297	108.01838684082031	29.679676055908203	34.36967468261719	
234.20654296875	107.60246276855469	30.59124183654785	35.89973449707031	
235.0068817138672	107.6990737915039	29.5867919921875	36.17950439453125	
234.0209503173828	108.07816314697266	30.462011337280273	36.13311767578125	
233.91342163085938	109.45716857910156	29.948322296142578	35.82048797607422	
234.0299072265625	110.2850112915039	29.686899185180664	35.74837112426758	
232.78591918945312	111.48760986328125	29.795312881469727	34.431331634521484	
231.1195831298828	111.59123229980469	30.254745483398438	36.01661682128906	
229.78079223632812	112.25553131103516	30.309467315673828	35.08245086669922	
227.7666015625	112.24382019042969	30.64628028869629	34.538944244384766	
226.5038299560547	111.4931411743164	30.132808685302734	35.811954498291016	
226.9181671142578	111.0869369506836	28.710006713867188	36.02214050292969	
224.1694793701172	111.34849548339844	29.875560760498047	35.9196891784668	
223.527099609375	111.25401306152344	30.476415634155273	36.577186584472656	
222.1508026123047	110.9836196899414	30.00686264038086	38.19709396362305	
220.6695556640625	110.86033630371094	29.835098266601562	36.25273895263672	
219.2337188720703	110.55189514160156	31.330509185791016	36.5863151550293	
218.6468048095703	112.64457702636719	31.26997947692871	35.607086181640625	
218.6780548095703	111.09627532958984	31.602792739868164	36.623809814453125	
218.3310089111328	107.4498519897461	31.34573745727539	39.27508544921875	
219.03732299804688	105.9356689453125	30.884613037109375	40.4293098449707	
219.22085571289062	105.6766586303711	31.164270401000977	42.37308120727539	
218.9878387451172	105.036865234375	30.54054832458496	43.97852325439453	
219.06973266601562	105.2898178100586	29.868602752685547	42.543113708496094	
218.17214965820312	104.71241760253906	31.18381690979004	41.51523971557617	
215.7532196044922	104.41560363769531	34.364723205566406	40.86396408081055	
215.464599609375	106.45674896240234	33.81352615356445	39.932289123535156	
215.1326141357422	108.4814224243164	33.51457977294922	36.456748962402344	
214.3396453857422	109.34953308105469	33.05720901489258	36.639617919921875	
213.53713989257812	109.53497314453125	31.96382713317871	35.12236785888672	
211.32675170898438	109.1192398071289	32.39765167236328	32.946746826171875	
210.43618774414062	110.65272521972656	33.10860824584961	30.193660736083984	
207.2644500732422	109.6231460571289	33.370872497558594	31.1146183013916	
204.87124633789062	109.18977355957031	32.935787200927734	32.6406135559082	
201.9719696044922	109.57231140136719	32.69043731689453	33.993045806884766	
196.5554962158203	107.82084655761719	32.56121063232422	34.56532287597656	
193.4069366455078	107.21427917480469	31.053668975830078	35.90578842163086	
192.3863525390625	108.18986511230469	30.72317886352539	31.99825668334961	
189.33924865722656	108.59199523925781	30.254711151123047	30.28225326538086	
184.5233154296875	108.55888366699219	29.45761489868164	28.817096710205078	
181.4506072998047	107.90705871582031	30.082256317138672	29.088115692138672	
179.61009216308594	109.49482727050781	31.129100799560547	28.720645904541016	
177.78639221191406	109.27961730957031	31.19293212890625	28.244831085205078	
177.97921752929688	107.74784851074219	29.080402374267578	27.707035064697266	
179.58026123046875	107.08802795410156	28.321619033813477	26.217676162719727	
179.37161254882812	106.74324798583984	27.742090225219727	26.663782119750977	
179.1710205078125	106.95939636230469	27.17771339416504	25.4244384765625	
178.34083557128906	107.34440612792969	25.907135009765625	25.365793228149414	
178.6204833984375	107.58902740478516	25.78812026977539	24.558319091796875	
177.8980712890625	107.29289245605469	26.400049209594727	25.90781021118164	
179.4265594482422	107.78392028808594	26.598037719726562	24.19895362854004	
180.4868927001953	108.77120208740234	25.7294979095459	23.729473114013672	
181.46522521972656	110.03596496582031	25.230316162109375	22.475688934326172	
182.474853515625	110.4446029663086	25.023744583129883	23.052753448486328	
177.47314453125	111.35321044921875	26.139385223388672	23.44217300415039	
178.40769958496094	112.3558349609375	26.082855224609375	24.15194320678711	
182.3826446533203	113.15323638916016	24.751707077026367	22.68421745300293	
182.77096557617188	112.3830795288086	25.371490478515625	22.489730834960938	
185.03895568847656	112.62445068359375	25.614200592041016	23.413549423217773	
187.43955993652344	111.76300048828125	24.956727981567383	22.596858978271484	
187.5272674560547	111.04655456542969	25.96795654296875	22.9854793548584	
187.38070678710938	109.0328598022461	26.967992782592773	24.28896141052246	
189.037109375	106.70601654052734	25.506044387817383	25.565011978149414	
187.98831176757812	104.3986587524414	24.94196891784668	27.672332763671875	
189.5022735595703	99.44206237792969	24.6656551361084	31.341928482055664	
