154.0	46.0	9.0	19.0	
153.34197998046875	45.29396438598633	9.140968322753906	19.017404556274414	
153.29074096679688	44.91316604614258	9.154065132141113	19.014080047607422	
153.0870819091797	44.55952072143555	9.113658905029297	19.378019332885742	
153.0056610107422	44.40326690673828	8.88493537902832	18.66016387939453	
153.17190551757812	44.57532501220703	8.515959739685059	18.497413635253906	
152.87127685546875	44.32466125488281	8.703454971313477	18.142053604125977	
152.7981414794922	44.00558853149414	8.812768936157227	18.76485252380371	
152.65084838867188	44.30714797973633	8.808562278747559	18.783185958862305	
152.6287078857422	44.206947326660156	9.156669616699219	18.996490478515625	
152.5275115966797	44.46331787109375	8.954241752624512	18.564441680908203	
151.9403839111328	43.004661560058594	9.011289596557617	19.067890167236328	
151.05616760253906	42.092864990234375	9.692876815795898	19.454544067382812	
151.3199005126953	42.8367919921875	9.174199104309082	18.66613006591797	
150.96939086914062	42.77660369873047	9.499235153198242	18.690753936767578	
151.26333618164062	43.49027633666992	9.503934860229492	17.99785804748535	
151.29164123535156	43.11652374267578	9.180864334106445	18.503772735595703	
151.29495239257812	43.9123420715332	9.721354484558105	18.109376907348633	
151.37518310546875	44.41396713256836	9.790311813354492	17.348262786865234	
149.71095275878906	42.53271484375	9.491159439086914	20.036903381347656	
149.7381591796875	43.484619140625	9.410642623901367	17.041765213012695	
149.2129364013672	43.31928253173828	9.768350601196289	17.5513973236084	
149.80226135253906	44.067996978759766	8.530282020568848	17.90058135986328	
150.50149536132812	44.188682556152344	8.205577850341797	17.851634979248047	
150.41342163085938	44.69594955444336	8.768356323242188	17.76603126525879	
149.8954315185547	43.70437240600586	8.604247093200684	18.098703384399414	
150.23928833007812	43.65629959106445	8.125738143920898	18.1415958404541	
150.09210205078125	44.22184753417969	8.710098266601562	18.111583709716797	
149.17025756835938	42.78086471557617	8.438033103942871	19.640018463134766	
149.0423126220703	42.30979537963867	8.922894477844238	19.319927215576172	
149.16232299804688	42.76758575439453	8.996060371398926	19.067773818969727	
149.01901245117188	42.38032531738281	8.810050964355469	20.183061599731445	
148.63047790527344	42.144954681396484	9.07799243927002	19.6490478515625	
148.84368896484375	41.51201629638672	9.127787590026855	20.167346954345703	
148.75465393066406	41.11231231689453	8.851019859313965	20.143997192382812	
148.43792724609375	41.784034729003906	9.079078674316406	19.946645736694336	
148.3673858642578	41.19036102294922	8.901737213134766	21.010059356689453	
148.1678466796875	40.78310012817383	8.912979125976562	20.9963321685791	
148.2100372314453	40.7623405456543	8.814508438110352	20.38058853149414	
148.13673400878906	41.30035400390625	9.230701446533203	20.260303497314453	
147.9918975830078	40.29009246826172	9.420958518981934	20.93832778930664	
148.03294372558594	39.97235870361328	9.51435661315918	21.386171340942383	
148.14564514160156	39.69843673706055	9.61194896697998	21.239788055419922	
148.2660369873047	39.603309631347656	9.25879192352295	21.212234497070312	
148.45849609375	39.82447052001953	9.065945625305176	20.798919677734375	
148.2559356689453	40.00487518310547	9.319352149963379	20.941328048706055	
148.06069946289062	39.98668670654297	9.590914726257324	20.922344207763672	
147.8882598876953	39.70787811279297	9.813741683959961	21.320964813232422	
147.87596130371094	40.00520706176758	9.272396087646484	20.53229331970215	
145.99600219726562	39.282798767089844	10.168116569519043	21.46603775024414	
147.74790954589844	41.18523406982422	9.23691177368164	19.292125701904297	
147.7610321044922	40.477203369140625	9.360136032104492	19.17819595336914	
146.61497497558594	39.037132263183594	9.384115219116211	20.1155948638916	
147.8153076171875	40.607521057128906	9.061888694763184	19.484989166259766	
147.63247680664062	40.60535430908203	9.004425048828125	19.441255569458008	
146.8495330810547	39.90369415283203	9.008651733398438	19.921865463256836	
145.7578125	38.671592712402344	9.279000282287598	20.581729888916016	
146.60916137695312	39.70364761352539	9.458468437194824	19.96460723876953	
146.55014038085938	38.98009490966797	9.459805488586426	20.929353713989258	
146.4205322265625	39.644203186035156	9.502885818481445	19.975526809692383	
145.9286346435547	39.43483352661133	9.589447021484375	19.727869033813477	
145.8928680419922	39.422340393066406	9.716455459594727	19.946163177490234	
144.89645385742188	36.99675750732422	10.956564903259277	23.13054084777832	
144.93907165527344	39.35117721557617	10.435234069824219	19.364368438720703	
144.8493194580078	39.560325622558594	10.972607612609863	20.07138442993164	
144.52334594726562	39.228912353515625	10.548578262329102	19.899150848388672	
144.4529266357422	38.29014205932617	10.02490234375	20.073081970214844	
144.3763427734375	38.803565979003906	9.283712387084961	20.495241165161133	
143.85110473632812	38.92878341674805	9.584894180297852	20.30927848815918	
143.518798828125	38.760066986083984	9.474923133850098	20.16319465637207	
143.76687622070312	38.70166015625	9.676491737365723	19.758235931396484	
143.69076538085938	38.563812255859375	9.710354804992676	20.181621551513672	
143.0157012939453	38.680809020996094	9.304239273071289	19.002391815185547	
142.16873168945312	37.21379470825195	9.495684623718262	19.097131729125977	
142.4707489013672	38.1597785949707	8.952259063720703	17.836849212646484	
141.89889526367188	37.79267120361328	9.177619934082031	17.834274291992188	
141.8380584716797	38.27077102661133	8.973733901977539	17.365127563476562	
141.791748046875	37.88285827636719	8.724063873291016	17.316896438598633	
142.17422485351562	37.980323791503906	8.358184814453125	18.210155487060547	
142.09030151367188	37.3942985534668	8.617647171020508	19.211191177368164	
141.86404418945312	37.21978759765625	8.628335952758789	19.176517486572266	
141.79861450195312	37.843048095703125	8.547903060913086	18.242969512939453	
141.5442657470703	37.66715621948242	9.160252571105957	18.880680084228516	
140.79959106445312	37.22134780883789	9.56745433807373	19.901805877685547	
140.44888305664062	36.83897018432617	9.358753204345703	19.55025863647461	
140.65818786621094	36.644615173339844	9.366656303405762	20.09951400756836	
140.1817626953125	36.38994216918945	9.576441764831543	19.757102966308594	
138.98426818847656	35.448265075683594	9.990111351013184	20.473392486572266	
139.81370544433594	36.31873321533203	9.861749649047852	19.812671661376953	
139.85855102539062	36.21123123168945	9.629401206970215	19.655786514282227	
138.37527465820312	35.66569900512695	10.133325576782227	20.028364181518555	
138.06103515625	35.1353645324707	10.488174438476562	22.141719818115234	
138.07302856445312	35.95311737060547	9.763195991516113	18.76949691772461	
138.57516479492188	37.026729583740234	9.685994148254395	19.190603256225586	
137.964599609375	36.21605682373047	9.473828315734863	18.818401336669922	
137.9928741455078	36.02106857299805	10.003740310668945	19.12468147277832	
137.7379913330078	35.28044128417969	10.658878326416016	20.5325984954834	
137.3580780029297	35.2573356628418	10.463174819946289	20.812335968017578	
137.60264587402344	35.615718841552734	10.784749031066895	20.86746597290039	
136.771484375	35.011749267578125	11.560068130493164	20.447729110717773	
137.00794982910156	35.20972442626953	10.054764747619629	20.205188751220703	
136.0709991455078	34.70356750488281	10.73554515838623	21.597721099853516	
136.11831665039062	35.233638763427734	10.318636894226074	20.01631736755371	
136.0065155029297	35.21807861328125	9.599101066589355	20.375391006469727	
135.31448364257812	34.47553634643555	10.215681076049805	19.767526626586914	
135.31021118164062	34.912803649902344	10.017656326293945	19.656885147094727	
135.43002319335938	34.79594802856445	10.74052619934082	20.27107048034668	
135.28524780273438	34.377166748046875	10.430877685546875	19.97953987121582	
135.2648162841797	34.17119598388672	10.475278854370117	20.55715560913086	
134.92343139648438	33.855262756347656	10.773458480834961	20.090396881103516	
133.578369140625	33.26765441894531	11.317314147949219	19.360515594482422	
134.26498413085938	33.77577590942383	10.402318000793457	19.48196029663086	
134.51541137695312	33.33309555053711	10.773431777954102	20.316150665283203	
134.24359130859375	32.87478256225586	11.524270057678223	21.080739974975586	
134.02105712890625	31.674407958984375	11.448637008666992	21.99753189086914	
133.92445373535156	31.790807723999023	11.148994445800781	21.04354476928711	
133.9169921875	32.789710998535156	11.188665390014648	20.337106704711914	
133.16732788085938	32.14897918701172	11.686206817626953	20.808700561523438	
132.532470703125	31.7142391204834	11.032322883605957	21.078861236572266	
132.7099151611328	31.874719619750977	11.294517517089844	21.27874183654785	
132.50619506835938	31.502124786376953	10.896015167236328	21.392269134521484	
132.68002319335938	30.94439125061035	10.924100875854492	21.440845489501953	
133.17544555664062	31.057714462280273	10.451946258544922	21.521862030029297	
133.5778045654297	31.079132080078125	10.30238151550293	22.15976905822754	
133.47195434570312	30.691532135009766	10.17244815826416	22.939102172851562	
133.32424926757812	31.39023208618164	10.253156661987305	21.833728790283203	
133.01913452148438	31.30879783630371	10.518165588378906	22.437423706054688	
132.77206420898438	30.618560791015625	10.432718276977539	21.95240592956543	
132.4210968017578	30.74191665649414	10.764459609985352	22.128765106201172	
132.3919677734375	31.190872192382812	11.273004531860352	22.18424415588379	
132.10427856445312	30.233654022216797	11.53283977508545	22.981698989868164	
131.8302459716797	30.4263916015625	10.74957275390625	22.861530303955078	
132.0037384033203	30.410694122314453	10.741170883178711	21.66594696044922	
131.25558471679688	29.760623931884766	10.67811393737793	22.446002960205078	
131.6524658203125	30.3597354888916	10.397897720336914	22.073034286499023	
131.22732543945312	29.487396240234375	10.879788398742676	23.267335891723633	
131.23695373535156	28.840465545654297	10.593037605285645	23.387950897216797	
131.19027709960938	28.82126808166504	10.6690034866333	22.469894409179688	
131.35516357421875	28.869714736938477	10.387202262878418	21.970338821411133	
131.38792419433594	28.65350341796875	10.27355670928955	22.164188385009766	
131.03611755371094	28.493724822998047	10.137714385986328	22.83055305480957	
131.2136993408203	28.828350067138672	9.845346450805664	22.560672760009766	
130.94586181640625	29.340084075927734	10.136591911315918	22.18951416015625	
130.1970672607422	28.842754364013672	10.849640846252441	21.40709114074707	
130.2145538330078	28.717493057250977	11.746204376220703	21.690244674682617	
130.152587890625	29.182209014892578	11.423470497131348	21.85313606262207	
130.36331176757812	28.52509117126465	10.6511869430542	21.86538314819336	
130.79869079589844	28.076025009155273	10.563039779663086	22.737537384033203	
130.78359985351562	27.562597274780273	10.381702423095703	22.797748565673828	
129.96359252929688	26.7374324798584	9.783268928527832	21.5802059173584	
129.8610076904297	27.666484832763672	10.271161079406738	21.804697036743164	
130.4417724609375	27.173358917236328	10.279382705688477	22.0963134765625	
130.1523895263672	26.819650650024414	9.866582870483398	22.446008682250977	
130.4388885498047	26.74493980407715	9.930944442749023	22.502696990966797	
129.96688842773438	26.306961059570312	10.151812553405762	22.475793838500977	
129.27345275878906	27.35421371459961	10.538918495178223	22.215511322021484	
129.4145050048828	27.243541717529297	10.338285446166992	21.99660873413086	
129.35000610351562	27.39695167541504	10.659164428710938	22.509925842285156	
128.7266387939453	26.765594482421875	10.291009902954102	22.882997512817383	
129.12973022460938	26.62750244140625	10.166646957397461	22.839412689208984	
128.7447509765625	26.278606414794922	10.427969932556152	23.161222457885742	
128.74832153320312	26.831857681274414	10.707818031311035	22.221508026123047	
128.87193298339844	26.397436141967773	10.329002380371094	21.718799591064453	
128.42987060546875	26.788501739501953	10.070734024047852	21.531085968017578	
128.2544403076172	26.15337562561035	9.732504844665527	21.873050689697266	
128.09390258789062	27.022441864013672	9.928324699401855	21.13347816467285	
127.45158386230469	27.09957504272461	10.660242080688477	21.587200164794922	
127.32073974609375	27.451908111572266	10.362930297851562	21.16886329650879	
127.28375244140625	26.943904876708984	10.474485397338867	21.410263061523438	
126.87939453125	26.705886840820312	10.533197402954102	21.635147094726562	
127.0788803100586	26.62738037109375	10.1724853515625	21.776813507080078	
127.21113586425781	25.837453842163086	10.940535545349121	21.705059051513672	
126.90989685058594	25.676488876342773	11.218111038208008	21.96932601928711	
126.4314193725586	26.4116268157959	10.907757759094238	20.91014289855957	
126.10209655761719	25.850444793701172	10.921659469604492	21.896228790283203	
126.26716613769531	25.752492904663086	11.325467109680176	21.840370178222656	
126.44866943359375	25.57808494567871	11.086189270019531	22.014629364013672	
126.2437973022461	25.988494873046875	10.337503433227539	21.586706161499023	
126.10038757324219	25.821075439453125	10.86449909210205	21.202486038208008	
126.07774353027344	26.304046630859375	11.033001899719238	20.939184188842773	
125.8559799194336	25.75571060180664	10.778207778930664	21.024700164794922	
125.58500671386719	26.3856258392334	11.001818656921387	20.572784423828125	
125.87092590332031	25.87063980102539	10.793828964233398	21.158397674560547	
125.9842300415039	25.55501365661621	10.625628471374512	21.073646545410156	
125.90472412109375	25.779186248779297	10.416933059692383	21.500322341918945	
125.7258071899414	25.586456298828125	10.985986709594727	21.294710159301758	
125.66973876953125	25.366798400878906	10.974339485168457	21.131149291992188	
125.66484069824219	24.58223533630371	11.45244312286377	22.420822143554688	
125.59619140625	24.17024803161621	10.813584327697754	22.834060668945312	
125.82649993896484	23.925607681274414	11.129438400268555	23.105884552001953	
125.65568542480469	24.035367965698242	10.749316215515137	22.153072357177734	
125.57453918457031	24.423023223876953	10.565807342529297	21.16482162475586	
125.6983642578125	24.63291358947754	10.981222152709961	21.43966293334961	
125.76522064208984	24.84695053100586	11.255167961120605	21.121715545654297	
125.50897216796875	23.70068359375	10.797467231750488	22.371135711669922	
125.62396240234375	23.332256317138672	11.101285934448242	22.793975830078125	
125.49754333496094	23.941980361938477	11.075211524963379	21.943349838256836	
125.57575988769531	23.83303451538086	11.604897499084473	22.016780853271484	
125.47271728515625	24.347675323486328	11.32270336151123	21.825998306274414	
125.35738372802734	24.346590042114258	11.83348274230957	22.320886611938477	
125.12574768066406	23.60550308227539	12.088891983032227	22.321699142456055	
125.15860748291016	23.78706169128418	11.733936309814453	22.2759952545166	
125.1922836303711	23.39224624633789	11.430110931396484	22.90066146850586	
125.22273254394531	23.424659729003906	11.224555969238281	22.59212875366211	
125.1761703491211	23.11184310913086	11.133630752563477	22.857006072998047	
125.14451599121094	22.555612564086914	11.047269821166992	22.82331657409668	
125.08802795410156	21.963653564453125	11.016656875610352	22.803794860839844	
125.08677673339844	22.03750228881836	11.326692581176758	23.213092803955078	
124.7929458618164	22.711158752441406	11.54277229309082	22.55340576171875	
124.99821472167969	22.762529373168945	11.46989631652832	22.57050132751465	
124.8402328491211	22.18880844116211	11.342489242553711	22.72954750061035	
124.7159194946289	23.134355545043945	11.06451416015625	22.840778350830078	
124.43670654296875	22.199413299560547	12.030111312866211	22.927963256835938	
124.28324890136719	22.122148513793945	12.098966598510742	22.118392944335938	
124.36637878417969	22.413928985595703	11.223382949829102	22.366901397705078	
124.82279968261719	22.14504051208496	11.318360328674316	21.725902557373047	
124.63951110839844	21.750316619873047	11.317707061767578	22.470561981201172	
124.82918548583984	21.514577865600586	10.542016983032227	22.99319839477539	
124.8736572265625	21.677169799804688	10.103411674499512	22.676454544067383	
125.0855712890625	21.7211856842041	9.771210670471191	22.65394401550293	
125.1724624633789	21.450712203979492	10.267948150634766	22.548574447631836	
125.19020080566406	20.688297271728516	10.016751289367676	23.065340042114258	
125.1707992553711	21.76923942565918	9.982952117919922	23.054349899291992	
125.1921157836914	21.33780288696289	10.384317398071289	22.80896759033203	
125.04743957519531	21.352794647216797	10.438789367675781	23.334915161132812	
124.8083267211914	21.801605224609375	10.847925186157227	22.032882690429688	
124.44450378417969	21.7197322845459	11.315539360046387	22.11952018737793	
124.67369079589844	21.271617889404297	11.059226989746094	22.48381805419922	
124.75663757324219	21.658157348632812	10.389004707336426	22.06167984008789	
124.65501403808594	21.667564392089844	10.345251083374023	22.760156631469727	
124.6473388671875	21.448585510253906	10.797868728637695	22.655017852783203	
124.5181884765625	21.774356842041016	10.662762641906738	22.59157943725586	
124.19490051269531	21.470203399658203	10.507009506225586	22.83085823059082	
124.12757873535156	21.30494499206543	11.017187118530273	23.03937530517578	
124.01908874511719	21.46122932434082	11.055888175964355	22.22488021850586	
124.08370208740234	21.58066177368164	10.564512252807617	21.962650299072266	
124.40899658203125	21.990276336669922	10.644979476928711	21.62987518310547	
124.4044418334961	21.890872955322266	10.38648796081543	21.469003677368164	
124.1673812866211	22.11356544494629	10.761451721191406	21.672794342041016	
123.89173889160156	21.300710678100586	10.587890625	21.996883392333984	
123.78474426269531	21.407716751098633	10.560701370239258	21.679141998291016	
123.88246154785156	21.0617733001709	10.34994125366211	21.915607452392578	
123.7620849609375	20.722009658813477	10.087170600891113	21.615345001220703	
124.14457702636719	21.191495895385742	9.850700378417969	20.495920181274414	
124.27388000488281	22.558719635009766	9.613840103149414	19.968421936035156	
124.2934799194336	22.035226821899414	9.249844551086426	19.827884674072266	
124.18475341796875	21.85022735595703	9.317285537719727	19.977401733398438	
124.2398681640625	21.993106842041016	9.438910484313965	19.974464416503906	
124.3025894165039	21.76689910888672	9.245841026306152	20.121007919311523	
124.5099868774414	22.08544921875	9.361527442932129	19.910839080810547	
124.53055572509766	21.364032745361328	9.202905654907227	20.190155029296875	
124.38224792480469	21.533763885498047	8.895421981811523	19.90151596069336	
124.5050048828125	21.301753997802734	8.864767074584961	20.356555938720703	
124.22965240478516	21.02971649169922	9.23316764831543	20.160964965820312	
124.3570556640625	21.241878509521484	9.00561809539795	19.984142303466797	
124.5822982788086	21.369171142578125	8.97819995880127	19.96976089477539	
124.43389892578125	21.338611602783203	9.07752799987793	19.884511947631836	
124.45851135253906	21.921398162841797	9.278044700622559	19.614850997924805	
124.368408203125	21.59290313720703	9.240904808044434	19.693584442138672	
124.2219009399414	21.34694480895996	9.214340209960938	19.776342391967773	
124.07601165771484	21.549409866333008	9.556474685668945	20.1508846282959	
124.12351989746094	21.625886917114258	9.669297218322754	20.268169403076172	
123.8804931640625	21.389606475830078	10.00167465209961	20.548341751098633	
123.75917053222656	21.903560638427734	9.784235000610352	20.411666870117188	
123.55224609375	20.800561904907227	10.104421615600586	21.291927337646484	
123.51792907714844	20.357803344726562	10.32276439666748	21.121442794799805	
123.7476806640625	20.438383102416992	9.617435455322266	21.24850845336914	
123.31108093261719	19.996511459350586	9.804398536682129	22.339555740356445	
122.90962219238281	19.539203643798828	9.971099853515625	22.980548858642578	
122.99104309082031	20.010570526123047	10.381616592407227	23.023456573486328	
122.7046127319336	20.084184646606445	11.353713989257812	23.31594467163086	
122.53117370605469	19.945085525512695	11.595781326293945	22.89523696899414	
123.57810974121094	20.793540954589844	10.555573463439941	22.284015655517578	
122.8336181640625	18.612947463989258	11.265073776245117	23.190149307250977	
122.38504791259766	18.11374282836914	10.949804306030273	24.535694122314453	
122.29499816894531	18.718585968017578	10.742409706115723	24.713573455810547	
122.0146484375	19.761611938476562	11.062514305114746	25.007169723510742	
121.99153137207031	19.960391998291016	11.4031400680542	25.203088760375977	
121.90738677978516	20.010753631591797	11.799638748168945	24.963762283325195	
121.72930908203125	19.075176239013672	12.088748931884766	25.386940002441406	
121.6482925415039	20.21474838256836	13.088674545288086	25.105361938476562	
121.61915588378906	19.783893585205078	12.824131965637207	24.36130142211914	
121.13458251953125	19.98065185546875	12.837739944458008	25.99502182006836	
121.7868881225586	19.579177856445312	12.62509822845459	25.941299438476562	
121.40626525878906	20.327590942382812	12.993026733398438	25.355798721313477	
121.6201400756836	20.548288345336914	13.04767894744873	24.304162979125977	
122.13912200927734	20.018835067749023	12.92156982421875	24.51117515563965	
122.228271484375	20.100662231445312	12.623512268066406	24.3847599029541	
122.58662414550781	19.896503448486328	12.213062286376953	24.462356567382812	
122.2539291381836	19.965850830078125	11.963239669799805	24.528884887695312	
122.35029602050781	19.301780700683594	11.514894485473633	23.827835083007812	
122.3617935180664	19.508594512939453	11.29499626159668	24.472463607788086	
123.37757873535156	19.996654510498047	11.902167320251465	24.517475128173828	
123.01960754394531	19.758255004882812	12.030725479125977	24.715543746948242	
123.27580261230469	20.265270233154297	11.91146183013916	24.475051879882812	
123.08964538574219	20.238996505737305	11.848942756652832	24.60504722595215	
123.79450988769531	20.122066497802734	11.8735933303833	25.082176208496094	
123.72064208984375	19.902713775634766	11.879258155822754	24.46414566040039	
123.31656646728516	20.026769638061523	12.193266868591309	24.665332794189453	
122.65470886230469	19.91156578063965	12.46212387084961	24.2839412689209	
123.468505859375	19.846651077270508	12.513870239257812	24.445201873779297	
124.5222396850586	19.55682945251465	12.311529159545898	24.54330825805664	
124.65323638916016	20.40985679626465	12.740411758422852	24.494152069091797	
123.96534729003906	20.513046264648438	12.237397193908691	23.47041893005371	
124.76310729980469	21.125179290771484	11.58584213256836	23.249910354614258	
126.10139465332031	19.834491729736328	10.858278274536133	23.30342674255371	
125.78804016113281	19.949647903442383	11.166966438293457	23.954322814941406	
126.29061126708984	19.25149154663086	10.589822769165039	24.072509765625	
125.6716079711914	18.896770477294922	11.056429862976074	24.424856185913086	
125.10465240478516	19.43292236328125	11.688460350036621	25.040082931518555	
124.7153091430664	18.830503463745117	11.578335762023926	25.140209197998047	
125.0435791015625	19.29886817932129	11.910411834716797	24.947063446044922	
124.63731384277344	19.55874252319336	12.487737655639648	25.22567367553711	
124.12519836425781	19.770904541015625	12.83061408996582	25.180418014526367	
125.08109283447266	19.469772338867188	12.111624717712402	25.078630447387695	
123.95304870605469	19.73812484741211	12.101503372192383	24.22701644897461	
124.39341735839844	19.952489852905273	11.79433536529541	24.181167602539062	
124.1976089477539	20.29305076599121	11.840461730957031	23.481632232666016	
124.83042907714844	20.432273864746094	11.790583610534668	24.210281372070312	
124.6097640991211	19.886089324951172	11.582711219787598	24.316286087036133	
124.14979553222656	19.94849967956543	11.742912292480469	23.635730743408203	
123.22298431396484	20.162471771240234	12.230219841003418	24.54500961303711	
122.38250732421875	20.11654281616211	12.185880661010742	24.956546783447266	
123.20698547363281	19.53509521484375	11.832468032836914	24.98806381225586	
123.5999526977539	18.62588882446289	11.610952377319336	25.245410919189453	
123.7060546875	19.815149307250977	11.842440605163574	24.89084243774414	
123.28477478027344	19.36050796508789	11.899516105651855	24.968326568603516	
123.73934173583984	20.024250030517578	11.623653411865234	24.240991592407227	
123.31190490722656	20.20623207092285	11.968774795532227	23.95183753967285	
123.46663665771484	19.53790855407715	11.837888717651367	24.794647216796875	
123.05052185058594	20.04172706604004	12.24266242980957	24.749267578125	
123.04705810546875	20.553775787353516	12.373458862304688	24.720378875732422	
122.9058837890625	20.089130401611328	12.309782028198242	25.220279693603516	
123.11289978027344	19.795082092285156	11.911832809448242	25.138839721679688	
123.59086608886719	19.863300323486328	12.228890419006348	24.990829467773438	
123.98248291015625	19.997783660888672	11.750699043273926	23.73736000061035	
123.98710632324219	20.194927215576172	11.493509292602539	24.147449493408203	
124.86985778808594	19.763347625732422	11.218210220336914	24.64573860168457	
124.67826843261719	19.232585906982422	11.19298267364502	23.319904327392578	
124.8431167602539	18.893699645996094	11.191401481628418	23.59341812133789	
124.2800064086914	20.06199073791504	11.601705551147461	23.304767608642578	
124.69921875	19.995243072509766	11.694538116455078	23.01474952697754	
125.11860656738281	19.463504791259766	11.273716926574707	24.07341957092285	
124.2331771850586	20.197681427001953	11.39000129699707	24.161724090576172	
124.8649673461914	20.127378463745117	11.159696578979492	23.751441955566406	
124.86568450927734	20.374595642089844	11.301470756530762	23.644466400146484	
124.86351013183594	19.178136825561523	11.262468338012695	24.7928466796875	
124.78642272949219	20.822513580322266	11.613936424255371	23.91942596435547	
124.50602722167969	20.87825584411621	12.030122756958008	23.327007293701172	
124.2701644897461	21.102121353149414	12.22808837890625	23.403789520263672	
125.78192138671875	20.33081817626953	11.533230781555176	23.410079956054688	
128.19662475585938	19.376270294189453	10.9815092086792	24.060253143310547	
128.9186248779297	19.47614288330078	10.940417289733887	23.767986297607422	
130.47251892089844	19.08717918395996	10.93889331817627	23.77505874633789	
131.3238067626953	19.375934600830078	10.403611183166504	23.57462501525879	
131.10018920898438	19.212648391723633	10.113147735595703	23.144514083862305	
131.49935913085938	18.737316131591797	10.675243377685547	23.721071243286133	
131.5104522705078	19.028640747070312	10.302146911621094	23.4090576171875	
127.30228424072266	20.517406463623047	11.134785652160645	22.349750518798828	
130.32302856445312	19.904809951782227	10.430761337280273	22.20699691772461	
131.55264282226562	19.870723724365234	9.534483909606934	23.11395263671875	
132.1187744140625	20.3504638671875	9.735031127929688	23.952877044677734	
132.97125244140625	20.512348175048828	9.491901397705078	22.744762420654297	
132.5841522216797	20.819822311401367	9.411466598510742	20.64751434326172	
132.9783172607422	20.73982810974121	9.133840560913086	20.951229095458984	
133.10699462890625	20.71369171142578	9.500362396240234	22.199726104736328	
132.88214111328125	20.601428985595703	9.197261810302734	22.059118270874023	
132.62001037597656	21.804988861083984	9.51909351348877	21.508975982666016	
132.7183380126953	22.092243194580078	9.259092330932617	20.99086570739746	
132.9588623046875	21.77351188659668	9.226083755493164	19.721538543701172	
133.32144165039062	21.683481216430664	9.389108657836914	20.710086822509766	
133.07363891601562	20.166202545166016	9.51661491394043	21.658931732177734	
133.77523803710938	20.726045608520508	9.221464157104492	21.8349666595459	
133.70217895507812	19.522924423217773	8.831303596496582	23.06923484802246	
133.71817016601562	20.31549644470215	8.967565536499023	21.162059783935547	
133.8779754638672	20.321252822875977	8.752347946166992	21.882844924926758	
134.29281616210938	21.626094818115234	8.47602653503418	20.74335479736328	
133.98532104492188	21.396642684936523	8.513717651367188	20.322336196899414	
133.97181701660156	21.989700317382812	8.552401542663574	19.86306381225586	
134.46994018554688	21.88083267211914	9.021112442016602	20.860187530517578	
134.09555053710938	21.708553314208984	9.146965026855469	20.882457733154297	
134.21817016601562	21.89703369140625	8.726914405822754	20.99049949645996	
134.1766815185547	21.805458068847656	9.141569137573242	20.688091278076172	
133.8538360595703	21.628494262695312	8.966922760009766	19.94196128845215	
134.1630096435547	21.214359283447266	9.096040725708008	21.13239288330078	
134.71017456054688	21.771045684814453	9.016606330871582	20.870506286621094	
134.15701293945312	21.828006744384766	9.397601127624512	20.38753318786621	
134.44293212890625	22.234437942504883	9.545455932617188	20.505294799804688	
134.22830200195312	22.46337127685547	9.503493309020996	19.84823226928711	
134.41424560546875	22.625856399536133	9.115119934082031	19.809703826904297	
134.72787475585938	22.315868377685547	8.949544906616211	20.189376831054688	
134.3085174560547	21.3460636138916	8.957623481750488	20.736257553100586	
133.9246063232422	20.87750816345215	9.097683906555176	21.68380355834961	
134.04957580566406	21.068466186523438	9.209653854370117	21.499774932861328	
134.2000732421875	21.105846405029297	9.261712074279785	21.5955753326416	
134.28732299804688	21.018949508666992	9.353399276733398	22.133350372314453	
134.12368774414062	21.50404167175293	9.170129776000977	22.073434829711914	
134.18136596679688	21.136829376220703	9.03528881072998	21.625438690185547	
134.33277893066406	21.21548843383789	9.068679809570312	21.42630386352539	
134.41842651367188	21.147464752197266	9.30311107635498	21.005260467529297	
134.16517639160156	20.994455337524414	9.166443824768066	20.801212310791016	
133.619873046875	21.021976470947266	9.154335975646973	20.669288635253906	
133.43087768554688	21.168376922607422	8.973788261413574	20.80584144592285	
134.00746154785156	21.41910171508789	8.908411026000977	21.004474639892578	
133.6813507080078	20.96880531311035	9.220785140991211	20.687786102294922	
133.91506958007812	21.659847259521484	8.978860855102539	20.72744369506836	
133.58729553222656	21.997203826904297	8.987920761108398	21.108972549438477	
133.65097045898438	21.42398452758789	9.305723190307617	20.49422836303711	
133.62222290039062	21.51419448852539	8.961834907531738	19.99031639099121	
134.4105682373047	22.06263542175293	9.118537902832031	20.639671325683594	
134.33311462402344	22.004993438720703	9.251111030578613	21.017704010009766	
134.26409912109375	21.818527221679688	9.524874687194824	20.93338966369629	
134.57254028320312	22.032474517822266	9.475014686584473	20.627674102783203	
134.50076293945312	21.9403018951416	9.542265892028809	20.763050079345703	
134.67837524414062	22.121227264404297	9.282196044921875	20.0545654296875	
134.4559326171875	22.09454917907715	9.178674697875977	19.838537216186523	
134.2064971923828	22.164535522460938	8.816620826721191	19.724266052246094	
133.951904296875	21.977197647094727	8.534737586975098	19.575153350830078	
133.61215209960938	21.521005630493164	8.762372970581055	19.66094970703125	
133.17257690429688	21.294803619384766	8.926852226257324	19.43558120727539	
134.22377014160156	21.8476505279541	9.285513877868652	20.630422592163086	
133.94729614257812	21.62424659729004	9.42219352722168	20.248029708862305	
134.1829071044922	21.5461483001709	9.340194702148438	20.753122329711914	
133.9661407470703	21.407901763916016	9.527276992797852	20.927518844604492	
133.7321319580078	21.41593360900879	9.22454833984375	21.194013595581055	
133.72254943847656	21.18777847290039	9.178716659545898	21.661739349365234	
133.84983825683594	21.21442222595215	9.84050464630127	22.135183334350586	
133.8606414794922	21.23225975036621	9.627758979797363	21.869516372680664	
133.9956817626953	21.632766723632812	10.129687309265137	20.913684844970703	
133.83169555664062	21.27483367919922	9.740015029907227	21.66416358947754	
133.9956817626953	21.537109375	9.535833358764648	20.918832778930664	
133.9401397705078	21.51998519897461	9.531115531921387	20.812877655029297	
133.71951293945312	21.033111572265625	9.575858116149902	21.52536392211914	
133.8146514892578	21.024511337280273	9.696151733398438	21.37606430053711	
133.81930541992188	21.36585235595703	9.123527526855469	21.747900009155273	
133.78408813476562	21.124263763427734	9.590322494506836	21.701255798339844	
133.69573974609375	20.774120330810547	9.33714485168457	22.16433334350586	
133.85055541992188	21.15729331970215	9.646267890930176	22.02313804626465	
134.2417755126953	21.897079467773438	9.754110336303711	21.1258602142334	
134.0887908935547	21.736412048339844	9.40856647491455	20.954933166503906	
134.24484252929688	22.195636749267578	9.400108337402344	20.646268844604492	
133.81753540039062	22.101774215698242	9.438894271850586	21.08908462524414	
134.29525756835938	22.376184463500977	9.172773361206055	20.663227081298828	
134.02047729492188	22.072124481201172	9.427352905273438	20.85844612121582	
134.215576171875	22.17822265625	9.1705904006958	20.930667877197266	
134.1608428955078	22.195127487182617	8.923887252807617	21.061941146850586	
134.1321258544922	21.754283905029297	9.218931198120117	21.4266414642334	
134.45474243164062	22.230789184570312	9.257020950317383	20.724720001220703	
134.2515106201172	21.921194076538086	9.542306900024414	21.57790184020996	
134.1223602294922	21.62982177734375	9.542859077453613	21.778438568115234	
133.87503051757812	21.177335739135742	9.350889205932617	22.328065872192383	
133.8541717529297	21.085472106933594	9.278294563293457	22.691410064697266	
133.87254333496094	20.56813621520996	9.49463176727295	22.463804244995117	
133.96426391601562	21.12148666381836	9.716987609863281	22.28188133239746	
133.9272918701172	20.821056365966797	10.20255184173584	22.85158348083496	
134.07090759277344	21.763683319091797	10.016374588012695	22.648128509521484	
133.9969024658203	20.873409271240234	9.726344108581543	22.84609031677246	
134.1053924560547	20.6356258392334	9.3528470993042	22.96978759765625	
134.33828735351562	21.126142501831055	9.530149459838867	22.528507232666016	
134.69532775878906	21.51997947692871	9.401226043701172	22.02628517150879	
134.4383087158203	21.43942642211914	9.321623802185059	21.75601577758789	
134.57803344726562	21.68289566040039	9.230332374572754	22.0135498046875	
134.53509521484375	21.505653381347656	9.198381423950195	21.500017166137695	
134.92210388183594	22.721332550048828	9.36999225616455	20.21430778503418	
134.795654296875	22.971864700317383	9.369646072387695	19.7911319732666	
134.91397094726562	23.284709930419922	9.379844665527344	19.436756134033203	
134.80709838867188	23.10163116455078	9.349565505981445	19.299097061157227	
134.6034698486328	23.110864639282227	9.172749519348145	19.374887466430664	
134.42343139648438	22.803752899169922	9.489028930664062	19.88765525817871	
134.1122283935547	22.340559005737305	9.294696807861328	20.244287490844727	
134.4851837158203	22.27951431274414	9.268135070800781	20.022125244140625	
134.85861206054688	23.296661376953125	8.892425537109375	19.362464904785156	
134.6709442138672	23.389057159423828	8.918312072753906	18.631572723388672	
134.8879852294922	23.223896026611328	8.415814399719238	18.610851287841797	
135.63674926757812	24.157278060913086	8.500375747680664	18.286521911621094	
135.8855438232422	24.285659790039062	8.458067893981934	18.54788589477539	
135.35369873046875	24.11865234375	8.571307182312012	19.034961700439453	
135.29635620117188	23.987384796142578	8.296664237976074	18.28519630432129	
135.0945587158203	23.422475814819336	8.116205215454102	18.46170997619629	
135.30465698242188	23.574234008789062	8.218321800231934	18.280902862548828	
134.87411499023438	23.06638526916504	8.366941452026367	18.938274383544922	
135.34744262695312	23.444997787475586	8.439017295837402	18.650827407836914	
134.4408416748047	21.28900146484375	8.749837875366211	20.57803726196289	
135.4133758544922	22.85865592956543	8.80892276763916	19.360288619995117	
135.74899291992188	23.359600067138672	8.539421081542969	18.805606842041016	
135.95175170898438	23.717350006103516	8.65112018585205	18.293575286865234	
135.95741271972656	23.922468185424805	8.847601890563965	18.319114685058594	
135.9147491455078	23.69464683532715	8.867902755737305	18.512447357177734	
136.31784057617188	24.25794792175293	8.48247241973877	17.79380226135254	
136.3640594482422	24.39595603942871	8.539950370788574	17.64674949645996	
136.11080932617188	24.126863479614258	8.697365760803223	17.771587371826172	
136.2024383544922	23.815074920654297	8.746376037597656	18.324939727783203	
136.29837036132812	23.742374420166016	8.949687004089355	18.51999282836914	
135.990234375	23.3564395904541	9.101082801818848	18.933834075927734	
136.10836791992188	23.92652702331543	9.127889633178711	18.465471267700195	
135.95921325683594	23.421268463134766	8.81080150604248	18.51576805114746	
135.802734375	23.036550521850586	9.082805633544922	19.183080673217773	
135.94578552246094	23.676366806030273	9.308032035827637	19.120895385742188	
135.79898071289062	23.89926528930664	9.380403518676758	18.740459442138672	
136.07479858398438	24.002410888671875	9.087629318237305	19.261749267578125	
135.7382354736328	23.14755630493164	9.335126876831055	19.452739715576172	
135.70211791992188	23.261926651000977	9.515467643737793	19.361074447631836	
135.8523712158203	23.474340438842773	8.924683570861816	19.203330993652344	
135.9701690673828	23.113664627075195	9.1545991897583	19.382373809814453	
135.90065002441406	23.198856353759766	9.177862167358398	19.792253494262695	
135.9662628173828	23.336212158203125	9.177151679992676	19.231035232543945	
135.57717895507812	22.627330780029297	9.134841918945312	19.621278762817383	
135.50277709960938	22.481740951538086	9.208407402038574	19.550413131713867	
135.38565063476562	22.97970962524414	9.177095413208008	18.997278213500977	
134.97348022460938	22.504663467407227	9.179187774658203	19.303421020507812	
135.63754272460938	22.344226837158203	9.757676124572754	20.599563598632812	
135.2445068359375	22.440258026123047	9.383590698242188	19.357494354248047	
135.1034393310547	22.53445053100586	9.47205638885498	19.285491943359375	
135.3646697998047	23.162967681884766	9.479310989379883	18.667585372924805	
135.22702026367188	22.62432289123535	9.806121826171875	19.44326400756836	
135.6883544921875	22.951642990112305	9.431720733642578	18.753206253051758	
135.8500518798828	23.459644317626953	8.848962783813477	18.67732810974121	
135.6459503173828	22.574703216552734	9.060104370117188	19.25225257873535	
135.8115692138672	22.66381072998047	9.234130859375	19.7342529296875	
135.75343322753906	22.140459060668945	9.447924613952637	20.29701805114746	
136.12210083007812	22.18875503540039	9.178007125854492	20.42865562438965	
136.33160400390625	22.81081199645996	8.927106857299805	19.974529266357422	
136.08401489257812	22.77691078186035	9.125417709350586	19.353967666625977	
136.20535278320312	23.207103729248047	9.163674354553223	19.354856491088867	
136.05723571777344	22.724796295166016	9.128883361816406	19.291410446166992	
135.68751525878906	22.882198333740234	9.696887016296387	19.452491760253906	
136.34658813476562	23.468875885009766	9.25971508026123	19.11237144470215	
136.22462463378906	23.403575897216797	9.201303482055664	19.06661605834961	
136.15342712402344	23.6865177154541	9.226545333862305	18.773595809936523	
136.4385986328125	23.657085418701172	9.042028427124023	18.797786712646484	
136.6820831298828	24.154508590698242	9.050966262817383	18.594717025756836	
135.77088928222656	23.49833106994629	9.609261512756348	18.925182342529297	
135.9125518798828	23.417724609375	9.353113174438477	18.724218368530273	
135.75537109375	23.112323760986328	9.198980331420898	18.943805694580078	
136.67721557617188	23.873291015625	8.81379508972168	18.327617645263672	
136.60968017578125	23.504230499267578	8.71746826171875	18.8873233795166	
136.85464477539062	23.75407600402832	8.831235885620117	18.809587478637695	
136.6395263671875	23.44133186340332	8.57671070098877	18.952478408813477	
136.8525848388672	23.978017807006836	8.754937171936035	18.824722290039062	
137.18588256835938	24.5842342376709	8.480347633361816	17.72430419921875	
136.6987762451172	24.347103118896484	8.735733032226562	17.384252548217773	
137.19921875	24.84503936767578	8.840916633605957	17.252941131591797	
136.76937866210938	24.486034393310547	8.639039993286133	17.038043975830078	
136.9717254638672	24.04605484008789	8.511215209960938	17.67294692993164	
137.1450958251953	23.864076614379883	8.26154899597168	17.555408477783203	
137.22238159179688	23.42819595336914	8.47452163696289	17.990962982177734	
137.65858459472656	23.784414291381836	8.347936630249023	17.869421005249023	
137.31820678710938	22.934505462646484	8.369989395141602	18.644214630126953	
136.74537658691406	23.28814697265625	8.638854026794434	18.458839416503906	
137.9611053466797	24.599061965942383	8.734795570373535	17.9504337310791	
137.45755004882812	24.11037254333496	8.85374641418457	18.07840919494629	
137.17935180664062	23.99532699584961	8.878557205200195	18.242313385009766	
137.79501342773438	24.619224548339844	8.8439302444458	17.9982852935791	
138.0121307373047	25.217214584350586	8.580989837646484	18.139272689819336	
137.97654724121094	24.80988883972168	8.649892807006836	18.30600357055664	
138.2337188720703	24.91184425354004	8.53083324432373	18.054685592651367	
137.97256469726562	24.906513214111328	8.985185623168945	18.493234634399414	
137.76284790039062	22.7830867767334	9.568310737609863	20.19979476928711	
137.7357940673828	24.999378204345703	9.53282356262207	18.679821014404297	
137.93743896484375	25.49481201171875	9.442262649536133	18.183347702026367	
137.72024536132812	25.534358978271484	9.512873649597168	18.602645874023438	
138.07252502441406	25.212377548217773	9.406801223754883	18.606857299804688	
138.46005249023438	25.355560302734375	9.2889404296875	18.646753311157227	
138.52407836914062	24.7515869140625	9.042847633361816	19.232711791992188	
138.59677124023438	25.32512664794922	9.22342300415039	18.880542755126953	
138.6337890625	25.188945770263672	8.92607307434082	18.455549240112305	
138.7613067626953	25.103073120117188	9.13401985168457	18.193927764892578	
138.8824920654297	25.556377410888672	9.1245698928833	17.677602767944336	
138.7725830078125	25.471660614013672	9.401300430297852	17.691577911376953	
138.63546752929688	25.519573211669922	9.45004653930664	18.307880401611328	
138.89219665527344	24.225067138671875	9.148031234741211	18.80270767211914	
139.3153839111328	24.43528175354004	9.183250427246094	18.167253494262695	
139.25558471679688	23.881458282470703	8.96881103515625	18.659469604492188	
139.3529815673828	23.72893524169922	8.995336532592773	19.082738876342773	
139.5527801513672	23.100765228271484	9.534132957458496	20.127643585205078	
138.83004760742188	24.332561492919922	8.881758689880371	18.6801815032959	
139.06304931640625	24.44907569885254	9.15882682800293	19.27861785888672	
139.38314819335938	24.200716018676758	9.280715942382812	19.690349578857422	
139.35679626464844	24.591766357421875	9.277064323425293	19.643795013427734	
139.55001831054688	23.868330001831055	9.260740280151367	19.832992553710938	
139.6841278076172	23.768037796020508	9.631158828735352	20.51894760131836	
139.36471557617188	23.97635269165039	9.68254280090332	20.608362197875977	
139.41534423828125	23.899606704711914	9.919561386108398	20.95269012451172	
139.7970733642578	23.689321517944336	10.109230041503906	21.003864288330078	
140.0057830810547	23.73867416381836	9.81489372253418	21.33913803100586	
139.76467895507812	24.151479721069336	9.646965026855469	21.014619827270508	
139.9244842529297	24.109777450561523	9.450092315673828	20.920804977416992	
139.6308135986328	24.220054626464844	9.504104614257812	20.305034637451172	
139.5131072998047	24.262720108032227	9.525632858276367	19.945354461669922	
139.75926208496094	24.92756462097168	9.98173999786377	20.068527221679688	
139.91598510742188	25.514211654663086	10.08665943145752	19.099435806274414	
139.61793518066406	25.655298233032227	10.091642379760742	18.712505340576172	
139.95962524414062	25.570024490356445	9.7723388671875	18.803091049194336	
140.1656951904297	24.995676040649414	9.918562889099121	19.70331382751465	
139.91236877441406	23.889949798583984	10.13377571105957	20.528881072998047	
140.01028442382812	24.568498611450195	10.129863739013672	19.941932678222656	
139.73370361328125	24.19601821899414	10.173066139221191	20.378559112548828	
139.62826538085938	24.38495445251465	10.967211723327637	20.75398063659668	
139.81297302246094	24.049015045166016	11.087484359741211	20.404525756835938	
139.75051879882812	24.204587936401367	10.99422550201416	20.353464126586914	
139.79714965820312	25.198108673095703	10.627227783203125	20.226810455322266	
139.7854461669922	24.89261817932129	10.608818054199219	20.415857315063477	
140.02236938476562	24.78389549255371	10.571667671203613	20.37180519104004	
140.0683135986328	24.511354446411133	10.601191520690918	20.714183807373047	
139.79324340820312	24.77069664001465	10.533655166625977	20.399635314941406	
139.30441284179688	24.439952850341797	10.202535629272461	20.59228515625	
139.46365356445312	24.40755844116211	9.501751899719238	20.2011775970459	
139.53271484375	24.45608139038086	9.859228134155273	20.155149459838867	
139.59957885742188	25.153223037719727	9.48129940032959	19.51658821105957	
139.7977294921875	25.19842529296875	9.781451225280762	19.373634338378906	
139.67457580566406	24.662546157836914	9.760713577270508	19.96786117553711	
139.32901000976562	25.479572296142578	9.427619934082031	19.148971557617188	
139.77633666992188	25.936199188232422	9.45931625366211	19.122371673583984	
139.45225524902344	25.645980834960938	9.633426666259766	19.332408905029297	
139.65554809570312	25.622177124023438	9.875938415527344	19.4604549407959	
139.93453979492188	25.866077423095703	9.482089042663574	18.721630096435547	
139.8478240966797	25.58702278137207	9.68663501739502	19.297542572021484	
140.03134155273438	24.352405548095703	9.583999633789062	19.93619728088379	
139.96243286132812	25.092453002929688	10.003252029418945	19.39565086364746	
139.9071807861328	25.045812606811523	10.04509162902832	20.21807861328125	
139.75726318359375	24.48293113708496	10.175338745117188	20.189294815063477	
139.39535522460938	23.672344207763672	9.909855842590332	20.806560516357422	
139.33285522460938	23.015350341796875	10.69035816192627	22.56859016418457	
139.6643829345703	24.734338760375977	10.071863174438477	19.69929313659668	
139.4539794921875	24.4495849609375	10.540058135986328	19.775644302368164	
139.90765380859375	25.520719528198242	9.820621490478516	19.25235939025879	
139.9446563720703	25.59866714477539	9.75733757019043	19.137493133544922	
139.94374084472656	25.90896224975586	10.002517700195312	19.393814086914062	
139.8586883544922	25.347675323486328	9.701128959655762	19.613666534423828	
140.07266235351562	25.402050018310547	9.738504409790039	20.1523380279541	
139.70440673828125	25.291183471679688	10.023253440856934	19.7032470703125	
139.52525329589844	25.796157836914062	10.026800155639648	19.76214599609375	
139.578125	25.80006980895996	9.62101936340332	19.266279220581055	
139.63998413085938	25.12174415588379	10.810283660888672	19.46364974975586	
139.43600463867188	25.68096351623535	10.288187026977539	19.4530086517334	
139.50521850585938	25.348649978637695	10.30055046081543	20.16262435913086	
139.73744201660156	24.995563507080078	10.399933815002441	20.416793823242188	
139.65023803710938	25.410614013671875	9.767390251159668	19.941246032714844	
139.8381805419922	24.988576889038086	9.646055221557617	19.700763702392578	
139.78793334960938	25.426456451416016	9.904511451721191	19.182918548583984	
139.74913024902344	25.597911834716797	10.076807022094727	19.112796783447266	
139.6788330078125	25.675628662109375	9.84758472442627	18.931873321533203	
139.89202880859375	25.162582397460938	9.837017059326172	19.455354690551758	
139.4593048095703	25.46114730834961	9.557914733886719	19.324968338012695	
139.4059295654297	25.738201141357422	9.835004806518555	19.408222198486328	
139.330322265625	24.775339126586914	9.283286094665527	19.364023208618164	
139.41195678710938	25.537784576416016	9.796367645263672	19.50088119506836	
139.374755859375	24.837234497070312	9.921197891235352	19.809112548828125	
139.58761596679688	25.245372772216797	10.100765228271484	19.829286575317383	
139.65408325195312	24.938932418823242	10.105328559875488	20.104198455810547	
139.5218048095703	24.722488403320312	10.163103103637695	20.52228355407715	
139.46963500976562	24.123638153076172	10.4509916305542	21.03244972229004	
139.54660034179688	23.817378997802734	10.174245834350586	20.695327758789062	
139.63992309570312	23.941600799560547	10.183550834655762	20.903059005737305	
139.11474609375	25.000499725341797	10.528518676757812	21.02796745300293	
139.17002868652344	24.588436126708984	10.471185684204102	20.716506958007812	
139.2493896484375	24.525714874267578	10.430047035217285	21.089683532714844	
139.27587890625	25.036724090576172	10.173218727111816	20.886138916015625	
139.42300415039062	24.80441665649414	10.111065864562988	20.4762020111084	
139.28746032714844	25.175960540771484	10.289896965026855	20.51173973083496	
139.24249267578125	24.157276153564453	10.209994316101074	20.883047103881836	
139.29165649414062	25.22445297241211	10.54511833190918	20.556480407714844	
139.5891876220703	24.66817855834961	10.281246185302734	20.02878761291504	
139.2211151123047	24.592195510864258	10.554998397827148	20.235286712646484	
139.24996948242188	24.82825469970703	10.255200386047363	21.104366302490234	
139.37649536132812	25.04022789001465	10.526715278625488	20.543567657470703	
138.9931182861328	24.668277740478516	10.718623161315918	21.153057098388672	
138.94082641601562	25.074947357177734	10.659478187561035	20.95183753967285	
138.9285888671875	24.985553741455078	10.424237251281738	20.37148094177246	
139.4507598876953	24.94911003112793	10.591607093811035	19.662296295166016	
139.22689819335938	24.714569091796875	10.697218894958496	19.953636169433594	
140.08096313476562	25.349346160888672	10.363469123840332	19.663244247436523	
139.5735626220703	24.64784812927246	10.400012016296387	20.53801155090332	
139.72061157226562	25.33475112915039	9.691385269165039	19.27585792541504	
139.55282592773438	25.132976531982422	9.636221885681152	19.29886245727539	
139.5556182861328	24.899145126342773	10.052238464355469	19.80463981628418	
139.61439514160156	24.55361557006836	9.501220703125	19.732349395751953	
139.61550903320312	24.61407470703125	9.749855995178223	20.11142349243164	
139.26878356933594	24.729141235351562	10.032025337219238	20.570058822631836	
139.67941284179688	24.67490577697754	9.515493392944336	20.342243194580078	
139.61752319335938	24.309844970703125	9.533870697021484	20.560197830200195	
139.92562866210938	24.716737747192383	9.532211303710938	20.196025848388672	
139.91671752929688	24.595596313476562	9.465749740600586	19.802352905273438	
139.76548767089844	24.77234649658203	9.412516593933105	19.564054489135742	
140.29348754882812	24.5345458984375	9.493886947631836	20.15262794494629	
139.4679412841797	24.726280212402344	9.755419731140137	20.47140121459961	
140.2169647216797	24.953685760498047	10.199441909790039	20.41753578186035	
139.8142547607422	24.123699188232422	10.027785301208496	20.691377639770508	
139.92910766601562	25.117263793945312	10.000670433044434	20.275238037109375	
140.20472717285156	25.177806854248047	9.61701488494873	19.819175720214844	
140.32418823242188	25.01088523864746	10.023244857788086	19.905324935913086	
139.8835906982422	25.38212776184082	9.775779724121094	19.376806259155273	
139.9066925048828	24.993249893188477	10.144659996032715	19.791784286499023	
139.79428100585938	24.462474822998047	9.91079044342041	19.46633529663086	
139.83322143554688	25.274951934814453	9.908639907836914	19.532978057861328	
139.77285766601562	25.049713134765625	9.877626419067383	19.693904876708984	
140.02264404296875	25.153636932373047	9.59415340423584	19.645172119140625	
139.68093872070312	24.827693939208984	9.651721000671387	19.360225677490234	
139.70938110351562	24.614574432373047	9.96485424041748	19.530223846435547	
139.58322143554688	25.171344757080078	10.044072151184082	19.985584259033203	
139.74072265625	25.046680450439453	9.761929512023926	19.379642486572266	
139.799072265625	24.977527618408203	9.949966430664062	19.57718849182129	
140.00469970703125	25.552576065063477	9.900426864624023	19.260744094848633	
139.84133911132812	25.15426254272461	10.16456127166748	20.008689880371094	
139.8052520751953	24.629474639892578	10.51122760772705	20.667339324951172	
140.3307342529297	24.738428115844727	10.564799308776855	20.58486557006836	
139.5264129638672	24.698810577392578	10.826482772827148	20.780080795288086	
139.6671600341797	24.637746810913086	10.718790054321289	20.589323043823242	
139.47134399414062	24.41242218017578	10.894109725952148	20.902048110961914	
139.7351531982422	24.209909439086914	11.195150375366211	21.638898849487305	
140.0236053466797	24.604196548461914	11.154194831848145	21.267696380615234	
140.1532745361328	24.54483985900879	10.689496040344238	21.373424530029297	
140.4947967529297	24.9749813079834	10.31501579284668	20.199695587158203	
140.4327392578125	24.049795150756836	9.997323989868164	20.272106170654297	
140.30526733398438	24.480600357055664	10.060873031616211	20.256153106689453	
140.54664611816406	24.49664306640625	9.949386596679688	20.07901382446289	
140.4453887939453	24.656978607177734	10.286796569824219	20.61960792541504	
140.31497192382812	24.05462074279785	9.823461532592773	20.385652542114258	
140.58663940429688	24.615772247314453	10.066831588745117	20.319129943847656	
140.31625366210938	23.504201889038086	10.210577011108398	20.99403190612793	
140.35812377929688	24.082538604736328	10.593536376953125	21.159748077392578	
140.3948516845703	24.309616088867188	10.44837474822998	20.781002044677734	
140.267333984375	23.841100692749023	10.823577880859375	21.057987213134766	
140.1706085205078	21.334766387939453	11.427996635437012	24.125808715820312	
140.26748657226562	23.4667911529541	10.845453262329102	20.32418441772461	
140.21522521972656	24.53072738647461	10.595593452453613	20.409263610839844	
140.5298309326172	24.47625160217285	10.784255981445312	20.27941131591797	
140.32827758789062	25.155126571655273	10.2457857131958	19.819795608520508	
140.0128173828125	24.56136703491211	10.223462104797363	19.543865203857422	
140.55966186523438	24.782115936279297	10.485410690307617	19.96794891357422	
140.50192260742188	24.381595611572266	10.17083740234375	19.472148895263672	
140.5609893798828	24.835365295410156	10.30976390838623	19.918682098388672	
139.9587860107422	24.79297637939453	10.049873352050781	20.585243225097656	
140.48739624023438	25.377037048339844	10.296030044555664	20.565231323242188	
139.9548797607422	24.885997772216797	10.226957321166992	20.274694442749023	
140.26699829101562	25.128643035888672	10.751720428466797	20.83858871459961	
139.6516876220703	24.532703399658203	10.988447189331055	21.02938461303711	
140.1118621826172	24.579559326171875	11.128686904907227	20.6448917388916	
139.84503173828125	24.565258026123047	11.241479873657227	20.797786712646484	
139.57589721679688	24.74704360961914	10.996772766113281	20.942914962768555	
139.7355194091797	24.70845603942871	11.370579719543457	21.442943572998047	
139.78541564941406	24.28260040283203	11.008292198181152	20.574108123779297	
140.0861358642578	24.528554916381836	11.018515586853027	20.626962661743164	
140.16664123535156	25.119579315185547	11.291975021362305	20.910335540771484	
140.10755920410156	25.061574935913086	11.149141311645508	20.65025520324707	
140.1975860595703	24.956905364990234	10.847028732299805	20.858144760131836	
139.96803283691406	24.481992721557617	10.809115409851074	20.84847640991211	
139.66278076171875	24.60226058959961	10.946209907531738	20.8690128326416	
140.05841064453125	24.595317840576172	10.899563789367676	21.031139373779297	
140.05575561523438	24.866710662841797	10.717763900756836	21.256851196289062	
140.26071166992188	24.612266540527344	10.975151062011719	21.610830307006836	
140.1592254638672	24.040019989013672	10.94279670715332	21.300098419189453	
140.5175323486328	24.605873107910156	11.198263168334961	22.46455955505371	
140.0346221923828	24.147727966308594	11.172554016113281	22.175243377685547	
140.34963989257812	23.92824363708496	11.174339294433594	22.279376983642578	
140.07510375976562	24.15740966796875	10.955510139465332	22.072813034057617	
140.46267700195312	23.442852020263672	11.212657928466797	22.61614227294922	
141.14096069335938	23.046417236328125	10.629247665405273	22.43526268005371	
141.6477813720703	24.077922821044922	10.155291557312012	21.566307067871094	
141.30093383789062	25.262012481689453	9.776159286499023	20.449556350708008	
141.01431274414062	24.219654083251953	9.927337646484375	21.651214599609375	
141.26480102539062	24.653446197509766	10.204434394836426	21.38595199584961	
140.3329620361328	23.60335922241211	11.89095687866211	25.10317611694336	
141.55917358398438	25.968292236328125	10.41026496887207	20.394710540771484	
140.95358276367188	25.483928680419922	10.122017860412598	20.887590408325195	
140.47860717773438	26.11310386657715	10.491107940673828	20.92366600036621	
141.15560913085938	25.950353622436523	10.370676040649414	21.172969818115234	
140.66104125976562	25.819591522216797	10.24675178527832	21.061676025390625	
140.639404296875	25.892345428466797	10.423213005065918	20.842864990234375	
140.86618041992188	26.552968978881836	10.385122299194336	20.572162628173828	
141.17105102539062	26.7811336517334	10.567726135253906	21.046916961669922	
141.56422424316406	26.151636123657227	10.878301620483398	21.680965423583984	
141.7960662841797	25.5283260345459	11.12971019744873	21.90846061706543	
141.0965118408203	26.41647720336914	10.788530349731445	20.680522918701172	
141.26197814941406	27.546100616455078	11.033655166625977	20.323461532592773	
141.64593505859375	27.205713272094727	10.379700660705566	20.213651657104492	
141.55491638183594	27.1408748626709	10.434048652648926	20.231197357177734	
141.4525146484375	25.115463256835938	11.92169189453125	25.168054580688477	
141.1863555908203	28.256771087646484	10.63632869720459	19.83953285217285	
141.2334747314453	27.572200775146484	10.534634590148926	19.934188842773438	
140.70254516601562	27.396020889282227	10.588921546936035	20.261009216308594	
141.0148162841797	27.86832618713379	10.767738342285156	20.68729591369629	
140.93099975585938	27.204635620117188	10.584322929382324	20.62607765197754	
140.83558654785156	27.828277587890625	10.783479690551758	20.16722297668457	
140.5669708251953	28.106525421142578	10.78602409362793	20.459529876708984	
140.99649047851562	27.531774520874023	10.47136116027832	20.485294342041016	
141.20970153808594	26.834203720092773	10.17126750946045	20.47451400756836	
141.23313903808594	27.18294906616211	10.131103515625	19.907020568847656	
140.685546875	28.04646873474121	10.127431869506836	19.79926109313965	
140.031005859375	28.25713539123535	10.37407398223877	20.40565299987793	
140.2671661376953	28.375843048095703	10.42668628692627	19.72012710571289	
140.14578247070312	28.859039306640625	10.720295906066895	19.85044288635254	
140.57675170898438	27.410242080688477	10.086091995239258	19.554353713989258	
139.80813598632812	27.647708892822266	10.357185363769531	19.96347999572754	
139.46347045898438	26.0943603515625	10.299684524536133	20.008398056030273	
138.32772827148438	27.112010955810547	10.699430465698242	19.221237182617188	
138.53244018554688	26.818279266357422	10.559077262878418	19.574462890625	
138.7569122314453	27.0775203704834	10.437896728515625	18.77701187133789	
139.41229248046875	23.34526824951172	11.340250015258789	23.940561294555664	
137.4472198486328	27.599157333374023	10.996419906616211	19.53445053100586	
136.4513702392578	27.085546493530273	11.580205917358398	19.8593692779541	
136.1437530517578	24.508968353271484	12.025944709777832	25.388139724731445	
136.41357421875	25.966350555419922	10.875539779663086	19.229740142822266	
135.04000854492188	26.25997543334961	11.382979393005371	18.940593719482422	
133.9003448486328	26.76987075805664	11.793336868286133	19.789920806884766	
133.56959533691406	25.391298294067383	11.645273208618164	19.645299911499023	
132.34640502929688	26.108911514282227	11.064305305480957	19.57955551147461	
132.3052215576172	25.8602352142334	11.261371612548828	19.119945526123047	
132.08084106445312	25.396595001220703	11.150883674621582	19.645795822143555	
131.22323608398438	25.92902183532715	11.245182037353516	20.637096405029297	
130.2465362548828	26.423995971679688	11.242086410522461	21.592313766479492	
127.09759521484375	25.50802230834961	12.224492073059082	25.807292938232422	
128.3304901123047	26.811355590820312	11.235651969909668	22.233989715576172	
126.60026550292969	26.376087188720703	12.081451416015625	23.36468505859375	
126.70503234863281	27.323612213134766	11.937809944152832	22.41338539123535	
125.5863037109375	27.510875701904297	11.726678848266602	22.88060760498047	
124.81095123291016	28.103435516357422	11.578351020812988	21.390853881835938	
123.58818054199219	27.88103675842285	11.357444763183594	21.164749145507812	
123.34588623046875	27.48874855041504	10.928770065307617	20.624948501586914	
122.65742492675781	26.765899658203125	10.279691696166992	20.967016220092773	
121.8521728515625	26.667734146118164	10.150077819824219	21.684511184692383	
121.23957824707031	26.206035614013672	10.512280464172363	21.169910430908203	
120.51566314697266	23.810222625732422	11.887701988220215	25.096294403076172	
120.06390380859375	26.056270599365234	10.823944091796875	21.806413650512695	
119.64710998535156	25.221145629882812	11.025626182556152	22.578371047973633	
118.87760162353516	25.17021942138672	10.769706726074219	23.245922088623047	
118.4542465209961	25.341995239257812	10.323251724243164	23.031654357910156	
118.0853271484375	24.49875831604004	10.371126174926758	23.950559616088867	
117.20127868652344	24.99160385131836	10.658822059631348	23.904855728149414	
116.10523986816406	25.422382354736328	10.267203330993652	23.275733947753906	
114.83524322509766	25.921035766601562	10.689035415649414	23.748292922973633	
114.5485610961914	25.809768676757812	10.698602676391602	23.477815628051758	
113.73758697509766	25.233449935913086	10.02719783782959	23.191720962524414	
112.66337585449219	24.827228546142578	10.640217781066895	23.897741317749023	
112.2362289428711	25.36167335510254	11.321741104125977	23.31563377380371	
111.5338363647461	24.942453384399414	11.036354064941406	23.964702606201172	
110.51190185546875	25.70584487915039	11.26042652130127	22.831161499023438	
110.61457824707031	26.4034366607666	11.222174644470215	22.691333770751953	
110.38371276855469	25.030399322509766	11.142046928405762	23.12631607055664	
109.4781265258789	25.40350341796875	12.235881805419922	23.11849021911621	
108.99861907958984	24.729204177856445	12.011073112487793	23.914024353027344	
108.6822509765625	24.805063247680664	11.96158504486084	23.929302215576172	
108.14710998535156	25.278779983520508	10.844632148742676	22.9112606048584	
107.5461196899414	25.752338409423828	10.356232643127441	22.270648956298828	
106.6594467163086	26.092239379882812	10.122450828552246	21.443256378173828	
104.88700103759766	25.712749481201172	10.74419116973877	22.184871673583984	
105.3447036743164	26.79512596130371	10.73289680480957	20.762020111083984	
104.677734375	26.167156219482422	11.020977020263672	21.636241912841797	
103.76405334472656	25.660831451416016	10.841575622558594	22.83420753479004	
103.50474548339844	25.543079376220703	12.126176834106445	22.248977661132812	
102.70314025878906	24.803255081176758	11.47234058380127	23.46804428100586	
102.19144439697266	24.523996353149414	11.821809768676758	23.990169525146484	
101.86093139648438	23.944120407104492	11.732672691345215	24.730632781982422	
101.07623291015625	23.537221908569336	12.38311767578125	26.04593849182129	
100.14225006103516	24.21755599975586	11.58189582824707	25.461559295654297	
100.3648910522461	23.879535675048828	11.323869705200195	25.625579833984375	
99.04374694824219	24.276920318603516	11.562460899353027	26.036087036132812	
98.5378646850586	24.67697525024414	11.772290229797363	25.47066307067871	
98.05569458007812	24.09087371826172	11.63497257232666	25.285123825073242	
96.84549713134766	24.13674545288086	12.352519035339355	26.7185001373291	
96.03550720214844	24.29680633544922	12.472289085388184	25.904205322265625	
94.85933685302734	25.83086585998535	12.489020347595215	26.339069366455078	
94.14579010009766	25.26210594177246	12.623221397399902	26.467273712158203	
93.90298461914062	25.227615356445312	12.697222709655762	26.54219627380371	
93.4557113647461	25.502918243408203	12.938138961791992	26.4676570892334	
92.36852264404297	24.81011199951172	12.651703834533691	26.389108657836914	
92.88288879394531	24.916717529296875	12.817537307739258	26.36014175415039	
92.23350524902344	24.928714752197266	12.404032707214355	25.875041961669922	
92.68217468261719	24.789804458618164	11.491409301757812	25.232561111450195	
91.98705291748047	25.137866973876953	11.218172073364258	24.7214298248291	
90.85823059082031	25.096057891845703	11.543828964233398	23.374713897705078	
89.92859649658203	23.968128204345703	11.735151290893555	22.967971801757812	
89.90420532226562	23.849714279174805	11.285909652709961	22.530414581298828	
89.7209243774414	23.90482521057129	11.265339851379395	22.829551696777344	
89.89543151855469	24.578105926513672	11.404146194458008	23.40846824645996	
87.94532775878906	24.15973472595215	11.628076553344727	23.34392547607422	
87.67906951904297	24.327449798583984	11.619410514831543	22.1886043548584	
87.33258819580078	23.416833877563477	11.784692764282227	22.637859344482422	
87.49044036865234	23.96503448486328	11.070123672485352	22.249114990234375	
88.03099822998047	23.027767181396484	11.027719497680664	22.244327545166016	
87.38887786865234	24.289234161376953	10.603118896484375	21.496814727783203	
87.19844055175781	24.075313568115234	10.502130508422852	21.126483917236328	
86.82859802246094	23.761579513549805	10.636004447937012	21.32672882080078	
85.8536148071289	24.23813247680664	10.724930763244629	21.336023330688477	
85.63428497314453	24.097076416015625	11.065874099731445	22.328001022338867	
84.8402099609375	24.99716567993164	10.674941062927246	22.06302833557129	
84.11811828613281	24.77706527709961	10.834253311157227	22.07149314880371	
84.13619232177734	25.111156463623047	10.198542594909668	21.58417320251465	
83.49420166015625	25.243534088134766	9.943015098571777	21.522579193115234	
82.81787109375	24.8538818359375	10.05585765838623	21.83188247680664	
82.5308609008789	25.007055282592773	10.269039154052734	21.104740142822266	
82.11405944824219	25.488574981689453	10.264909744262695	21.155941009521484	
81.71633911132812	24.672924041748047	10.353704452514648	20.797653198242188	
81.48222351074219	24.135290145874023	10.32624340057373	21.472700119018555	
81.0073013305664	23.73131561279297	10.684030532836914	22.23000144958496	
80.40702819824219	23.813753128051758	10.566746711730957	20.992904663085938	
80.41283416748047	23.10769271850586	10.183318138122559	22.24745750427246	
79.70713806152344	23.37169075012207	9.861618995666504	22.08827781677246	
79.79109191894531	23.563518524169922	10.697070121765137	21.283103942871094	
78.71685791015625	24.15387535095215	10.145994186401367	21.580364227294922	
78.55775451660156	25.09737205505371	10.307483673095703	20.10369300842285	
77.1282730102539	24.187198638916016	10.134986877441406	20.692764282226562	
76.88229370117188	25.139934539794922	10.469367980957031	20.16925048828125	
76.3053207397461	25.615894317626953	10.324203491210938	19.991050720214844	
76.16365051269531	24.699419021606445	10.638071060180664	20.884918212890625	
75.3590087890625	24.968603134155273	11.089858055114746	21.314287185668945	
74.67378234863281	25.045459747314453	11.44938850402832	22.096120834350586	
74.10052490234375	24.789886474609375	11.537179946899414	22.218708038330078	
74.20738220214844	24.394424438476562	11.557859420776367	23.071508407592773	
73.46739959716797	24.919254302978516	11.481171607971191	22.570690155029297	
72.9944839477539	24.237533569335938	12.015769958496094	23.1898193359375	
71.93721771240234	22.769392013549805	11.888737678527832	25.098468780517578	
71.90605163574219	24.6827449798584	11.708041191101074	23.94057846069336	
71.78536224365234	24.61515998840332	11.075685501098633	23.544544219970703	
70.93290710449219	24.382062911987305	10.433319091796875	23.80038070678711	
70.20159149169922	25.263322830200195	10.846152305603027	22.366619110107422	
70.30105590820312	25.58730125427246	11.110279083251953	22.146425247192383	
69.09156036376953	25.806482315063477	10.853803634643555	21.645023345947266	
69.05328369140625	26.744583129882812	11.27001953125	21.064022064208984	
68.60757446289062	26.887653350830078	10.731821060180664	20.49686050415039	
68.35411071777344	26.584476470947266	11.54853343963623	20.92861557006836	
67.98798370361328	26.96024513244629	11.350756645202637	20.51639175415039	
67.508056640625	25.304241180419922	10.98889446258545	22.56586456298828	
67.05799865722656	25.975509643554688	11.232380867004395	21.988779067993164	
66.86347961425781	26.0751895904541	11.077547073364258	21.128345489501953	
66.76240539550781	25.450885772705078	9.847453117370605	21.618623733520508	
65.80915069580078	25.87344741821289	10.076737403869629	21.40671730041504	
65.97084045410156	26.512948989868164	9.74951457977295	21.116374969482422	
66.02580261230469	26.782068252563477	9.73002815246582	19.944477081298828	
65.46500396728516	26.39275550842285	9.684026718139648	20.600921630859375	
65.01841735839844	26.37273597717285	9.714151382446289	19.975811004638672	
64.93838500976562	27.152935028076172	9.890368461608887	19.414926528930664	
64.09288024902344	26.43584632873535	9.878155708312988	19.350101470947266	
63.42815017700195	26.78969955444336	10.374610900878906	18.822086334228516	
62.8105354309082	25.658838272094727	9.56347370147705	20.193058013916016	
62.89728927612305	25.97811508178711	9.562677383422852	18.857709884643555	
62.78571319580078	26.047027587890625	9.875932693481445	20.262237548828125	
61.6663932800293	25.282604217529297	10.502615928649902	20.537385940551758	
61.45537567138672	25.380569458007812	10.733419418334961	20.61264419555664	
61.2349967956543	26.175039291381836	10.94853401184082	20.098209381103516	
61.12101364135742	26.374618530273438	11.527925491333008	20.426494598388672	
60.96708297729492	25.780324935913086	11.81542682647705	21.158817291259766	
60.6038703918457	25.783239364624023	11.301663398742676	22.031612396240234	
60.417877197265625	26.027196884155273	11.119451522827148	22.308706283569336	
60.46049880981445	26.2645263671875	11.598810195922852	22.23204803466797	
60.043479919433594	26.260936737060547	11.774246215820312	21.71508026123047	
59.77714157104492	26.413183212280273	12.054898262023926	21.64892578125	
59.6212272644043	26.67368507385254	11.248964309692383	20.853439331054688	
59.4066276550293	26.352649688720703	10.552645683288574	21.2723388671875	
59.326622009277344	26.46913719177246	10.968077659606934	22.165088653564453	
58.87922286987305	26.418567657470703	10.530410766601562	21.158788681030273	
58.69415283203125	26.7275447845459	10.982796669006348	21.393260955810547	
58.251121520996094	26.7479305267334	11.383320808410645	21.72781753540039	
57.553688049316406	26.932830810546875	11.554079055786133	21.465383529663086	
57.706878662109375	27.402746200561523	11.209593772888184	20.896448135375977	
57.673240661621094	26.521310806274414	11.034464836120605	21.72665023803711	
57.8072395324707	27.221515655517578	11.103119850158691	21.100112915039062	
57.33806228637695	26.83235740661621	10.997268676757812	20.61349105834961	
56.6953010559082	26.164196014404297	11.068246841430664	21.987089157104492	
56.746849060058594	26.789194107055664	10.67988109588623	20.393291473388672	
56.64936065673828	27.0904541015625	11.228952407836914	20.453277587890625	
55.521217346191406	26.333026885986328	11.205735206604004	21.374229431152344	
56.07004928588867	27.091909408569336	11.116409301757812	20.681032180786133	
55.84386444091797	27.042095184326172	11.035055160522461	20.613571166992188	
55.14775848388672	27.444616317749023	10.98684310913086	21.04400062561035	
54.70330047607422	27.081615447998047	10.33265495300293	20.843338012695312	
54.53989791870117	27.108661651611328	10.554692268371582	21.01190185546875	
54.94718551635742	27.892465591430664	10.29743480682373	19.862384796142578	
54.99034881591797	27.997661590576172	10.58702564239502	19.56949234008789	
54.73591232299805	26.999164581298828	10.718896865844727	20.180212020874023	
54.91270065307617	27.209774017333984	10.579583168029785	20.209989547729492	
55.002403259277344	27.662002563476562	10.84126091003418	19.777469635009766	
54.84284210205078	27.662044525146484	10.477818489074707	19.855703353881836	
54.7413444519043	27.1464900970459	10.197466850280762	20.676776885986328	
54.80000686645508	27.98476219177246	9.911092758178711	20.138858795166016	
54.4879035949707	26.848743438720703	10.254953384399414	21.04237174987793	
54.15694046020508	27.094043731689453	10.975980758666992	20.83102035522461	
54.89281463623047	26.491851806640625	10.942753791809082	23.101390838623047	
54.510337829589844	27.1900691986084	11.36170482635498	22.54262924194336	
54.39990997314453	26.960407257080078	11.260337829589844	22.864145278930664	
54.33415603637695	27.118221282958984	11.191507339477539	22.44084930419922	
55.184043884277344	28.611095428466797	11.52629566192627	20.905555725097656	
55.06199264526367	27.97052001953125	10.854680061340332	21.45623779296875	
55.331199645996094	28.006946563720703	10.939814567565918	21.764869689941406	
55.480682373046875	27.52280616760254	11.480076789855957	21.397628784179688	
55.39070510864258	28.182842254638672	11.74128246307373	21.37628936767578	
55.122962951660156	27.858118057250977	11.629697799682617	21.892780303955078	
55.42726516723633	28.662418365478516	11.962240219116211	21.840007781982422	
55.13847732543945	28.346660614013672	11.998857498168945	22.330150604248047	
55.047752380371094	28.42106056213379	12.005328178405762	21.988933563232422	
55.085533142089844	27.6023006439209	11.878177642822266	22.19118309020996	
54.859092712402344	28.44025230407715	11.826586723327637	21.889429092407227	
54.572715759277344	28.460491180419922	11.742166519165039	21.58556365966797	
54.55936813354492	28.716167449951172	12.005017280578613	21.80377769470215	
54.36797332763672	28.4316463470459	12.234323501586914	21.754919052124023	
54.483001708984375	27.936853408813477	12.19719409942627	21.758861541748047	
54.6731071472168	27.582378387451172	12.206575393676758	22.58062744140625	
54.399444580078125	27.431415557861328	12.29698657989502	22.543825149536133	
54.870460510253906	27.66802406311035	11.854076385498047	22.255962371826172	
54.765357971191406	27.776004791259766	12.010490417480469	22.834033966064453	
54.51445770263672	28.057445526123047	11.905985832214355	22.123807907104492	
54.4595947265625	27.930023193359375	11.332101821899414	22.324298858642578	
54.160308837890625	28.883541107177734	12.077253341674805	22.217487335205078	
54.27324295043945	29.416118621826172	12.132970809936523	22.381256103515625	
54.849937438964844	28.747629165649414	11.962620735168457	21.975797653198242	
54.78870391845703	27.696453094482422	12.100858688354492	22.140705108642578	
55.13665771484375	26.86857032775879	11.958579063415527	25.245927810668945	
55.26506423950195	29.145849227905273	12.312125205993652	22.29293441772461	
54.992095947265625	30.030868530273438	12.356199264526367	21.65024757385254	
54.748390197753906	31.479717254638672	12.472784996032715	20.213802337646484	
54.54890823364258	31.725536346435547	12.045125007629395	20.38551902770996	
54.25376510620117	31.823654174804688	11.898263931274414	20.85244369506836	
54.253700256347656	32.646881103515625	12.191572189331055	20.1755313873291	
54.24451446533203	33.086570739746094	12.061556816101074	19.253095626831055	
54.362648010253906	32.65245819091797	12.349464416503906	19.62591552734375	
53.6962776184082	33.28624725341797	12.837106704711914	20.032377243041992	
53.67285919189453	34.05222702026367	12.748871803283691	19.993059158325195	
53.556175231933594	34.320960998535156	12.562789916992188	19.285860061645508	
53.2296257019043	33.98479461669922	13.278843879699707	19.354537963867188	
52.918418884277344	34.505332946777344	13.317468643188477	19.851062774658203	
53.49079513549805	34.5472297668457	12.636393547058105	19.98410415649414	
53.99528121948242	34.43170928955078	12.044458389282227	19.479825973510742	
53.493385314941406	34.247467041015625	12.466633796691895	19.826629638671875	
53.84942626953125	34.94343566894531	12.445691108703613	19.551212310791016	
53.94312286376953	34.526771545410156	12.430398941040039	19.25563621520996	
53.68291091918945	34.46546173095703	12.626258850097656	19.921680450439453	
53.76129150390625	34.138755798339844	12.619622230529785	20.52382469177246	
53.869361877441406	33.95287322998047	12.616703987121582	20.29281234741211	
54.153541564941406	33.81314468383789	12.534403800964355	20.2547664642334	
53.86732864379883	33.782928466796875	12.83915901184082	20.329925537109375	
53.71332550048828	33.375152587890625	13.26545524597168	20.51906394958496	
53.3092041015625	33.00981903076172	13.409136772155762	20.697168350219727	
53.91094207763672	33.391483306884766	13.019648551940918	20.616039276123047	
54.27397537231445	33.90790939331055	12.023943901062012	20.022104263305664	
54.820213317871094	32.72612762451172	12.11149787902832	19.691585540771484	
55.12089920043945	33.09729766845703	12.162504196166992	19.670654296875	
55.13191604614258	32.56550216674805	11.975896835327148	19.602205276489258	
55.37559127807617	33.14790344238281	11.903848648071289	19.133464813232422	
55.134376525878906	31.899707794189453	12.743280410766602	19.959884643554688	
55.31262969970703	31.673870086669922	12.182544708251953	19.830507278442383	
55.34800338745117	30.192346572875977	12.875495910644531	21.338903427124023	
55.1021614074707	30.675739288330078	12.18077278137207	20.781082153320312	
55.07896041870117	28.885616302490234	12.544378280639648	21.48696517944336	
54.647613525390625	29.36392593383789	13.17927360534668	21.701833724975586	
54.72795867919922	29.24334144592285	13.209200859069824	22.03433609008789	
54.64672088623047	28.70271873474121	13.116900444030762	22.244699478149414	
54.202003479003906	28.202112197875977	12.680719375610352	23.44816017150879	
53.808250427246094	29.753814697265625	11.525822639465332	22.73763656616211	
53.912696838378906	29.931468963623047	12.169267654418945	22.396625518798828	
53.670936584472656	30.5698184967041	11.858804702758789	22.402713775634766	
54.01252365112305	29.648128509521484	11.90019416809082	22.140621185302734	
54.954139709472656	27.69196128845215	11.879854202270508	25.0797061920166	
54.6168212890625	27.498708724975586	13.092931747436523	22.81032943725586	
54.4720573425293	28.447994232177734	13.021669387817383	22.730310440063477	
54.144981384277344	29.003314971923828	12.83356761932373	23.264001846313477	
53.772979736328125	29.59543228149414	13.335647583007812	23.752262115478516	
54.19805145263672	28.533924102783203	13.709094047546387	24.198963165283203	
54.454261779785156	28.008197784423828	13.683282852172852	24.158716201782227	
54.31394577026367	27.86453628540039	13.286460876464844	24.1000919342041	
54.35978317260742	27.84157943725586	13.364517211914062	23.69448471069336	
53.926292419433594	28.718170166015625	12.776509284973145	23.74520492553711	
53.92763137817383	28.252960205078125	13.728433609008789	23.378047943115234	
54.30906295776367	29.060546875	13.197222709655762	22.62982749938965	
53.610618591308594	27.816844940185547	13.374621391296387	24.398115158081055	
53.974365234375	28.116985321044922	13.440361022949219	24.400047302246094	
54.15831756591797	28.466821670532227	13.90431022644043	23.37845802307129	
54.094329833984375	29.484588623046875	13.276881217956543	22.508256912231445	
54.54339599609375	27.339319229125977	13.899999618530273	23.967823028564453	
53.30229568481445	29.289697647094727	13.439714431762695	24.28145408630371	
53.522972106933594	28.743600845336914	13.881741523742676	24.278217315673828	
53.9505615234375	28.141300201416016	14.238990783691406	24.700529098510742	
54.0921630859375	27.74480628967285	14.414446830749512	24.708953857421875	
53.16176223754883	28.736995697021484	14.581962585449219	24.9189453125	
53.782447814941406	29.046274185180664	14.092694282531738	24.05673599243164	
54.08697509765625	28.58108901977539	14.275647163391113	24.258621215820312	
53.926673889160156	28.96901512145996	13.566996574401855	23.306472778320312	
53.791358947753906	28.54929542541504	13.469247817993164	23.387590408325195	
53.749366760253906	28.184030532836914	13.937893867492676	23.393768310546875	
53.718177795410156	29.380565643310547	13.33379077911377	23.253551483154297	
54.00334548950195	28.327579498291016	13.862658500671387	22.773834228515625	
53.7550048828125	28.864273071289062	13.615243911743164	23.339797973632812	
54.25445556640625	29.149276733398438	12.95959186553955	22.438678741455078	
54.22686767578125	29.104690551757812	13.120379447937012	21.774999618530273	
54.258399963378906	28.466970443725586	13.210107803344727	22.54750633239746	
53.717201232910156	28.982202529907227	12.884236335754395	22.57473373413086	
53.962188720703125	28.11629295349121	13.27863883972168	22.587871551513672	
53.8359375	28.846691131591797	13.158681869506836	22.55599594116211	
53.75389862060547	28.546207427978516	12.835461616516113	22.470623016357422	
54.10222244262695	27.840662002563477	12.851361274719238	22.923259735107422	
54.045616149902344	28.2393798828125	13.443643569946289	22.887243270874023	
54.52509307861328	28.325794219970703	13.213516235351562	22.55662727355957	
53.9534912109375	29.35043716430664	13.022642135620117	22.117273330688477	
53.68632888793945	28.886367797851562	12.593259811401367	22.660228729248047	
53.93497848510742	28.91605567932129	12.830350875854492	22.937347412109375	
54.248085021972656	29.330318450927734	13.271159172058105	22.23119354248047	
53.931884765625	30.48435401916504	13.0957612991333	22.44924545288086	
54.328697204589844	29.844375610351562	13.82234001159668	21.855295181274414	
54.11602020263672	30.124095916748047	13.552577018737793	22.41288185119629	
53.98564910888672	29.986553192138672	13.344766616821289	22.668323516845703	
54.2957878112793	30.150798797607422	13.815770149230957	22.419321060180664	
54.314788818359375	30.622854232788086	13.448715209960938	22.674833297729492	
54.62668991088867	30.349681854248047	13.571757316589355	21.874998092651367	
54.655517578125	30.035568237304688	13.986271858215332	22.44818115234375	
54.9145393371582	30.317790985107422	13.368986129760742	21.781375885009766	
54.900474548339844	30.741445541381836	13.139970779418945	21.553817749023438	
55.369964599609375	29.662582397460938	13.963279724121094	22.138708114624023	
55.0749626159668	29.442272186279297	13.437810897827148	22.070911407470703	
55.4120979309082	30.146320343017578	12.944669723510742	20.92483901977539	
55.7203483581543	29.119373321533203	12.776519775390625	21.992446899414062	
55.76085662841797	28.510574340820312	13.06408405303955	22.400650024414062	
56.00499725341797	29.160449981689453	13.484870910644531	21.852611541748047	
57.099205017089844	28.726470947265625	13.334304809570312	21.977680206298828	
57.55364227294922	28.84295082092285	12.567119598388672	21.29258918762207	
58.074867248535156	29.041112899780273	11.852571487426758	21.550241470336914	
58.507041931152344	28.562414169311523	11.71800422668457	21.557449340820312	
59.50244903564453	28.140621185302734	10.765329360961914	21.299678802490234	
59.0450325012207	29.1381778717041	11.085698127746582	19.700403213500977	
60.02367401123047	29.03611183166504	10.721138954162598	20.030948638916016	
60.183753967285156	29.663593292236328	10.5603666305542	19.304391860961914	
61.23615646362305	28.320892333984375	10.434981346130371	20.385005950927734	
61.948219299316406	29.609527587890625	11.056268692016602	20.769786834716797	
62.400291442871094	28.375431060791016	10.792610168457031	21.387664794921875	
63.62052536010742	29.207836151123047	11.56199836730957	21.646976470947266	
63.75981903076172	27.783620834350586	11.580324172973633	22.48151397705078	
64.07704162597656	28.819351196289062	11.49366283416748	21.736169815063477	
64.51268005371094	28.701648712158203	11.825349807739258	21.51930809020996	
65.02149963378906	27.345279693603516	11.304032325744629	22.329381942749023	
65.31529998779297	27.574840545654297	12.262373924255371	21.152782440185547	
66.08352661132812	27.719013214111328	12.095560073852539	21.009765625	
67.20759582519531	27.217151641845703	10.912368774414062	21.733890533447266	
67.8653793334961	27.093170166015625	11.501590728759766	20.90662956237793	
68.79008483886719	27.450754165649414	11.36530590057373	20.625812530517578	
69.04669952392578	27.909439086914062	10.618165969848633	19.964828491210938	
69.87496185302734	27.063339233398438	10.621274948120117	20.8795166015625	
70.6527099609375	26.44748306274414	10.79151725769043	22.133527755737305	
71.31607818603516	25.89859962463379	10.36033821105957	22.50065803527832	
71.3722915649414	26.2806453704834	10.64181900024414	23.044679641723633	
72.34708404541016	26.498912811279297	11.222661972045898	21.25395393371582	
73.017578125	25.76619529724121	11.299489974975586	21.455408096313477	
73.6225814819336	25.118511199951172	10.490501403808594	22.576576232910156	
74.21770477294922	25.085580825805664	11.160351753234863	23.710586547851562	
75.22428131103516	24.45982551574707	10.975406646728516	23.961729049682617	
75.69380187988281	25.128488540649414	10.555623054504395	22.37215805053711	
75.41452026367188	25.6501407623291	10.725175857543945	21.223499298095703	
76.11181640625	25.390010833740234	10.393749237060547	20.89444351196289	
76.88142395019531	25.55282211303711	10.894304275512695	20.824806213378906	
77.84309387207031	26.298885345458984	10.751802444458008	19.96515655517578	
79.43522644042969	24.864917755126953	10.946950912475586	21.183975219726562	
80.02195739746094	25.307361602783203	10.44807243347168	20.787891387939453	
80.28966522216797	24.85479164123535	10.748113632202148	21.82774543762207	
80.75440979003906	24.566545486450195	10.596278190612793	22.203474044799805	
81.11782836914062	24.754764556884766	10.74693489074707	22.886056900024414	
82.09724426269531	24.88789939880371	10.323269844055176	22.64242935180664	
82.1059799194336	25.510944366455078	10.777078628540039	22.420612335205078	
82.52351379394531	24.459442138671875	9.827596664428711	23.4697265625	
83.218017578125	25.050399780273438	10.373270034790039	22.522781372070312	
83.07210540771484	25.60733413696289	10.999090194702148	22.653696060180664	
83.23124694824219	25.14948081970215	12.12858772277832	22.53076171875	
83.96900939941406	26.27117919921875	11.636466979980469	21.7310791015625	
84.88066101074219	24.90808868408203	11.7233304977417	21.47970962524414	
86.70039367675781	24.514907836914062	11.854990005493164	21.44434356689453	
86.943359375	24.001150131225586	11.362641334533691	22.178340911865234	
87.2977066040039	24.16213607788086	11.597953796386719	22.907283782958984	
87.32886505126953	23.950016021728516	11.490696907043457	22.049297332763672	
88.25071716308594	23.856708526611328	11.612645149230957	22.606788635253906	
88.23079681396484	22.866207122802734	11.841863632202148	23.911540985107422	
88.63949584960938	22.2326717376709	11.605298042297363	23.2149658203125	
90.2079086303711	23.255773544311523	11.14204216003418	23.23563003540039	
90.9184799194336	23.3817081451416	10.535781860351562	23.141637802124023	
91.4085693359375	23.372468948364258	10.420900344848633	24.3433780670166	
91.10064697265625	23.3480167388916	11.128082275390625	23.881643295288086	
92.13508605957031	23.38881492614746	11.33922004699707	24.031368255615234	
92.925048828125	23.771865844726562	12.070807456970215	23.500423431396484	
93.35348510742188	23.097576141357422	12.259500503540039	24.507734298706055	
94.34799194335938	23.47787094116211	12.397448539733887	24.260223388671875	
94.97036743164062	24.06624412536621	12.472244262695312	23.879621505737305	
95.74165344238281	24.2952880859375	12.28515338897705	24.236072540283203	
96.9616928100586	23.741018295288086	11.257537841796875	23.861675262451172	
98.577392578125	22.532819747924805	11.563932418823242	24.488052368164062	
99.16289520263672	22.861225128173828	10.70955753326416	22.877527236938477	
99.72712707519531	21.99787139892578	11.691329956054688	23.599933624267578	
100.01453399658203	21.572858810424805	12.187724113464355	24.72383689880371	
100.09146881103516	21.178682327270508	12.599535942077637	25.7630558013916	
100.66264343261719	21.16525650024414	12.063904762268066	25.416194915771484	
101.72843933105469	21.88932991027832	11.376585006713867	23.68248748779297	
101.53610229492188	22.537002563476562	11.062260627746582	22.5899658203125	
102.59013366699219	21.585735321044922	10.40900993347168	22.601314544677734	
102.97908020019531	21.9501895904541	10.414742469787598	22.014480590820312	
104.12809753417969	21.492752075195312	10.86784839630127	22.66188621520996	
104.52154541015625	22.23143768310547	10.725740432739258	22.20414161682129	
105.92952728271484	22.222795486450195	10.38801383972168	22.178613662719727	
106.50968933105469	22.04854393005371	10.650726318359375	22.89204978942871	
106.83882141113281	21.901325225830078	10.859331130981445	22.995927810668945	
107.29649353027344	22.13008689880371	10.39295482635498	22.493011474609375	
107.48516845703125	21.083972930908203	11.547101020812988	23.845638275146484	
107.85687255859375	21.238080978393555	12.093015670776367	24.468358993530273	
108.4056167602539	20.726171493530273	11.927658081054688	24.554462432861328	
109.0125503540039	20.986183166503906	11.645092964172363	24.32407569885254	
109.5528335571289	20.556432723999023	10.899396896362305	24.21463394165039	
110.07572937011719	21.216556549072266	11.012304306030273	24.019168853759766	
110.16845703125	21.234542846679688	11.20499038696289	23.535369873046875	
110.9608154296875	21.40457534790039	10.473893165588379	22.673681259155273	
110.96672058105469	21.803503036499023	11.09099292755127	23.178691864013672	
111.36198425292969	22.648059844970703	11.168164253234863	22.813644409179688	
112.29732513427734	22.127185821533203	10.44204330444336	22.920398712158203	
113.6158447265625	22.285667419433594	10.379571914672852	22.85286521911621	
114.28216552734375	22.614898681640625	10.32037353515625	22.878421783447266	
114.9421157836914	22.268543243408203	10.487122535705566	22.707683563232422	
115.11981201171875	22.719589233398438	10.178162574768066	22.77768325805664	
