395.0	181.0	9.0	13.0	
393.8119812011719	180.27505493164062	9.29588794708252	13.383641242980957	
393.66217041015625	180.5565948486328	8.933286666870117	12.961382865905762	
393.09393310546875	180.46792602539062	9.095065116882324	13.252279281616211	
392.64312744140625	180.54702758789062	8.96556568145752	13.029136657714844	
392.29937744140625	180.6545867919922	9.010040283203125	13.04499340057373	
391.5665588378906	180.43557739257812	9.282724380493164	13.204790115356445	
391.52227783203125	180.30911254882812	8.936205863952637	13.405998229980469	
390.77691650390625	180.1038360595703	9.318113327026367	13.943982124328613	
390.34405517578125	180.2414093017578	9.442411422729492	13.689178466796875	
389.91400146484375	179.96585083007812	9.384809494018555	14.129446029663086	
389.47296142578125	179.96719360351562	9.204157829284668	14.263097763061523	
389.17730712890625	180.00796508789062	9.17372989654541	14.104870796203613	
388.48291015625	179.689208984375	9.35881233215332	14.447726249694824	
388.4390563964844	179.92506408691406	8.94803524017334	14.165725708007812	
387.5919189453125	179.6647186279297	9.411952018737793	14.696037292480469	
387.45062255859375	179.61465454101562	9.211198806762695	14.77973461151123	
386.78277587890625	179.4676971435547	9.438713073730469	15.221746444702148	
386.32135009765625	179.5574188232422	9.445524215698242	15.001853942871094	
385.7732849121094	179.4845733642578	9.891627311706543	15.1953706741333	
385.22967529296875	179.21316528320312	9.821619033813477	15.476324081420898	
385.07952880859375	179.53761291503906	9.630733489990234	14.989214897155762	
384.61834716796875	179.1580352783203	9.456347465515137	15.659345626831055	
384.20867919921875	179.15591430664062	9.701309204101562	15.663444519042969	
383.52349853515625	179.4306182861328	10.05744743347168	15.416563034057617	
383.30255126953125	179.31361389160156	9.530799865722656	15.392654418945312	
382.86712646484375	179.26806640625	9.934749603271484	15.493084907531738	
382.20050048828125	179.54623413085938	9.811965942382812	15.042584419250488	
382.0992126464844	179.2615966796875	9.785848617553711	15.382207870483398	
381.2330627441406	179.26577758789062	10.243301391601562	15.58105182647705	
381.052490234375	179.3856201171875	9.987741470336914	15.291412353515625	
380.5059814453125	179.36337280273438	10.066915512084961	15.392924308776855	
380.14501953125	179.31683349609375	10.137205123901367	15.398653984069824	
379.97149658203125	179.41734313964844	9.647560119628906	15.389511108398438	
379.16607666015625	179.2974853515625	10.069211959838867	15.373563766479492	
379.00921630859375	179.44918823242188	9.724509239196777	15.360618591308594	
378.3218688964844	179.4091339111328	9.946969032287598	15.359762191772461	
378.1933898925781	179.63525390625	9.730175971984863	14.987772941589355	
377.44549560546875	179.4655303955078	9.940164566040039	15.32042121887207	
376.9335021972656	179.30599975585938	10.370485305786133	15.461613655090332	
376.2471923828125	179.12669372558594	10.650517463684082	15.84607219696045	
376.11090087890625	178.98191833496094	10.138320922851562	15.717077255249023	
375.4643859863281	178.84524536132812	10.608793258666992	16.246501922607422	
375.1147155761719	179.14712524414062	10.270731925964355	15.915130615234375	
374.6297302246094	179.38082885742188	10.355137825012207	15.69536018371582	
374.2505798339844	178.9288330078125	10.268033981323242	16.385478973388672	
373.650634765625	179.3269500732422	10.343420028686523	15.717700004577637	
373.4109191894531	179.3671112060547	9.954238891601562	15.687710762023926	
372.96441650390625	179.14306640625	10.042612075805664	15.901265144348145	
372.50390625	179.44369506835938	9.95051097869873	15.815465927124023	
371.9765625	179.5970916748047	10.100123405456543	15.313871383666992	
371.54998779296875	179.57247924804688	9.941640853881836	15.90820026397705	
371.0191650390625	179.4402618408203	9.85859489440918	15.702280044555664	
370.32708740234375	179.77328491210938	10.09342098236084	15.696232795715332	
369.73236083984375	179.6686553955078	10.300374984741211	15.3800687789917	
369.2940979003906	179.65621948242188	10.061664581298828	16.051359176635742	
368.7648010253906	179.55430603027344	10.402177810668945	15.7477445602417	
368.3121643066406	179.987060546875	9.943735122680664	15.452336311340332	
367.7051086425781	179.6122283935547	10.325993537902832	15.728843688964844	
367.275634765625	180.09251403808594	9.888333320617676	15.4197416305542	
366.6127014160156	179.5771484375	10.531648635864258	15.7086820602417	
366.3815002441406	179.93075561523438	9.840253829956055	15.860918998718262	
365.67919921875	179.15280151367188	10.571439743041992	16.50064468383789	
365.2894287109375	179.8900146484375	10.011499404907227	15.835844039916992	
364.443115234375	179.6829071044922	10.597745895385742	15.633041381835938	
364.37750244140625	179.74795532226562	9.910733222961426	15.82850456237793	
363.5723571777344	179.9622802734375	10.074522018432617	15.136266708374023	
363.16644287109375	180.21726989746094	10.07252311706543	15.253768920898438	
362.3687744140625	180.35330200195312	10.234399795532227	14.799453735351562	
362.23480224609375	180.4129180908203	9.726044654846191	14.915448188781738	
361.4288635253906	180.3113250732422	9.99062442779541	14.954385757446289	
361.20367431640625	180.16531372070312	9.838247299194336	15.138934135437012	
360.40936279296875	179.81454467773438	10.211000442504883	15.69371223449707	
359.7899169921875	180.02268981933594	10.448070526123047	15.439249038696289	
359.4849548339844	180.3657684326172	9.755605697631836	15.056302070617676	
358.46124267578125	179.73170471191406	10.840365409851074	15.903322219848633	
358.302978515625	180.11705017089844	10.085360527038574	15.668907165527344	
357.4770202636719	179.81356811523438	11.023725509643555	15.908590316772461	
357.2366943359375	180.27218627929688	10.079488754272461	15.74809741973877	
356.15667724609375	179.75296020507812	10.96915340423584	16.14656639099121	
356.2228088378906	179.95005798339844	10.089784622192383	16.22004508972168	
355.40545654296875	179.74331665039062	10.836174011230469	16.117996215820312	
355.1790466308594	179.94189453125	10.156327247619629	16.277729034423828	
354.1923828125	180.15158081054688	10.307401657104492	16.08908462524414	
353.8179626464844	179.75216674804688	10.614326477050781	16.569713592529297	
353.062255859375	179.8441162109375	10.691110610961914	16.467493057250977	
352.51251220703125	179.8192138671875	10.80168342590332	16.125415802001953	
352.065185546875	180.05897521972656	10.270264625549316	16.338848114013672	
351.1878356933594	179.6493377685547	11.152432441711426	16.493175506591797	
350.9651794433594	179.78567504882812	10.479490280151367	16.616849899291992	
350.0780029296875	179.80221557617188	10.978391647338867	16.391759872436523	
349.7663269042969	180.02835083007812	10.439756393432617	16.024085998535156	
349.15533447265625	179.40365600585938	10.628028869628906	16.941293716430664	
348.20819091796875	179.90249633789062	11.078210830688477	15.963208198547363	
348.08258056640625	179.4586181640625	10.462478637695312	16.561012268066406	
347.0174255371094	179.15713500976562	11.242185592651367	17.21254539489746	
346.8311767578125	179.24038696289062	10.576647758483887	16.601850509643555	
346.1632385253906	179.4818878173828	10.632076263427734	16.739788055419922	
345.3068542480469	179.27450561523438	11.012138366699219	16.985628128051758	
345.0368957519531	179.31332397460938	10.443613052368164	16.852712631225586	
343.89630126953125	179.18673706054688	11.122505187988281	17.722436904907227	
343.23040771484375	178.94667053222656	11.233534812927246	17.90375328063965	
342.77520751953125	179.2095489501953	10.872634887695312	17.693994522094727	
341.6524658203125	179.27342224121094	11.772911071777344	17.908443450927734	
341.2579040527344	178.90882873535156	11.270237922668457	17.902713775634766	
340.7002258300781	178.92752075195312	11.424062728881836	18.148752212524414	
339.9618225097656	178.97142028808594	11.450761795043945	18.213760375976562	
339.28216552734375	178.5719757080078	11.533318519592285	18.77772331237793	
338.4569396972656	178.9558563232422	11.70201587677002	18.61172103881836	
337.87188720703125	178.74130249023438	11.493534088134766	18.580310821533203	
337.25225830078125	178.5337371826172	11.602544784545898	18.986339569091797	
336.8596496582031	178.8182373046875	11.476293563842773	18.505464553833008	
335.80914306640625	178.88941955566406	11.883845329284668	18.453838348388672	
335.3206481933594	178.6923065185547	11.790884017944336	18.827945709228516	
334.68804931640625	178.9646759033203	11.452079772949219	18.627094268798828	
333.7491760253906	179.20921325683594	11.944086074829102	18.368499755859375	
333.2532043457031	179.0381622314453	11.798523902893066	18.300765991210938	
332.78985595703125	179.46792602539062	11.778390884399414	18.26864242553711	
332.091552734375	179.112060546875	11.335275650024414	17.916255950927734	
331.0782165527344	179.1457977294922	12.181163787841797	17.901010513305664	
330.50555419921875	179.2955322265625	11.592414855957031	17.90301513671875	
329.2508850097656	178.84353637695312	11.840128898620605	17.895761489868164	
327.91302490234375	178.08901977539062	13.120512008666992	18.62371826171875	
327.1423645019531	177.6924285888672	13.329852104187012	18.696584701538086	
326.6095275878906	176.93997192382812	12.453699111938477	18.973690032958984	
328.7734069824219	179.96446228027344	11.736096382141113	16.952125549316406	
325.3594665527344	176.3431854248047	12.953753471374512	20.208858489990234	
325.2172546386719	176.773193359375	12.522038459777832	20.26185417175293	
324.07574462890625	176.8633575439453	12.965299606323242	20.872467041015625	
322.63092041015625	177.616455078125	12.873559951782227	20.221851348876953	
322.12078857421875	178.52810668945312	12.964754104614258	19.814067840576172	
323.36865234375	181.50686645507812	11.760616302490234	16.9875431060791	
317.68963623046875	176.32858276367188	13.462997436523438	18.95571517944336	
322.3956298828125	174.34518432617188	13.857892990112305	17.69553565979004	
324.4566345214844	173.89913940429688	13.594027519226074	17.495723724365234	
324.74652099609375	171.245849609375	14.025794982910156	22.12491226196289	
331.7778625488281	170.52792358398438	13.914728164672852	20.697248458862305	
337.02294921875	172.29043579101562	14.004300117492676	21.290912628173828	
337.6712951660156	177.50242614746094	14.976161003112793	20.851154327392578	
343.24810791015625	179.58395385742188	15.735995292663574	22.02289581298828	
348.2258605957031	179.7220916748047	16.149354934692383	22.655282974243164	
357.7410888671875	183.16909790039062	13.767763137817383	19.88675308227539	
359.54901123046875	178.29196166992188	17.12222671508789	23.314102172851562	
364.1749267578125	179.1454620361328	18.158924102783203	23.66444206237793	
370.654541015625	178.30795288085938	17.103317260742188	24.200944900512695	
375.3601989746094	180.94549560546875	18.525646209716797	23.21462631225586	
381.164794921875	180.25656127929688	17.330272674560547	23.441486358642578	
380.0674743652344	174.10745239257812	17.535614013671875	21.86046028137207	
382.1528015136719	177.16038513183594	18.026086807250977	24.926454544067383	
376.187255859375	176.33067321777344	16.331470489501953	25.401670455932617	
382.36517333984375	174.49400329589844	15.339408874511719	25.39190101623535	
390.09405517578125	176.607177734375	17.08622932434082	24.680095672607422	
390.9729919433594	173.2850799560547	15.485761642456055	24.66968536376953	
394.60308837890625	171.66952514648438	15.630828857421875	25.87209129333496	
394.8421325683594	177.2346954345703	14.254559516906738	21.051671981811523	
396.09173583984375	172.63662719726562	18.227092742919922	26.3280086517334	
394.2939147949219	176.39842224121094	20.89927101135254	18.846033096313477	
398.89459228515625	172.4374237060547	18.52215576171875	26.75421142578125	
393.8900451660156	174.5464324951172	20.20511245727539	18.90871810913086	
393.3825988769531	173.8753204345703	21.306415557861328	19.80411148071289	
393.15948486328125	173.7742919921875	21.758907318115234	19.860692977905273	
395.25885009765625	169.8601837158203	19.610733032226562	28.326595306396484	
393.0834045410156	173.30955505371094	21.68079376220703	20.039230346679688	
392.6496276855469	173.31021118164062	22.610754013061523	19.880699157714844	
393.07904052734375	173.48715209960938	20.960491180419922	19.481971740722656	
393.19219970703125	173.9886474609375	21.57967758178711	19.091421127319336	
393.1498107910156	174.23782348632812	21.11689567565918	19.1610164642334	
393.0826416015625	174.5961151123047	21.98165512084961	18.78887176513672	
393.30780029296875	175.08665466308594	20.717601776123047	18.436033248901367	
393.06134033203125	173.97109985351562	21.6195011138916	19.137619018554688	
393.1409912109375	174.15921020507812	21.61917495727539	19.38156509399414	
392.986328125	173.47361755371094	21.580846786499023	19.519296646118164	
393.0054016113281	173.60733032226562	21.596378326416016	19.547914505004883	
392.65277099609375	172.98178100585938	22.449321746826172	20.186424255371094	
392.9620361328125	173.79684448242188	21.83701515197754	19.787830352783203	
392.93463134765625	173.69346618652344	21.639385223388672	19.810039520263672	
392.9820556640625	173.74676513671875	21.983505249023438	19.77191162109375	
392.8705139160156	173.2259979248047	21.261367797851562	19.380970001220703	
392.9678649902344	173.7259979248047	21.61407470703125	19.67034339904785	
392.7652282714844	173.45755004882812	21.950862884521484	19.765724182128906	
393.12664794921875	173.4608917236328	22.048709869384766	19.903751373291016	
393.0187072753906	173.38528442382812	21.71340560913086	19.63437271118164	
393.0128173828125	173.74949645996094	21.693416595458984	19.26350975036621	
392.7440185546875	173.55221557617188	22.475421905517578	19.815021514892578	
392.81268310546875	173.46621704101562	22.473628997802734	20.461246490478516	
392.4573669433594	173.53797912597656	22.216960906982422	19.536788940429688	
392.75762939453125	173.6962432861328	21.948974609375	19.969287872314453	
392.61651611328125	173.42562866210938	22.325761795043945	19.471927642822266	
392.71649169921875	173.80758666992188	21.76238250732422	19.684377670288086	
393.4832763671875	174.10153198242188	21.351957321166992	19.362842559814453	
393.0306396484375	173.85879516601562	21.429471969604492	19.329315185546875	
393.037841796875	172.8844757080078	22.07193946838379	20.6495361328125	
392.387939453125	172.6155242919922	23.26251792907715	20.993505477905273	
392.5850524902344	173.24795532226562	22.07246208190918	20.139801025390625	
393.1515197753906	173.95742797851562	21.544479370117188	19.40249252319336	
393.02215576171875	173.79917907714844	21.879180908203125	19.614463806152344	
393.00469970703125	174.06785583496094	20.936304092407227	18.771221160888672	
392.4305725097656	173.6518096923828	21.909744262695312	19.21909523010254	
392.91741943359375	174.50222778320312	21.513355255126953	19.06194496154785	
393.2625427246094	174.63888549804688	20.926651000976562	18.362140655517578	
392.5686950683594	173.7899932861328	22.197406768798828	19.80851173400879	
392.4206848144531	173.3507537841797	22.484806060791016	20.354236602783203	
392.4529724121094	173.03164672851562	23.238292694091797	20.464506149291992	
392.7646484375	173.17115783691406	22.471309661865234	20.136226654052734	
392.7105407714844	173.79248046875	22.294757843017578	19.408870697021484	
392.7734069824219	173.5367431640625	22.382904052734375	20.33563995361328	
392.54766845703125	173.5519561767578	22.158069610595703	19.793540954589844	
392.3919372558594	172.62542724609375	22.959205627441406	20.753787994384766	
392.60675048828125	174.11471557617188	22.557207107543945	19.700368881225586	
392.4828796386719	173.2172393798828	22.768096923828125	20.87057113647461	
