147.0	65.0	55.0	72.0	
151.8076934814453	65.19432830810547	56.55750274658203	72.66535949707031	
157.6920623779297	64.46240234375	57.58972930908203	73.0857162475586	
163.65342712402344	63.77324295043945	59.795616149902344	71.76936340332031	
170.36764526367188	63.93091583251953	63.21318817138672	71.79411315917969	
182.54603576660156	65.36126708984375	60.667564392089844	73.34233093261719	
192.00021362304688	66.06156921386719	58.217811584472656	79.5167236328125	
199.20289611816406	66.60685729980469	54.96875762939453	86.91395568847656	
202.7196807861328	70.984130859375	52.160369873046875	83.46684265136719	
202.94454956054688	73.4642562866211	52.41175079345703	81.9052963256836	
202.26626586914062	72.78523254394531	52.50042724609375	82.19684600830078	
198.53652954101562	73.26283264160156	54.89174270629883	79.33241271972656	
192.08621215820312	72.41609954833984	58.36896896362305	78.24567413330078	
185.82566833496094	73.22479248046875	57.2656135559082	73.09097290039062	
179.70169067382812	72.97824096679688	57.2978401184082	71.34537506103516	
175.6039276123047	71.6265640258789	54.56739044189453	69.92570495605469	
172.04486083984375	69.21014404296875	52.97853469848633	70.63977813720703	
168.88926696777344	65.28941345214844	53.2808952331543	73.08950805664062	
167.5940399169922	61.75130081176758	51.5555305480957	73.88032531738281	
166.8701171875	58.08294677734375	50.83607482910156	75.43225860595703	
166.81578063964844	53.86144256591797	50.53030014038086	77.3140640258789	
165.63980102539062	49.68522644042969	51.453956604003906	79.45465850830078	
163.53399658203125	45.56904983520508	52.54859161376953	82.2237548828125	
161.8292999267578	41.812103271484375	53.4443359375	84.49027252197266	
160.48666381835938	38.048683166503906	54.681129455566406	85.8594741821289	
159.32974243164062	35.31090545654297	54.619544982910156	84.30470275878906	
158.092529296875	32.71141052246094	55.2850456237793	80.91905212402344	
156.77255249023438	31.132156372070312	53.54961013793945	75.83973693847656	
155.38613891601562	28.280410766601562	53.0051155090332	76.7136001586914	
154.55258178710938	26.118717193603516	51.86579132080078	75.01302337646484	
153.9540557861328	24.695667266845703	51.232460021972656	71.96720123291016	
153.76486206054688	23.314584732055664	50.69050216674805	71.12702178955078	
153.24356079101562	22.046749114990234	51.030845642089844	70.06177520751953	
153.42074584960938	22.398235321044922	49.69997024536133	68.08390808105469	
153.1449737548828	22.917011260986328	49.980037689208984	68.03180694580078	
152.8259735107422	23.105566024780273	50.4310417175293	68.8644790649414	
153.43336486816406	23.812061309814453	49.74317169189453	69.6926498413086	
153.85801696777344	24.693096160888672	51.110565185546875	70.94454956054688	
154.7195587158203	25.770252227783203	51.566871643066406	71.98493957519531	
155.491455078125	27.702688217163086	50.859310150146484	71.38002014160156	
155.94467163085938	28.80267906188965	51.40283203125	73.51680755615234	
156.79232788085938	31.047460556030273	52.51906204223633	73.25697326660156	
158.6435089111328	32.049705505371094	54.87712860107422	74.95853424072266	
162.65231323242188	30.1932373046875	55.24211883544922	81.3613510131836	
165.2928924560547	30.656814575195312	57.77766036987305	81.83048248291016	
169.569580078125	30.706167221069336	63.19373321533203	80.90327453613281	
178.8714599609375	30.4294490814209	62.31902313232422	80.17196655273438	
186.81326293945312	27.841815948486328	63.590354919433594	84.5746841430664	
195.25314331054688	25.315261840820312	64.78851318359375	86.53694152832031	
203.84271240234375	23.88632583618164	63.27642059326172	88.1307373046875	
210.90878295898438	22.45456314086914	59.956146240234375	89.7218017578125	
215.1956329345703	21.06137466430664	58.660072326660156	91.90740966796875	
217.67733764648438	22.360416412353516	56.660240173339844	89.88655853271484	
217.6298065185547	22.879358291625977	57.46625518798828	92.6301040649414	
214.92129516601562	24.468669891357422	59.165382385253906	92.25182342529297	
213.7649383544922	25.385879516601562	57.7329216003418	92.00323486328125	
213.5521240234375	25.486297607421875	58.50370407104492	93.33038330078125	
213.31784057617188	25.868576049804688	58.831398010253906	93.56665802001953	
213.31533813476562	26.607433319091797	58.33435821533203	91.87346649169922	
214.3170623779297	26.486225128173828	58.555030822753906	91.67094421386719	
215.6179656982422	27.47391128540039	58.24811935424805	91.32572937011719	
216.16665649414062	29.300521850585938	57.67067337036133	88.34461212158203	
216.090087890625	27.578710556030273	58.3314208984375	89.38067626953125	
212.99246215820312	26.573284149169922	60.24959182739258	91.12435150146484	
207.4626007080078	27.388940811157227	63.02264404296875	88.33599090576172	
198.7174530029297	26.69381332397461	67.20623779296875	90.33000183105469	
187.39056396484375	27.320079803466797	70.43629455566406	90.38399505615234	
178.6816864013672	29.942058563232422	68.15150451660156	87.68727111816406	
170.16909790039062	29.74261474609375	67.83961486816406	86.6960220336914	
159.5110321044922	27.931049346923828	70.22950744628906	89.92790985107422	
151.3954315185547	28.031824111938477	69.01036834716797	89.14616394042969	
145.07481384277344	30.232492446899414	66.82636260986328	83.2183609008789	
137.8936767578125	31.988887786865234	66.51817321777344	81.02837371826172	
131.3931427001953	35.038387298583984	64.40157318115234	75.70043182373047	
126.7356948852539	38.366615295410156	62.784645080566406	74.95464324951172	
123.74015045166016	41.88584518432617	60.877418518066406	72.10868072509766	
122.6121826171875	43.85588455200195	58.648094177246094	72.77777099609375	
121.75347900390625	45.94385528564453	58.17742919921875	72.97535705566406	
121.1059799194336	48.156795501708984	57.34026336669922	72.72261047363281	
120.57878112792969	49.87776184082031	58.44532012939453	72.76496887207031	
121.14421081542969	50.6488037109375	59.250938415527344	72.56912994384766	
123.231201171875	50.60938262939453	62.2856559753418	73.90138244628906	
128.15406799316406	49.96642303466797	61.145973205566406	77.86259460449219	
132.50588989257812	48.67961883544922	63.321754455566406	81.11714935302734	
137.56085205078125	48.476539611816406	65.19355773925781	81.66715240478516	
144.935546875	47.67304229736328	64.5507583618164	81.3519287109375	
152.76022338867188	45.35947036743164	62.372230529785156	83.16641998291016	
158.2104949951172	42.61561965942383	60.37504196166992	84.32012939453125	
161.9618682861328	40.42987060546875	60.14287567138672	85.02030181884766	
166.56570434570312	38.0829963684082	58.002174377441406	84.56585693359375	
169.22169494628906	34.559024810791016	57.940773010253906	84.56690979003906	
171.1431121826172	30.701446533203125	58.295318603515625	86.92256164550781	
172.7732696533203	28.651611328125	58.56705856323242	86.97187805175781	
173.77188110351562	26.166637420654297	57.9647102355957	87.40843963623047	
173.8292694091797	24.386558532714844	58.5648307800293	86.25726318359375	
174.25808715820312	23.61827850341797	57.489044189453125	85.12321472167969	
173.4553680419922	22.603607177734375	58.519935607910156	84.66294860839844	
172.46792602539062	21.113874435424805	58.65336227416992	85.69725036621094	
171.75062561035156	18.92609214782715	58.4487419128418	86.63484954833984	
171.37879943847656	18.557418823242188	57.763267517089844	84.57024383544922	
171.20370483398438	17.881887435913086	57.516693115234375	82.53060913085938	
171.38987731933594	17.4383487701416	55.94219970703125	80.90391540527344	
171.11109924316406	17.48708152770996	55.37862014770508	80.05262756347656	
170.38052368164062	16.64892578125	57.12794876098633	80.09086608886719	
170.2569580078125	17.23833656311035	55.858116149902344	77.490478515625	
169.11154174804688	17.267745971679688	55.7880973815918	76.39952850341797	
167.650390625	18.181087493896484	55.87208938598633	76.13084411621094	
166.0789794921875	19.73543357849121	54.77852249145508	73.4976806640625	
162.6463165283203	19.967906951904297	55.5576286315918	74.88114929199219	
159.40826416015625	20.948694229125977	55.446014404296875	74.16374206542969	
156.70046997070312	22.149585723876953	56.5681266784668	75.22004699707031	
154.18392944335938	23.548681259155273	56.72774124145508	76.5085220336914	
152.5057830810547	26.07059669494629	56.32558059692383	77.35252380371094	
151.8585205078125	28.424335479736328	55.710113525390625	78.44984436035156	
151.57095336914062	31.41054916381836	55.7701530456543	78.48506927490234	
150.749267578125	33.861358642578125	55.835601806640625	79.4985580444336	
148.89321899414062	36.38982391357422	57.747520446777344	80.98908996582031	
146.96099853515625	39.440765380859375	57.727325439453125	80.22871398925781	
145.00384521484375	41.18073654174805	57.50117111206055	81.47560119628906	
143.23550415039062	44.0741081237793	58.067298889160156	81.09849548339844	
141.66458129882812	46.64013671875	57.43046951293945	80.81690979003906	
139.3762969970703	48.769264221191406	58.17259979248047	81.39127349853516	
138.21456909179688	51.09991455078125	56.593544006347656	81.79847717285156	
136.4813232421875	53.42975997924805	57.27544021606445	81.13445281982422	
134.17800903320312	56.01836013793945	57.28889083862305	79.72039031982422	
132.47303771972656	57.87119674682617	56.396827697753906	78.08992767333984	
130.5829620361328	58.35109329223633	57.22772216796875	78.69357299804688	
129.38766479492188	59.15410232543945	56.12031936645508	77.1288070678711	
127.89765930175781	59.142601013183594	55.8884391784668	77.03292083740234	
126.04335021972656	58.59052658081055	56.77325439453125	77.47322845458984	
122.36895751953125	58.29974365234375	58.156005859375	77.40658569335938	
118.44215393066406	57.73176193237305	58.3890380859375	76.82552337646484	
114.760986328125	57.046424865722656	57.91505813598633	75.4722671508789	
113.0614013671875	56.878013610839844	56.927001953125	73.95309448242188	
111.52217864990234	55.48602294921875	56.13592529296875	74.07377624511719	
110.59676361083984	54.280113220214844	55.412757873535156	73.72364807128906	
110.21928405761719	53.3537712097168	53.872657775878906	72.97066497802734	
109.58830261230469	51.92390060424805	55.00945281982422	73.98344421386719	
108.96183013916016	50.564083099365234	54.415565490722656	73.13680267333984	
107.36617279052734	49.20056915283203	54.72319412231445	72.68058776855469	
104.7634048461914	47.170989990234375	56.11473846435547	73.2432632446289	
101.08707427978516	45.11159896850586	57.38477325439453	74.33431243896484	
98.94953918457031	42.92888641357422	55.58561325073242	74.66354370117188	
94.95967102050781	41.375396728515625	56.19123077392578	75.19377136230469	
91.06504821777344	38.756874084472656	56.613121032714844	76.91252136230469	
87.68204498291016	36.24373245239258	56.86750411987305	78.22822570800781	
84.2480697631836	34.89727783203125	56.25452423095703	79.0294189453125	
81.18168640136719	33.54204559326172	55.96138381958008	79.50711059570312	
77.70933532714844	32.905616760253906	56.479827880859375	78.9747543334961	
75.8753433227539	32.461570739746094	55.286216735839844	79.42958068847656	
73.1302719116211	32.05199432373047	58.07313919067383	80.67353820800781	
71.81965637207031	32.435646057128906	56.13206100463867	79.18199157714844	
70.0890121459961	32.79195022583008	57.14263916015625	78.46102142333984	
70.33499145507812	33.732295989990234	53.99540328979492	77.0835189819336	
69.67921447753906	34.92118453979492	54.69824981689453	75.36679077148438	
71.39385986328125	37.66436767578125	51.57915115356445	72.26780700683594	
71.84037017822266	40.13386917114258	51.638824462890625	71.49964141845703	
66.70719146728516	40.46044158935547	58.25136184692383	76.25639343261719	
70.0280532836914	40.136680603027344	57.6416130065918	75.45817565917969	
68.6802749633789	41.459434509277344	59.55998992919922	77.96951293945312	
80.46293640136719	23.91239356994629	62.102561950683594	81.29798889160156	
59.412574768066406	42.750030517578125	63.728599548339844	83.42662048339844	
61.27234649658203	51.11322784423828	65.2747802734375	85.45072174072266	
35.35601043701172	20.21965789794922	66.20652770996094	86.67046356201172	
24.930511474609375	33.33000183105469	66.71790313720703	87.33990478515625	
22.499624252319336	45.176597595214844	65.55451202392578	85.81690979003906	
43.99737548828125	35.2044677734375	65.59800720214844	85.87384796142578	
26.035594940185547	44.909141540527344	66.67652130126953	87.28572082519531	
21.956768035888672	37.510250091552734	67.56672668457031	88.45108032226562	
29.51220703125	24.010913848876953	66.48491668701172	87.03489685058594	
33.05638885498047	42.19672775268555	65.75287628173828	86.07657623291016	
68.81095123291016	28.564929962158203	64.90641784667969	84.9684829711914	
64.8341293334961	21.154199600219727	64.92127990722656	84.9879379272461	
71.40510559082031	14.068560600280762	66.82942199707031	87.48588562011719	
55.30535125732422	14.637628555297852	69.36231231689453	90.80167388916016	
83.06565856933594	17.132450103759766	71.43389892578125	93.51356506347656	
78.18605041503906	29.2609806060791	72.73048400878906	95.2109146118164	
63.84747314453125	14.49285888671875	72.50758361816406	94.91911315917969	
41.811798095703125	16.631311416625977	70.8855972290039	92.7957763671875	
45.007362365722656	15.239130973815918	69.84532165527344	91.4339599609375	
60.56884765625	11.432867050170898	70.63282012939453	92.4648666381836	
73.79371643066406	42.83280563354492	71.14071655273438	93.12975311279297	
87.35157012939453	14.403787612915039	71.3722152709961	93.43280792236328	
89.2125015258789	8.296003341674805	70.80750274658203	92.69355773925781	
65.60592651367188	12.449811935424805	69.97236633300781	91.60029602050781	
70.65519714355469	21.229646682739258	70.55210876464844	92.3592300415039	
108.86189270019531	8.337137222290039	70.04376220703125	91.69375610351562	
107.67242431640625	24.67635154724121	68.31428527832031	89.42970275878906	
84.956787109375	6.107719421386719	68.28181457519531	89.38719177246094	
71.83964538574219	22.14677619934082	67.85691833496094	88.83096313476562	
64.93782806396484	12.51576042175293	68.93464660644531	90.24181365966797	
96.03386688232422	38.842201232910156	71.92803955078125	94.16044616699219	
167.58383178710938	38.917938232421875	63.399497985839844	87.58248138427734	
170.29830932617188	37.297271728515625	62.56319046020508	85.01810455322266	
169.50863647460938	35.45132064819336	61.0610466003418	85.58128356933594	
170.26246643066406	34.0532112121582	60.1684455871582	88.0030746459961	
171.56124877929688	33.84290313720703	58.60112762451172	85.39695739746094	
171.66429138183594	32.76789474487305	59.516357421875	83.50730895996094	
172.71849060058594	30.620386123657227	58.439537048339844	85.38252258300781	
172.90798950195312	27.74894142150879	59.019195556640625	88.15361785888672	
173.93820190429688	26.315298080444336	58.969993591308594	85.67500305175781	
173.6700897216797	23.53484535217285	58.73323440551758	87.2193603515625	
173.7563934326172	21.921672821044922	59.2974853515625	87.4138412475586	
173.99560546875	20.453327178955078	57.868324279785156	88.0013427734375	
173.6336212158203	20.341732025146484	58.441734313964844	86.25238037109375	
172.8394317626953	20.708431243896484	57.154632568359375	83.2164535522461	
171.53701782226562	21.348941802978516	55.329124450683594	79.43757629394531	
169.7284393310547	20.534122467041016	55.810462951660156	80.61186218261719	
168.25926208496094	19.972442626953125	55.68303298950195	79.01277923583984	
166.97021484375	20.238872528076172	55.11240768432617	77.8163070678711	
164.17076110839844	17.9815673828125	55.555641174316406	79.53069305419922	
162.68569946289062	17.2608699798584	54.747230529785156	76.80709838867188	
160.1935272216797	15.91053581237793	56.03371047973633	77.0832290649414	
156.4515380859375	15.221429824829102	56.7973747253418	75.61843872070312	
152.42367553710938	14.726404190063477	57.102867126464844	75.77882385253906	
149.22698974609375	13.637481689453125	57.35851287841797	77.56534576416016	
144.69924926757812	12.777582168579102	58.19953536987305	81.79589080810547	
141.16201782226562	13.187700271606445	58.89508056640625	82.75672912597656	
137.05857849121094	13.684048652648926	59.971107482910156	82.14384460449219	
133.77626037597656	14.080594062805176	59.338890075683594	82.9894790649414	
131.09999084472656	15.1191987991333	58.05231857299805	81.0906982421875	
129.53819274902344	16.601146697998047	56.529624938964844	79.52384948730469	
129.4970245361328	17.6420955657959	54.57841873168945	79.78581237792969	
129.07000732421875	17.865215301513672	55.533851623535156	82.89205932617188	
128.83920288085938	19.51910972595215	56.39331817626953	84.2114028930664	
129.54905700683594	21.996753692626953	57.9664192199707	85.07502746582031	
131.40353393554688	25.594600677490234	57.37086868286133	84.57044219970703	
133.54916381835938	29.08026695251465	56.91351318359375	84.15095520019531	
135.3998565673828	34.039817810058594	56.72234344482422	82.14484405517578	
137.67098999023438	37.783721923828125	60.084739685058594	81.84794616699219	
140.9322052001953	40.763160705566406	60.90061569213867	81.06363677978516	
145.42367553710938	42.42967987060547	59.32703399658203	83.9675521850586	
148.24038696289062	45.44024658203125	57.74281692504883	83.35181427001953	
149.89712524414062	48.83380889892578	56.639854431152344	81.4839096069336	
150.8733367919922	51.66660690307617	56.11005783081055	79.28495025634766	
151.65914916992188	54.47888946533203	55.37272262573242	77.86885070800781	
151.44570922851562	57.1905632019043	55.05668258666992	76.7060775756836	
150.67507934570312	60.94060516357422	54.2834587097168	74.23699951171875	
150.0328826904297	63.06943893432617	53.96057891845703	72.9859848022461	
149.76095581054688	64.40843200683594	54.2574462890625	72.3661117553711	
149.2671356201172	64.7212905883789	54.88153076171875	72.18109130859375	
148.14462280273438	65.25070190429688	54.54075241088867	71.82026672363281	
146.31788635253906	65.46341705322266	55.47652053833008	72.15738677978516	
144.75001525878906	65.26500701904297	54.820640563964844	72.4726333618164	
143.17625427246094	64.99375915527344	54.55021286010742	73.01885223388672	
141.53085327148438	64.8387680053711	56.00062942504883	73.47743225097656	
139.98675537109375	64.9322509765625	56.3963623046875	73.96332550048828	
139.2492218017578	64.58494567871094	54.7552375793457	74.61438751220703	
139.8881072998047	63.5483283996582	53.53834915161133	75.52418518066406	
140.7518310546875	63.40586471557617	53.67510223388672	74.44194030761719	
142.14971923828125	62.01569366455078	54.807373046875	75.37986755371094	
144.584716796875	61.326560974121094	54.74821090698242	74.84886169433594	
146.45947265625	60.11783981323242	56.98003005981445	75.75331115722656	
150.07937622070312	58.28410720825195	59.040977478027344	78.33839416503906	
155.24850463867188	56.97346115112305	59.0555305480957	80.05986022949219	
160.08255004882812	52.61699676513672	56.796546936035156	85.1541519165039	
162.57669067382812	51.35668182373047	59.375511169433594	83.31956481933594	
167.8594512939453	49.61623764038086	55.9514274597168	83.61166381835938	
169.53961181640625	46.2074089050293	55.03184127807617	86.64549255371094	
170.42724609375	44.72444152832031	58.35724639892578	84.9552230834961	
175.0269012451172	42.1350212097168	58.027931213378906	85.20645904541016	
178.78927612304688	40.22148513793945	56.29390335083008	85.81170654296875	
179.82098388671875	36.54058074951172	58.64398956298828	89.93382263183594	
182.0711669921875	32.82512283325195	61.07395553588867	92.61647033691406	
186.5536651611328	27.534259796142578	61.072662353515625	95.46195983886719	
191.27947998046875	22.12961769104004	59.645286560058594	98.38981628417969	
195.2165069580078	16.982379913330078	59.347755432128906	99.23463439941406	
197.88748168945312	14.331308364868164	60.11467742919922	98.55513000488281	
201.38720703125	9.405923843383789	59.60783767700195	100.19739532470703	
204.4000244140625	6.65725564956665	60.2421989440918	98.40892028808594	
208.4407196044922	3.2778968811035156	60.06721878051758	99.89710235595703	
210.99459838867188	0.5650138854980469	59.36482620239258	101.13435363769531	
213.7386932373047	0.0	59.49753952026367	103.62835693359375	
211.356201171875	0.0	59.9832763671875	99.30027770996094	
208.8008270263672	0.0	61.537742614746094	99.24440002441406	
204.37074279785156	0.0	61.63300704956055	93.79644775390625	
198.60394287109375	0.0	62.32746505737305	91.19337463378906	
193.3414306640625	0.0	61.72678756713867	88.94294738769531	
190.2468719482422	0.0	59.2989387512207	87.72416687011719	
185.58914184570312	0.0	60.74663162231445	86.8099136352539	
183.02931213378906	0.0	57.918724060058594	84.75286865234375	
180.44969177246094	0.0	57.14679718017578	83.60384368896484	
173.29025268554688	0.0	62.25605392456055	86.12071228027344	
165.72950744628906	0.0	62.31157684326172	83.39676666259766	
159.36898803710938	0.0	60.481231689453125	78.4375991821289	
155.82383728027344	0.0	57.62635040283203	75.34992218017578	
154.20225524902344	0.5351478457450867	55.499534606933594	72.0722885131836	
152.69461059570312	1.822962999343872	54.03178787231445	70.03108215332031	
152.64102172851562	2.976210832595825	53.0201530456543	70.19256591796875	
153.00033569335938	3.1097731590270996	53.587554931640625	69.45025634765625	
153.63662719726562	3.8658127784729004	53.2171745300293	69.32977294921875	
155.03668212890625	4.185516357421875	53.407142639160156	69.46573638916016	
156.9039306640625	4.397451877593994	54.083152770996094	70.77159118652344	
159.6156768798828	4.619126796722412	56.11015701293945	71.492431640625	
163.21630859375	2.986182451248169	59.801490783691406	74.81017303466797	
168.8829345703125	1.8994789123535156	62.565460205078125	78.1292953491211	
175.6304168701172	0.0	65.68647766113281	82.1210708618164	
182.20712280273438	0.0	70.1839370727539	89.84444427490234	
194.02072143554688	0.0	59.675071716308594	90.67896270751953	
196.17422485351562	0.02803649939596653	55.05656814575195	86.72956085205078	
195.85177612304688	0.14166870713233948	58.31298065185547	86.12565612792969	
197.64688110351562	0.2829246520996094	63.40918731689453	87.81204986572266	
201.79974365234375	0.0	63.78914260864258	90.89399719238281	
202.03819274902344	0.0	61.25261306762695	90.72760009765625	
199.43014526367188	0.0	61.35273361206055	89.67001342773438	
193.7666015625	0.448150634765625	62.28826904296875	89.03219604492188	
191.81890869140625	1.7148529291152954	58.43327713012695	89.19843292236328	
192.0936737060547	3.6622345447540283	57.902015686035156	90.40995025634766	
194.86241149902344	4.818638801574707	59.482139587402344	89.35176849365234	
200.26889038085938	3.600616455078125	54.71338653564453	90.59424591064453	
202.76980590820312	5.2575812339782715	55.449256896972656	89.27351379394531	
206.659912109375	8.031612396240234	53.852325439453125	86.60224914550781	
208.4280242919922	8.85908317565918	53.83708572387695	87.04019927978516	
210.3147430419922	11.676671981811523	53.09550857543945	83.00862884521484	
212.0032196044922	8.927881240844727	54.722312927246094	87.82795715332031	
214.1343536376953	8.182004928588867	53.26312255859375	87.01835632324219	
214.73489379882812	11.765198707580566	50.55577850341797	79.81160736083984	
211.08120727539062	10.521835327148438	54.072235107421875	83.90579986572266	
207.63839721679688	11.621110916137695	54.663536071777344	83.61735534667969	
204.2323455810547	13.987727165222168	53.779510498046875	80.78126525878906	
202.0189666748047	15.078485488891602	52.77922821044922	81.67235565185547	
199.5161590576172	17.064790725708008	53.07140350341797	80.88956451416016	
193.90869140625	17.4190616607666	55.85698318481445	82.27123260498047	
185.38694763183594	15.235921859741211	59.67461013793945	85.94210052490234	
182.7003936767578	15.365119934082031	61.12101364135742	80.0130844116211	
168.80426025390625	17.65650177001953	57.15666580200195	78.07147216796875	
162.79116821289062	21.5472354888916	53.959808349609375	73.88694763183594	
154.0355682373047	18.455059051513672	57.89475631713867	75.46205139160156	
145.65538024902344	19.316089630126953	61.5096435546875	73.5048828125	
139.66616821289062	18.15267562866211	57.5504264831543	76.28971862792969	
134.40478515625	16.420278549194336	54.884002685546875	76.79299926757812	
129.96603393554688	15.806015014648438	52.56939697265625	73.82772064208984	
126.24168395996094	13.79901123046875	51.67957305908203	74.5422592163086	
126.56075286865234	14.404446601867676	46.59618377685547	70.04258728027344	
126.91744232177734	14.422470092773438	47.79494857788086	69.75174713134766	
128.79843139648438	12.842450141906738	51.0843620300293	69.85321807861328	
134.62535095214844	11.169218063354492	53.073036193847656	70.5084457397461	
142.1760711669922	8.863417625427246	54.97159957885742	72.71784973144531	
150.52134704589844	7.561943054199219	56.704994201660156	73.52497100830078	
159.81703186035156	5.041973114013672	55.87689208984375	76.83135986328125	
167.31118774414062	5.086907386779785	59.56309127807617	75.3315658569336	
177.95281982421875	6.846636772155762	63.81830596923828	75.6450424194336	
190.78643798828125	7.802659034729004	63.541412353515625	79.33494567871094	
203.16726684570312	8.971699714660645	59.3319091796875	82.3502197265625	
210.9513397216797	10.388532638549805	56.54761505126953	86.72698974609375	
215.0009002685547	12.314360618591309	55.041786193847656	91.15434265136719	
216.03164672851562	16.10409164428711	55.662933349609375	93.41006469726562	
216.79421997070312	20.7122859954834	55.6872444152832	95.27660369873047	
217.4916229248047	28.158954620361328	54.79282760620117	92.0556640625	
218.97848510742188	34.78191375732422	53.2717170715332	88.25776672363281	
219.12313842773438	38.982872009277344	53.28114700317383	86.60498046875	
218.0391845703125	41.97103500366211	53.56602096557617	87.56448364257812	
216.4337158203125	46.56578063964844	52.74708938598633	82.10755920410156	
214.9359130859375	47.18280029296875	53.063743591308594	83.31368255615234	
213.370849609375	48.63190460205078	52.220191955566406	81.98262023925781	
210.74008178710938	49.72627258300781	53.23085403442383	80.15209197998047	
208.62692260742188	50.540626525878906	53.074188232421875	80.24288177490234	
204.6743927001953	51.0239372253418	54.19721221923828	80.59418487548828	
199.9346466064453	51.920684814453125	54.764183044433594	79.20930480957031	
195.75901794433594	50.677223205566406	54.79443359375	80.66622924804688	
192.684814453125	48.14966583251953	53.722755432128906	81.7764663696289	
189.84030151367188	45.2590446472168	52.892066955566406	81.56434631347656	
187.3642578125	40.20303726196289	53.31559371948242	84.90997314453125	
186.04269409179688	35.42790222167969	52.789710998535156	85.77598571777344	
185.72421264648438	30.7293701171875	52.54218292236328	86.54685974121094	
185.6231689453125	26.833698272705078	53.612342834472656	87.1124038696289	
186.0009002685547	22.350122451782227	54.11286163330078	89.7629623413086	
186.9554901123047	19.365556716918945	54.94246292114258	89.17497253417969	
188.51828002929688	17.255252838134766	53.93086624145508	87.37736511230469	
189.98890686035156	15.315414428710938	53.657264709472656	86.91194915771484	
190.71142578125	15.838793754577637	52.740150451660156	83.04918670654297	
191.4877166748047	13.0565767288208	52.92338180541992	85.15545654296875	
191.18942260742188	12.628812789916992	52.30817413330078	81.6575927734375	
190.9907989501953	8.568442344665527	53.295021057128906	85.74583435058594	
190.89991760253906	8.145593643188477	52.71307373046875	81.44340515136719	
190.76962280273438	6.006740570068359	52.61980056762695	80.6998291015625	
189.52462768554688	4.4248175621032715	52.64239501953125	79.23453521728516	
188.3247833251953	2.2841484546661377	53.083404541015625	79.72148132324219	
186.79586791992188	1.295811414718628	53.34600067138672	78.6358871459961	
184.0680389404297	1.0917648077011108	53.88209915161133	77.66529846191406	
179.61611938476562	1.571527123451233	55.06317901611328	76.40203857421875	
176.38400268554688	2.2834105491638184	53.65795135498047	75.23217010498047	
173.9744415283203	3.42878794670105	51.99652862548828	72.79960632324219	
170.79006958007812	3.3346924781799316	52.42798614501953	72.63105773925781	
167.07904052734375	4.192957401275635	52.76520538330078	70.84274291992188	
162.54803466796875	4.546637058258057	53.413307189941406	70.00575256347656	
157.970947265625	5.166345119476318	52.958229064941406	69.96330261230469	
154.43112182617188	5.461468696594238	52.178306579589844	71.58482360839844	
150.05474853515625	5.856278896331787	52.558349609375	72.44212341308594	
144.9671630859375	5.183180332183838	55.2009162902832	75.53494262695312	
139.92471313476562	4.640905857086182	55.85839080810547	77.70210266113281	
136.0075225830078	5.384928226470947	54.28804397583008	77.87535095214844	
133.84864807128906	7.006163120269775	51.89594650268555	76.02558898925781	
132.0481414794922	7.525080680847168	51.3752555847168	76.17591857910156	
130.62924194335938	7.37460470199585	50.4692497253418	76.89038848876953	
127.80167388916016	8.292340278625488	50.75629806518555	75.96501922607422	
124.76728820800781	7.9369707107543945	51.4426155090332	77.1236801147461	
121.57989501953125	8.196949005126953	52.27324676513672	76.24480438232422	
117.87644958496094	7.5728654861450195	52.10747146606445	77.45924377441406	
114.18681335449219	8.814336776733398	52.90648651123047	76.00205993652344	
110.7563705444336	10.38203239440918	51.240013122558594	74.43131256103516	
108.87015533447266	11.563699722290039	48.829620361328125	73.70266723632812	
107.39774322509766	13.613499641418457	48.336341857910156	73.62495422363281	
105.6466293334961	14.737004280090332	48.74513244628906	75.08721160888672	
103.92414855957031	16.2535457611084	50.2577018737793	74.65318298339844	
102.14057922363281	18.316076278686523	49.52814483642578	73.10821533203125	
99.92152404785156	19.815826416015625	48.59025192260742	72.3085708618164	
97.20304870605469	21.07110023498535	49.44978332519531	71.58697509765625	
94.47584533691406	21.353046417236328	49.98925018310547	72.79544067382812	
92.14541625976562	21.694034576416016	49.41432571411133	74.50952911376953	
91.54364013671875	22.325366973876953	47.446781158447266	72.32026672363281	
90.28724670410156	23.42066192626953	49.1841926574707	70.89579772949219	
89.6860122680664	22.715164184570312	48.98645782470703	73.75761413574219	
89.91825866699219	24.539199829101562	47.899253845214844	70.86553955078125	
89.18289947509766	24.884069442749023	48.00543212890625	71.7082748413086	
87.78581237792969	25.297536849975586	49.78382110595703	73.51703643798828	
85.40306091308594	27.009353637695312	51.99140167236328	74.35529327392578	
84.62394714355469	27.962818145751953	50.294822692871094	75.94659423828125	
84.13743591308594	29.863306045532227	49.410560607910156	75.8302001953125	
82.02140808105469	30.084991455078125	50.668941497802734	78.3515396118164	
80.89212799072266	33.06698989868164	50.30003356933594	76.90769958496094	
79.17777252197266	33.926753997802734	51.72998046875	79.59239196777344	
76.43109130859375	36.709129333496094	54.6959228515625	78.04167175292969	
74.5656509399414	36.52128982543945	52.552764892578125	79.75399780273438	
71.86509704589844	36.61762237548828	52.7155647277832	80.84365844726562	
68.64131927490234	35.81484603881836	54.106422424316406	83.13218688964844	
66.86080169677734	35.50315475463867	53.308067321777344	83.21697998046875	
64.84291076660156	35.361122131347656	55.58959197998047	85.5724105834961	
64.9074478149414	37.3857307434082	54.3505973815918	83.82032775878906	
65.1112289428711	38.75221633911133	53.08763885498047	82.28195190429688	
65.3062973022461	39.12177658081055	52.99323272705078	82.7820053100586	
66.32537841796875	40.85163116455078	54.09055709838867	82.88584899902344	
67.64691925048828	41.91277313232422	52.96727752685547	83.08973693847656	
65.91922760009766	42.38265609741211	54.93970489501953	83.92134094238281	
62.7116813659668	43.44565200805664	56.2878303527832	81.83015441894531	
57.338836669921875	42.31999588012695	57.362693786621094	83.9039306640625	
54.18952178955078	42.078285217285156	55.66608810424805	80.81111907958984	
52.112892150878906	39.169063568115234	54.83275604248047	81.1719970703125	
50.16089630126953	33.7650032043457	54.78748321533203	83.97276306152344	
49.077091217041016	28.400638580322266	54.720619201660156	85.0715560913086	
49.91356658935547	25.974109649658203	52.558631896972656	82.00981140136719	
49.804237365722656	24.012603759765625	52.101715087890625	80.52294158935547	
47.9312858581543	21.383731842041016	53.30018997192383	80.50198364257812	
48.04254913330078	19.65936851501465	51.34246826171875	77.69145202636719	
46.756935119628906	16.2297306060791	52.4171257019043	79.93810272216797	
46.63946533203125	14.787271499633789	53.33201217651367	80.38946533203125	
44.68473434448242	11.903535842895508	53.825416564941406	80.96282958984375	
42.800750732421875	8.471977233886719	52.10563278198242	79.08757781982422	
41.650657653808594	5.619622230529785	51.2883415222168	79.59673309326172	
41.1431999206543	3.176363468170166	50.02405548095703	78.06076049804688	
40.12314987182617	1.0195716619491577	51.5005989074707	78.48908996582031	
39.852176666259766	0.0	51.11309051513672	77.91045379638672	
39.40393829345703	0.0	52.41112518310547	78.99836730957031	
39.797428131103516	0.0	53.66338348388672	79.12461853027344	
40.280242919921875	0.0	52.833457946777344	78.08419799804688	
41.952667236328125	0.0	50.32225799560547	74.49201965332031	
42.8529052734375	0.0	53.570594787597656	75.76161193847656	
44.68693923950195	0.0	51.41028594970703	73.31163024902344	
45.45375442504883	0.0	52.11106491088867	71.89463806152344	
47.27524948120117	0.0	50.90122604370117	70.96073150634766	
51.337005615234375	-12.940309524536133	48.70633316040039	63.761146545410156	
50.248558044433594	0.0	52.0889778137207	70.01143646240234	
52.167213439941406	0.0	53.1693000793457	70.73921966552734	
53.4263916015625	0.0	51.879180908203125	69.45964813232422	
53.70244216918945	0.0	52.58713912963867	70.05577087402344	
53.55710983276367	0.0	54.87895584106445	71.89471435546875	
55.05780792236328	0.0	53.0206184387207	70.20113372802734	
57.22333908081055	0.0	52.897850036621094	70.45988464355469	
59.85874557495117	0.0	53.910255432128906	69.60456848144531	
63.05769729614258	0.0	55.4881706237793	71.21162414550781	
67.34342956542969	0.0	54.69793701171875	73.54316711425781	
71.40577697753906	0.0	53.76597213745117	72.95808410644531	
74.30445098876953	0.0	56.293052673339844	75.5739974975586	
78.37562561035156	0.0	55.601768493652344	77.3387222290039	
81.82145690917969	0.0	54.10487747192383	76.04186248779297	
83.89629364013672	0.0	53.205467224121094	78.33438873291016	
84.37824249267578	0.0	54.147300720214844	77.53266906738281	
85.32736206054688	0.0	52.32350540161133	78.19857025146484	
85.7786636352539	0.0	51.91685104370117	76.40196228027344	
86.68915557861328	0.01610260084271431	51.26464080810547	74.92851257324219	
86.5534896850586	0.5883506536483765	52.83941650390625	75.6098861694336	
88.36614990234375	1.4323303699493408	51.16059112548828	75.22979736328125	
88.92323303222656	2.5578956604003906	51.8231201171875	74.66828918457031	
89.86302185058594	3.4572768211364746	51.08943557739258	75.44076538085938	
89.89561462402344	4.810708522796631	52.07160568237305	76.8250503540039	
90.56559753417969	8.505596160888672	54.1901741027832	75.3088150024414	
93.30628967285156	10.65804672241211	54.413352966308594	74.59049987792969	
96.56913757324219	11.696760177612305	54.30607986450195	76.47396087646484	
99.44766998291016	13.179614067077637	54.8986930847168	77.04476165771484	
102.56117248535156	14.533703804016113	53.08613204956055	76.6265640258789	
104.1499252319336	15.629046440124512	52.74311447143555	77.0635757446289	
105.0659408569336	15.23620319366455	53.962928771972656	80.39705657958984	
105.71662902832031	16.3933162689209	54.70609664916992	81.63508605957031	
106.23187255859375	18.08696174621582	55.31596755981445	82.6883544921875	
107.0462417602539	20.174293518066406	56.073402404785156	83.28703308105469	
108.3086929321289	23.033498764038086	56.38090896606445	82.55297088623047	
109.25669860839844	25.09993553161621	56.754913330078125	82.46846771240234	
111.33756256103516	27.478601455688477	56.09100341796875	81.97479248046875	
113.45524597167969	30.32424545288086	55.397621154785156	80.59056854248047	
115.40035247802734	33.250343322753906	55.12935256958008	79.33362579345703	
117.2003173828125	36.15220260620117	55.416412353515625	77.20445251464844	
119.59033203125	38.258750915527344	54.466819763183594	76.1923828125	
121.07295227050781	40.09055709838867	53.73589324951172	76.54277038574219	
121.66435241699219	42.33879852294922	54.10774612426758	75.60218811035156	
122.7044448852539	43.17655563354492	55.49847412109375	76.62998962402344	
124.84120178222656	44.372535705566406	55.85857391357422	77.40834045410156	
127.7459716796875	45.07692337036133	55.53974533081055	79.43717193603516	
129.7352752685547	46.157142639160156	55.743446350097656	79.95246887207031	
131.65304565429688	47.64316177368164	55.02904510498047	81.02751159667969	
132.98004150390625	48.78407287597656	56.27714920043945	82.59864807128906	
134.4080810546875	50.385658264160156	57.092132568359375	82.60609436035156	
136.76296997070312	51.26219940185547	57.62700653076172	83.44160461425781	
139.47470092773438	53.617706298828125	57.32848358154297	81.80150604248047	
142.39846801757812	55.27131271362305	58.08054733276367	80.69905090332031	
146.45993041992188	57.47272872924805	57.671165466308594	78.02310943603516	
151.14698791503906	58.97217559814453	56.3803596496582	78.12227630615234	
153.7122344970703	60.3095817565918	57.09401321411133	78.37718200683594	
158.39697265625	61.09557342529297	56.31201934814453	78.28724670410156	
161.96446228027344	62.220062255859375	55.7235107421875	76.87327575683594	
165.36279296875	63.54667282104492	55.2136116027832	75.4438247680664	
168.83091735839844	64.98269653320312	53.43815231323242	73.70780944824219	
170.15614318847656	65.33739471435547	53.64751434326172	74.27883911132812	
173.25265502929688	67.58544158935547	51.73194122314453	72.71476745605469	
173.91529846191406	68.16357421875	51.550804138183594	72.29059600830078	
174.4307403564453	68.07842254638672	51.30070877075195	73.01220703125	
175.14073181152344	68.98670959472656	51.005191802978516	73.21397399902344	
175.7870330810547	69.90486145019531	51.722267150878906	73.03939819335938	
175.16677856445312	70.06094360351562	52.62384796142578	73.08287048339844	
176.39456176757812	69.69023132324219	51.01997375488281	74.10591125488281	
175.5621795654297	70.91275787353516	52.46179962158203	73.75418853759766	
175.41957092285156	71.2319564819336	52.10675811767578	72.58617401123047	
174.9351348876953	71.23062133789062	52.29993438720703	73.34236907958984	
175.20460510253906	72.23320007324219	51.69780731201172	73.35400390625	
174.44113159179688	73.52936553955078	51.64064407348633	73.09280395507812	
172.6645965576172	75.74989318847656	52.11696243286133	72.30517578125	
170.6865234375	78.50516510009766	52.5536994934082	71.77510070800781	
168.7827606201172	80.74382019042969	53.0032958984375	69.56954193115234	
168.04861450195312	82.15840148925781	52.422096252441406	67.90335845947266	
167.84262084960938	83.1538314819336	51.95208740234375	67.33393859863281	
168.93765258789062	81.64927673339844	52.23823165893555	67.4018325805664	
167.78253173828125	80.4192123413086	53.35614013671875	68.37528228759766	
169.1587677001953	79.47116088867188	53.37873077392578	67.45523834228516	
168.3070068359375	77.7153549194336	54.7408561706543	68.81211853027344	
168.31613159179688	76.24003601074219	55.46132278442383	69.1842041015625	
168.62936401367188	75.48585510253906	55.7897834777832	69.44181823730469	
169.03392028808594	73.61708068847656	56.1556396484375	69.76606750488281	
169.71817016601562	73.01387786865234	56.007469177246094	69.73414611816406	
169.3840789794922	71.87959289550781	56.46392059326172	70.32432556152344	
169.12135314941406	71.96451568603516	56.85203170776367	69.60221862792969	
170.125244140625	71.78929901123047	56.06353759765625	68.63414001464844	
169.53762817382812	71.9873275756836	55.764549255371094	68.94631958007812	
168.61228942871094	71.21468353271484	57.089942932128906	70.0750961303711	
169.20523071289062	72.37083435058594	56.16077423095703	68.5744400024414	
168.35562133789062	72.9612045288086	56.30450439453125	69.109619140625	
170.01048278808594	74.77392578125	55.555946350097656	66.55424499511719	
170.19268798828125	74.45819091796875	55.42693328857422	67.10726165771484	
171.57601928710938	74.5278549194336	54.54753875732422	66.02374267578125	
170.66043090820312	73.18060302734375	55.2403564453125	67.86839294433594	
171.4705352783203	72.32572937011719	54.6348876953125	68.36663055419922	
171.62509155273438	70.44361114501953	55.27490234375	69.76678466796875	
172.81484985351562	68.62479400634766	55.16169357299805	70.83345031738281	
173.4699249267578	67.03480529785156	55.31950759887695	71.74745178222656	
175.87173461914062	66.12672424316406	54.318145751953125	71.01043701171875	
177.06088256835938	64.5007553100586	53.36271286010742	71.45523834228516	
178.98208618164062	63.04551315307617	52.54681396484375	72.22856140136719	
180.18325805664062	59.085975646972656	52.239013671875	75.30122375488281	
181.91119384765625	54.55542755126953	51.17857360839844	77.38412475585938	
182.07215881347656	50.29448699951172	52.20908737182617	79.59776306152344	
185.03282165527344	48.174827575683594	52.421241760253906	78.048095703125	
186.62216186523438	46.05319595336914	52.96122360229492	79.00738525390625	
188.57064819335938	45.055233001708984	53.712623596191406	79.83367919921875	
190.5467529296875	44.00044631958008	54.08577346801758	81.2345962524414	
192.1511688232422	44.03752899169922	53.24608612060547	80.9169692993164	
193.18858337402344	43.278663635253906	53.18213653564453	79.53441619873047	
193.325927734375	42.155433654785156	53.091407775878906	82.5815658569336	
193.8680877685547	41.68611145019531	54.181846618652344	82.71196746826172	
194.19186401367188	41.05518341064453	53.3827018737793	81.6932601928711	
193.69482421875	39.94747543334961	53.49884796142578	80.80278015136719	
193.7596893310547	39.04438018798828	53.64306640625	83.12248229980469	
193.77919006347656	39.674354553222656	52.9254035949707	82.23876953125	
194.10830688476562	40.577720642089844	53.25272750854492	80.10174560546875	
191.66024780273438	40.46250915527344	54.692604064941406	82.82682037353516	
189.88858032226562	41.09824752807617	54.71607208251953	82.75443267822266	
188.17147827148438	42.726585388183594	55.6484375	81.70472717285156	
185.38021850585938	43.4886474609375	55.23322677612305	81.33692932128906	
181.85279846191406	44.64238357543945	56.069190979003906	80.32173156738281	
177.68508911132812	45.335540771484375	57.3397331237793	78.88438415527344	
173.75848388671875	46.863075256347656	57.51972579956055	77.11248779296875	
170.70034790039062	47.32823944091797	56.6690788269043	78.13043975830078	
169.1815643310547	47.67987060546875	55.41730880737305	78.09205627441406	
167.29624938964844	46.671875	55.60371017456055	79.6226577758789	
166.68246459960938	45.23015594482422	55.544578552246094	80.87213897705078	
165.74569702148438	44.56070327758789	55.757171630859375	81.28034973144531	
165.326904296875	43.873435974121094	55.05792236328125	83.30638885498047	
165.1061248779297	44.19804763793945	55.55977249145508	83.06886291503906	
165.0057373046875	43.350677490234375	56.23616409301758	83.74142456054688	
165.4355010986328	43.441864013671875	55.419471740722656	81.82513427734375	
165.51535034179688	43.160789489746094	55.754486083984375	81.48563385009766	
166.72927856445312	41.93098068237305	55.24382781982422	84.65528869628906	
167.12481689453125	42.40506362915039	54.546241760253906	82.62095642089844	
167.23150634765625	40.82196807861328	54.46131134033203	83.45710754394531	
