170.0	41.0	18.0	45.0	
169.990966796875	40.75065612792969	17.819339752197266	44.39105987548828	
170.25057983398438	40.45348358154297	17.372997283935547	44.905174255371094	
170.20889282226562	40.295448303222656	17.287822723388672	44.742374420166016	
169.86654663085938	39.67388153076172	17.45000648498535	46.051170349121094	
169.77432250976562	39.65473175048828	17.42167091369629	46.62754821777344	
169.01087951660156	39.90195846557617	17.7409610748291	45.813358306884766	
168.6219024658203	40.6392936706543	17.422611236572266	44.82207489013672	
168.60125732421875	40.81714630126953	17.21371841430664	44.37517547607422	
168.37989807128906	40.84298324584961	16.780715942382812	44.293556213378906	
168.72853088378906	40.886695861816406	16.163705825805664	44.42366409301758	
168.75286865234375	39.829566955566406	15.907147407531738	44.88405990600586	
168.90594482421875	40.30853271484375	15.752845764160156	44.98883819580078	
168.9093780517578	40.196563720703125	15.164346694946289	44.07963180541992	
168.87315368652344	40.15856170654297	14.643269538879395	43.9844856262207	
168.68060302734375	40.9765625	15.173945426940918	43.538719177246094	
169.0663604736328	41.08824920654297	15.08867359161377	42.69654083251953	
169.62730407714844	42.00379180908203	14.459524154663086	41.155113220214844	
170.23226928710938	43.45003128051758	14.666186332702637	39.90801239013672	
170.56040954589844	44.603981018066406	14.073080062866211	38.36603546142578	
170.7794647216797	44.18523406982422	14.131978988647461	38.40381622314453	
171.75454711914062	43.66608810424805	13.917409896850586	38.98500442504883	
172.162109375	44.76770782470703	13.96574878692627	38.764259338378906	
172.95608520507812	45.27117156982422	14.250597953796387	38.172306060791016	
173.6929473876953	45.77000427246094	13.737894058227539	37.954559326171875	
174.75375366210938	44.086387634277344	13.645337104797363	39.43751907348633	
175.24795532226562	43.87126922607422	13.412771224975586	39.91847610473633	
175.63584899902344	43.41663360595703	13.539350509643555	40.46562957763672	
176.06350708007812	44.93257141113281	13.531806945800781	39.125877380371094	
177.07632446289062	43.032127380371094	13.866308212280273	39.72285079956055	
176.79043579101562	44.120140075683594	14.149398803710938	38.479576110839844	
177.4493865966797	42.71696090698242	14.308070182800293	39.820587158203125	
178.14505004882812	42.5132942199707	14.735097885131836	39.701744079589844	
178.6057891845703	42.006553649902344	14.70788860321045	40.646358489990234	
179.661865234375	42.10015869140625	14.84314250946045	39.762451171875	
180.0178985595703	41.46309280395508	15.191615104675293	41.10067367553711	
180.52706909179688	40.855873107910156	15.004587173461914	41.67656707763672	
181.66574096679688	41.477874755859375	15.187021255493164	41.83967971801758	
182.6569061279297	42.60858154296875	15.196737289428711	40.53757095336914	
183.5682373046875	43.067832946777344	15.037130355834961	40.13574981689453	
184.19302368164062	43.82712173461914	15.165773391723633	39.539695739746094	
185.29078674316406	43.89038848876953	14.720611572265625	40.05835723876953	
186.67123413085938	44.11810302734375	14.693285942077637	39.074222564697266	
188.50172424316406	44.09636688232422	14.219772338867188	39.55259323120117	
189.60748291015625	44.265281677246094	14.166238784790039	39.041587829589844	
190.73532104492188	44.454368591308594	14.612810134887695	37.64402770996094	
191.7850341796875	44.32018280029297	14.315969467163086	37.84527587890625	
193.36285400390625	45.93465805053711	14.715693473815918	36.85300827026367	
194.3809051513672	45.50362014770508	14.596641540527344	37.22718048095703	
195.26919555664062	46.18234634399414	14.350080490112305	36.72730255126953	
195.7652587890625	46.419029235839844	14.59094524383545	35.48295974731445	
196.6977996826172	47.293922424316406	14.460731506347656	34.56605911254883	
197.50592041015625	47.256675720214844	14.033772468566895	34.622581481933594	
198.35963439941406	47.462074279785156	13.768963813781738	33.492271423339844	
199.66455078125	46.4479866027832	13.569747924804688	33.48523712158203	
201.06666564941406	49.091941833496094	13.208842277526855	31.6113224029541	
202.12579345703125	48.510589599609375	13.071985244750977	32.45438766479492	
203.1523895263672	48.35399627685547	13.673510551452637	33.15327072143555	
204.35147094726562	47.709007263183594	13.542520523071289	32.78178024291992	
206.1869659423828	49.09922790527344	13.943231582641602	33.78604507446289	
207.48159790039062	48.982383728027344	13.867464065551758	33.153358459472656	
208.8760223388672	49.8329963684082	14.405314445495605	31.774341583251953	
209.87893676757812	49.334449768066406	14.242059707641602	32.84785842895508	
210.998291015625	49.176448822021484	14.052085876464844	33.07487487792969	
211.6716766357422	48.21773147583008	14.18909740447998	32.798057556152344	
212.1624298095703	47.80168914794922	14.774124145507812	33.7994499206543	
212.96084594726562	47.43647003173828	14.691360473632812	33.841678619384766	
213.9392852783203	47.010108947753906	14.942584037780762	34.24412155151367	
214.65237426757812	46.187339782714844	15.103032112121582	35.769046783447266	
215.50515747070312	45.603965759277344	14.73145866394043	36.5480842590332	
216.4611053466797	45.5793571472168	14.698190689086914	36.088035583496094	
217.912353515625	46.209800720214844	13.821828842163086	36.03431701660156	
219.3137969970703	46.2953987121582	13.672876358032227	36.34990310668945	
219.73623657226562	46.00091552734375	14.303065299987793	36.97099685668945	
221.4874267578125	46.62131881713867	13.675677299499512	37.26081848144531	
223.01254272460938	46.80411911010742	13.268969535827637	37.58655548095703	
223.8395538330078	45.80406951904297	13.67137622833252	38.98229217529297	
225.16079711914062	46.13032150268555	13.382725715637207	38.10981750488281	
226.27359008789062	45.27532196044922	12.77467155456543	39.647762298583984	
226.6087646484375	45.3594856262207	13.704580307006836	40.6834716796875	
227.1375274658203	45.50204849243164	13.635904312133789	40.80419921875	
228.0098114013672	44.62055206298828	13.2894868850708	42.045692443847656	
228.84133911132812	44.63011932373047	12.968650817871094	41.89824676513672	
229.2226104736328	45.616973876953125	13.538835525512695	41.0931282043457	
230.35195922851562	44.80730438232422	13.667564392089844	41.607730865478516	
230.5072784423828	45.12056350708008	14.03630256652832	41.56197738647461	
231.2534942626953	45.52708435058594	13.947090148925781	41.1938591003418	
231.43765258789062	45.316917419433594	14.437957763671875	41.38243865966797	
232.1516876220703	44.45050048828125	14.738125801086426	42.76969528198242	
233.10403442382812	45.25716018676758	14.578193664550781	42.219215393066406	
233.6388702392578	45.13624954223633	14.506521224975586	42.15291213989258	
234.73617553710938	45.46833801269531	14.772473335266113	41.420860290527344	
235.3847198486328	45.245826721191406	14.771944999694824	42.07441329956055	
235.8536834716797	46.300743103027344	15.024859428405762	40.471981048583984	
236.85751342773438	46.25018310546875	15.161718368530273	40.592445373535156	
238.2103271484375	46.87275314331055	14.799222946166992	39.73851776123047	
239.4401092529297	47.19458770751953	14.887481689453125	38.85242462158203	
240.4813232421875	46.984283447265625	14.813444137573242	39.5031623840332	
241.93917846679688	46.556495666503906	14.784639358520508	40.247886657714844	
243.1042938232422	46.40182113647461	14.501714706420898	40.382850646972656	
244.62313842773438	45.67900466918945	14.286651611328125	41.42497634887695	
245.00863647460938	45.74588394165039	14.277569770812988	41.57439041137695	
246.2376708984375	44.80931854248047	14.877812385559082	42.068511962890625	
247.2033233642578	43.651939392089844	15.861953735351562	44.68517303466797	
248.22976684570312	43.836524963378906	16.013668060302734	45.16102600097656	
248.16757202148438	44.38801956176758	16.113243103027344	44.21175003051758	
248.4409942626953	43.533203125	16.477155685424805	45.09168243408203	
248.5615997314453	43.806495666503906	16.152530670166016	44.03908157348633	
249.2127685546875	43.87639617919922	15.836572647094727	44.93721389770508	
249.53662109375	44.04118347167969	15.826034545898438	44.93880081176758	
250.58511352539062	42.869144439697266	15.636924743652344	46.020111083984375	
252.3770294189453	43.12047576904297	16.279048919677734	44.9597282409668	
253.3374786376953	41.924171447753906	16.005958557128906	45.56361770629883	
254.10928344726562	43.13855743408203	16.182811737060547	43.33244705200195	
255.1058349609375	43.06547164916992	16.211206436157227	42.86747360229492	
256.0418395996094	43.124908447265625	15.230364799499512	43.60975646972656	
256.9325256347656	45.03984832763672	16.829025268554688	42.072540283203125	
258.60198974609375	43.859527587890625	15.109254837036133	42.789085388183594	
258.2721862792969	43.5085334777832	15.489568710327148	42.801719665527344	
260.2569274902344	44.600860595703125	15.085372924804688	41.89436721801758	
260.0918273925781	44.43503952026367	15.438755989074707	43.42815399169922	
262.13897705078125	43.910499572753906	15.673063278198242	43.405311584472656	
263.60186767578125	44.500083923339844	16.80531120300293	42.01325225830078	
266.8348083496094	45.547874450683594	15.705329895019531	42.551570892333984	
267.5633850097656	44.897789001464844	15.317136764526367	42.081703186035156	
268.7331237792969	45.568931579589844	15.66633129119873	42.58340835571289	
269.43365478515625	45.57390594482422	15.480020523071289	41.6144905090332	
270.61077880859375	44.50648498535156	15.563237190246582	42.5635986328125	
271.2317199707031	44.391700744628906	15.564291000366211	42.964820861816406	
272.6636962890625	44.92254638671875	15.445884704589844	41.63802719116211	
273.9737548828125	46.5081787109375	15.052253723144531	39.624366760253906	
275.28338623046875	47.785423278808594	14.804183959960938	38.498268127441406	
276.049072265625	46.515907287597656	14.485562324523926	39.96006393432617	
277.4433898925781	47.26601028442383	14.279661178588867	38.312355041503906	
278.5230407714844	47.67983627319336	15.0155611038208	38.850379943847656	
280.0300598144531	48.18033981323242	15.252001762390137	38.97742462158203	
281.9042663574219	48.57982635498047	14.845098495483398	39.22784423828125	
283.47088623046875	49.64003372192383	14.896322250366211	38.576576232910156	
284.7320251464844	49.4291877746582	15.002825736999512	39.43058776855469	
285.93841552734375	49.3181037902832	14.822422981262207	39.048240661621094	
287.18072509765625	49.098114013671875	14.520054817199707	38.72071075439453	
288.1375427246094	48.188865661621094	14.275924682617188	39.10613250732422	
288.67572021484375	46.69976043701172	14.437228202819824	40.430267333984375	
289.5284729003906	46.5721321105957	14.756072998046875	40.4083366394043	
290.87677001953125	46.24908447265625	14.487161636352539	40.23095703125	
292.1673278808594	45.3812255859375	14.596035957336426	41.314151763916016	
293.7484436035156	45.522125244140625	14.260274887084961	43.302406311035156	
294.5616760253906	45.815574645996094	13.918638229370117	44.28384017944336	
295.16448974609375	45.42678451538086	14.313044548034668	44.75590896606445	
296.68121337890625	47.427452087402344	14.073785781860352	42.483951568603516	
297.6922912597656	46.96906280517578	13.929773330688477	43.57598876953125	
299.9281311035156	48.85871124267578	13.08001708984375	40.77676773071289	
301.09222412109375	48.558128356933594	12.817878723144531	40.96830368041992	
302.0440979003906	48.329429626464844	13.371272087097168	42.38930130004883	
303.50335693359375	47.47117614746094	13.934471130371094	43.10761642456055	
304.99267578125	47.51096725463867	13.6204833984375	42.336036682128906	
305.8191223144531	47.268096923828125	13.892255783081055	43.16450881958008	
307.2909240722656	46.056087493896484	13.769696235656738	45.397274017333984	
307.9178466796875	44.761043548583984	13.965194702148438	46.60919189453125	
308.5818786621094	44.54431915283203	14.884057998657227	45.81237030029297	
309.80023193359375	44.98529815673828	15.09510326385498	44.76419448852539	
310.26153564453125	44.7003173828125	15.48041820526123	44.067081451416016	
311.2832336425781	45.556373596191406	15.058323860168457	43.01908493041992	
312.0731506347656	45.359779357910156	14.714681625366211	42.77949905395508	
313.1769714355469	45.02018356323242	14.81535816192627	43.78288650512695	
313.5577697753906	45.306541442871094	15.329778671264648	43.57356262207031	
315.07305908203125	45.82635498046875	15.785371780395508	42.27364730834961	
315.81219482421875	46.1468505859375	15.751901626586914	41.835548400878906	
316.9498596191406	46.14226150512695	15.913015365600586	42.82355499267578	
317.59625244140625	45.61149978637695	15.630363464355469	43.64712142944336	
317.945068359375	45.30465316772461	15.503436088562012	44.33881378173828	
318.68475341796875	45.14867401123047	15.958786010742188	44.8727912902832	
319.548583984375	46.431976318359375	15.825536727905273	43.5951042175293	
320.2529602050781	46.3136100769043	16.107685089111328	43.61438751220703	
322.07830810546875	45.76945114135742	15.478738784790039	44.5980110168457	
322.2037658691406	45.15774917602539	15.810142517089844	44.573673248291016	
323.1637268066406	45.913421630859375	15.5043306350708	42.58059310913086	
324.5961608886719	46.636940002441406	14.31798267364502	41.758277893066406	
324.7452087402344	45.678436279296875	14.733299255371094	43.13827896118164	
324.60406494140625	46.71001052856445	15.275321960449219	41.106658935546875	
325.375	47.42603302001953	15.327217102050781	39.45920181274414	
326.03680419921875	47.11884689331055	14.873275756835938	39.0782470703125	
326.39215087890625	47.60688400268555	15.13886833190918	38.27648162841797	
326.2305603027344	47.48175811767578	14.729583740234375	38.34064865112305	
327.0352783203125	47.53348159790039	14.8722505569458	37.518192291259766	
327.1087951660156	47.40658950805664	14.472616195678711	36.7680778503418	
327.9617919921875	47.909427642822266	14.337430000305176	36.18191146850586	
328.2005310058594	47.05731201171875	14.338624954223633	37.35904312133789	
328.2617492675781	47.0584716796875	14.523855209350586	38.238792419433594	
328.7044372558594	47.255401611328125	14.361444473266602	38.179168701171875	
329.07720947265625	47.170936584472656	14.172807693481445	38.6938591003418	
328.85040283203125	47.4809684753418	14.410318374633789	38.75318145751953	
328.8592224121094	47.20447540283203	14.853610038757324	39.82609558105469	
329.11883544921875	47.14556121826172	15.54199504852295	40.11449432373047	
329.2972412109375	48.19884490966797	15.846481323242188	38.22350311279297	
329.5169677734375	47.16545104980469	16.356494903564453	39.43996810913086	
331.1695861816406	47.6312255859375	15.534072875976562	38.79170227050781	
331.66644287109375	47.731773376464844	15.555224418640137	38.70927810668945	
332.0266418457031	47.27961349487305	15.934183120727539	39.35133743286133	
331.7916564941406	46.67502212524414	16.729639053344727	40.183685302734375	
332.8681945800781	45.96592712402344	16.61273193359375	39.975730895996094	
333.044677734375	45.57149124145508	16.81550407409668	41.233558654785156	
334.12420654296875	44.90028381347656	16.911775588989258	42.12028121948242	
334.73846435546875	45.67509078979492	15.985235214233398	41.94828414916992	
334.94549560546875	45.26460647583008	16.24176025390625	41.36766815185547	
334.8538818359375	45.039817810058594	17.1033992767334	41.95048522949219	
334.452392578125	44.72614288330078	17.394092559814453	42.87812042236328	
335.77618408203125	45.18030548095703	16.790966033935547	42.64537048339844	
335.6755676269531	44.90782928466797	16.916248321533203	43.47697830200195	
336.3706970214844	44.75407028198242	16.661108016967773	43.66136932373047	
336.3682556152344	44.41065216064453	17.29110336303711	44.69364547729492	
337.45611572265625	44.487083435058594	16.70366859436035	44.51238250732422	
337.2144470214844	43.97272872924805	16.8164119720459	44.39613342285156	
337.39324951171875	43.91990280151367	17.056133270263672	44.084571838378906	
337.24896240234375	44.24348068237305	17.060508728027344	44.17240524291992	
336.863525390625	44.63536071777344	16.953588485717773	43.800025939941406	
336.72027587890625	44.20391082763672	17.4229793548584	44.6452522277832	
337.2765197753906	45.11656951904297	17.519372940063477	42.38360595703125	
336.67327880859375	45.109710693359375	16.938806533813477	42.28071975708008	
336.99554443359375	45.033565521240234	16.760995864868164	42.684627532958984	
337.15081787109375	44.64455032348633	17.061859130859375	43.86111068725586	
337.28271484375	44.771827697753906	17.189767837524414	44.16386795043945	
337.75323486328125	45.55063247680664	16.7302303314209	43.05522155761719	
338.06201171875	44.916114807128906	16.773168563842773	43.9043083190918	
338.35296630859375	44.010459899902344	16.73410987854004	45.88365173339844	
338.2479553222656	44.65119171142578	16.823993682861328	45.19485855102539	
338.43988037109375	44.851341247558594	16.818265914916992	44.69029998779297	
339.01287841796875	44.786415100097656	16.596439361572266	44.63797378540039	
339.4809265136719	44.52741622924805	16.547039031982422	45.490196228027344	
339.34344482421875	44.574398040771484	16.583049774169922	45.54656219482422	
339.52288818359375	45.80685806274414	16.66600227355957	43.70234298706055	
340.5042419433594	46.33116912841797	16.47377586364746	43.00734329223633	
340.9253234863281	46.19745635986328	16.28203773498535	43.24690246582031	
341.18682861328125	46.49387741088867	15.801648139953613	43.6837158203125	
341.11163330078125	46.84711837768555	15.957690238952637	42.563758850097656	
341.352294921875	46.19269943237305	16.29602813720703	43.92877197265625	
341.60260009765625	46.752601623535156	15.985509872436523	43.28017044067383	
341.2054138183594	46.25371551513672	16.53925132751465	43.4610710144043	
340.7589111328125	46.43841552734375	16.968353271484375	42.94050598144531	
341.4385681152344	46.13100814819336	17.2182674407959	43.83262634277344	
341.04412841796875	46.89786911010742	17.018911361694336	42.79005813598633	
340.8609619140625	45.693626403808594	17.518875122070312	43.35503005981445	
341.38250732421875	46.71274185180664	17.46558380126953	43.39111328125	
341.3729553222656	47.48809814453125	17.625612258911133	42.915283203125	
341.7852783203125	46.23169708251953	18.23177146911621	44.363746643066406	
342.0588684082031	46.84143829345703	17.76168441772461	43.9901237487793	
343.0279846191406	45.700408935546875	17.633140563964844	44.928707122802734	
343.6593017578125	45.14728927612305	17.405481338500977	44.67144775390625	
343.9383544921875	44.695335388183594	17.430042266845703	47.55077362060547	
344.24139404296875	43.87322235107422	18.106399536132812	49.412513732910156	
344.2566833496094	43.56351089477539	18.273250579833984	48.23946762084961	
344.56378173828125	42.80141067504883	18.835071563720703	50.12799072265625	
344.8955078125	42.31303024291992	19.551477432250977	51.01351547241211	
345.7098083496094	42.67230987548828	19.089859008789062	52.0323486328125	
346.81317138671875	42.487831115722656	19.469762802124023	50.86994171142578	
349.0563659667969	43.39079284667969	18.933761596679688	48.89197540283203	
351.1709289550781	43.8830451965332	18.571317672729492	46.42830276489258	
353.22894287109375	45.501121520996094	18.111724853515625	47.0733757019043	
354.36859130859375	46.420433044433594	17.155101776123047	45.65160369873047	
355.97393798828125	48.2900276184082	16.29815101623535	43.851036071777344	
357.0756530761719	47.11408615112305	16.1999568939209	44.9300651550293	
356.9338684082031	47.852210998535156	16.068647384643555	43.371238708496094	
358.4472961425781	48.07251739501953	15.768824577331543	43.99073028564453	
357.88763427734375	47.813846588134766	15.86622142791748	43.388702392578125	
358.3155517578125	47.171600341796875	15.780096054077148	43.710227966308594	
358.9554138183594	47.806495666503906	15.966398239135742	42.91151809692383	
359.64703369140625	47.76283645629883	16.276321411132812	43.03802490234375	
360.41900634765625	49.11030197143555	15.956802368164062	40.03291702270508	
361.7081604003906	49.37479782104492	15.625836372375488	41.29584503173828	
361.98370361328125	48.63267135620117	15.619041442871094	40.71500778198242	
362.58758544921875	49.652679443359375	15.019475936889648	40.22725296020508	
362.90380859375	49.23337936401367	15.098278999328613	40.140567779541016	
363.3780822753906	48.44892120361328	15.311141967773438	40.97380828857422	
364.37628173828125	50.51564407348633	15.85429573059082	39.635738372802734	
364.42376708984375	49.46685028076172	14.69868278503418	39.67254638671875	
368.1271667480469	52.102195739746094	15.168726921081543	37.92182159423828	
364.07122802734375	51.08162307739258	15.78734016418457	39.468353271484375	
364.0426025390625	51.396278381347656	15.887826919555664	39.719573974609375	
363.7519226074219	50.729339599609375	15.74035358428955	39.35089111328125	
362.63214111328125	52.7467155456543	16.054529190063477	40.136329650878906	
365.74285888671875	52.13762664794922	16.06894874572754	40.1723747253418	
369.6727294921875	51.9421501159668	16.17069435119629	40.426734924316406	
370.94293212890625	51.092796325683594	16.660486221313477	41.651214599609375	
372.3703308105469	51.079341888427734	16.628944396972656	41.572357177734375	
370.1226806640625	51.541526794433594	16.373422622680664	40.93355178833008	
367.3570556640625	49.33568572998047	16.749048233032227	41.87261199951172	
371.8728942871094	50.44902801513672	16.693889617919922	41.734718322753906	
372.2026672363281	50.86375045776367	16.231477737426758	40.57868576049805	
371.1988220214844	52.22914505004883	16.448688507080078	41.1217155456543	
373.732421875	49.67097854614258	16.091110229492188	41.402992248535156	
373.7163391113281	49.426151275634766	16.004047393798828	41.265724182128906	
374.9982604980469	49.43658447265625	15.901952743530273	41.20541000366211	
374.27178955078125	50.330238342285156	15.829193115234375	39.92584991455078	
374.310791015625	50.37488555908203	15.911903381347656	40.60132598876953	
373.7860412597656	50.39362335205078	16.475399017333984	41.321937561035156	
373.59185791015625	49.90543746948242	16.150300979614258	41.79676818847656	
372.3488464355469	49.397064208984375	17.18679428100586	42.378456115722656	
371.46954345703125	49.38896942138672	17.414657592773438	43.5366325378418	
372.6919250488281	49.6070556640625	16.287691116333008	41.22405242919922	
371.5428161621094	50.231788635253906	16.181488037109375	40.688175201416016	
372.0496520996094	50.41313552856445	15.834787368774414	40.724918365478516	
370.8028564453125	50.34740447998047	15.707147598266602	40.431602478027344	
363.0738525390625	49.925819396972656	15.145301818847656	41.16136932373047	
364.07232666015625	51.07262420654297	15.09074592590332	40.87527847290039	
363.1514587402344	50.94206237792969	15.002372741699219	40.4339599609375	
363.5849914550781	51.47639846801758	14.52452278137207	40.16752624511719	
364.37384033203125	52.56034469604492	14.614477157592773	39.30487060546875	
363.4388732910156	51.5042724609375	14.99384880065918	38.55830383300781	
363.5638732910156	51.57517623901367	15.062746047973633	39.0417594909668	
363.71014404296875	51.60346221923828	15.23408031463623	39.60172653198242	
363.29620361328125	53.2502326965332	14.493860244750977	38.0195426940918	
363.13629150390625	52.13029861450195	14.6793794631958	38.44810104370117	
363.1241149902344	52.66643524169922	14.416661262512207	38.300941467285156	
363.20574951171875	51.63349533081055	14.95918083190918	39.245052337646484	
362.2323913574219	51.87784957885742	15.134814262390137	39.470794677734375	
362.3046569824219	51.3606071472168	15.51709270477295	39.72594451904297	
361.20452880859375	52.06671905517578	15.208651542663574	40.131385803222656	
359.2892150878906	52.135459899902344	16.0316219329834	40.10862731933594	
360.13330078125	52.816627502441406	15.940191268920898	38.91728591918945	
360.16375732421875	52.75933837890625	16.007675170898438	39.36286163330078	
359.460205078125	53.806884765625	16.72073745727539	38.13451385498047	
358.1189880371094	53.448272705078125	16.780536651611328	38.61782455444336	
358.110595703125	52.73976516723633	16.073978424072266	39.04094314575195	
357.68646240234375	51.50542068481445	16.392288208007812	40.658348083496094	
357.47442626953125	51.34171676635742	15.156572341918945	41.20051193237305	
356.8563537597656	51.186309814453125	15.504404067993164	41.95090866088867	
356.70684814453125	51.26530075073242	15.475626945495605	41.17308807373047	
356.48956298828125	51.22272491455078	15.243637084960938	41.248775482177734	
355.7504577636719	50.03266143798828	15.385549545288086	41.326194763183594	
355.91473388671875	50.58612823486328	14.7943754196167	42.01932907104492	
355.7502136230469	50.966163635253906	14.7056245803833	41.33965301513672	
355.4101867675781	51.57067108154297	13.884475708007812	39.72371292114258	
354.94635009765625	49.85879135131836	13.913026809692383	41.23023223876953	
354.1690673828125	49.63350296020508	14.275113105773926	40.624046325683594	
353.88055419921875	50.219383239746094	14.531255722045898	41.434513092041016	
353.1392517089844	49.574501037597656	14.866511344909668	41.844764709472656	
353.74468994140625	49.107574462890625	14.86601734161377	41.933937072753906	
351.035888671875	47.73625946044922	15.872647285461426	43.3612174987793	
347.48394775390625	46.907188415527344	16.835433959960938	44.76451110839844	
345.7503967285156	45.842132568359375	17.298276901245117	42.67973709106445	
345.8632507324219	44.497413635253906	17.910633087158203	43.71360397338867	
345.1997985839844	45.32868194580078	17.755313873291016	45.303009033203125	
344.48626708984375	45.002777099609375	18.241268157958984	48.391632080078125	
342.7611389160156	48.630088806152344	16.66241455078125	42.76776885986328	
341.94775390625	48.70166778564453	16.861909866333008	42.26972198486328	
341.4219665527344	47.66286087036133	17.176441192626953	43.059120178222656	
340.63079833984375	48.50150680541992	17.258258819580078	42.20618438720703	
340.59112548828125	49.13016128540039	16.29928970336914	39.61449432373047	
339.8827819824219	48.88682556152344	16.964914321899414	40.415367126464844	
339.6622314453125	47.80640411376953	17.172107696533203	42.36028289794922	
338.26080322265625	49.618431091308594	16.912921905517578	40.07848358154297	
337.88677978515625	49.05711364746094	17.19671630859375	40.963138580322266	
337.56365966796875	48.54134750366211	16.44917869567871	41.19950485229492	
337.3780822753906	48.8546028137207	16.493667602539062	39.83295440673828	
336.9976501464844	48.32737350463867	16.703073501586914	40.97412872314453	
335.7308654785156	48.50225830078125	16.777788162231445	40.38772201538086	
335.68804931640625	49.41143798828125	16.11770248413086	39.198768615722656	
335.46942138671875	48.08879852294922	16.702714920043945	41.50928497314453	
334.48883056640625	49.1023063659668	16.8059139251709	40.41707992553711	
333.95111083984375	49.53733444213867	17.40008544921875	39.301429748535156	
333.2879943847656	49.718997955322266	17.681386947631836	39.40858459472656	
333.0741882324219	49.5328254699707	17.77626609802246	39.33372497558594	
333.2927551269531	50.01233673095703	17.212413787841797	38.99049758911133	
332.62396240234375	49.646873474121094	17.539230346679688	39.34624481201172	
331.70281982421875	48.797401428222656	17.472681045532227	39.70233917236328	
332.2666320800781	49.28368377685547	16.93637466430664	38.968936920166016	
332.0306701660156	48.096778869628906	17.429584503173828	40.44350051879883	
331.4513854980469	48.017921447753906	18.025798797607422	39.189048767089844	
331.2950439453125	48.71808624267578	17.788333892822266	36.56608200073242	
330.90545654296875	48.7684326171875	17.73428726196289	37.31333541870117	
330.8374938964844	49.18989181518555	16.874496459960938	37.11357879638672	
330.6913146972656	48.84807205200195	16.22796058654785	37.259376525878906	
329.1129150390625	48.261497497558594	16.740745544433594	38.30241012573242	
329.43701171875	47.991554260253906	15.799860954284668	38.18624496459961	
328.4061584472656	47.7450065612793	15.931632995605469	39.25380325317383	
328.09771728515625	47.949241638183594	15.505903244018555	39.63105392456055	
327.5740051269531	47.82224655151367	15.904165267944336	39.796016693115234	
327.11639404296875	48.220001220703125	15.341784477233887	39.01638412475586	
326.34234619140625	48.05387496948242	15.273237228393555	39.600990295410156	
324.8074035644531	48.305030822753906	15.615114212036133	39.21436309814453	
323.0155334472656	48.380348205566406	16.190731048583984	39.94805908203125	
322.67840576171875	48.73628616333008	15.645426750183105	39.541908264160156	
321.5957336425781	49.65961456298828	15.889455795288086	38.8645133972168	
320.196533203125	50.54874801635742	15.755963325500488	37.626922607421875	
318.84918212890625	50.61065673828125	15.540643692016602	37.36964797973633	
317.73724365234375	49.53664016723633	15.3146333694458	38.55463409423828	
316.12298583984375	47.792137145996094	15.518417358398438	40.6592903137207	
314.58782958984375	47.298675537109375	15.559896469116211	41.02690887451172	
313.79595947265625	47.572425842285156	14.867975234985352	39.83153533935547	
312.470947265625	46.91554260253906	14.771374702453613	41.20515060424805	
310.30462646484375	46.3973503112793	15.692636489868164	42.21768569946289	
309.4476318359375	46.24677658081055	15.541330337524414	42.55454635620117	
308.34222412109375	46.24863815307617	15.3650541305542	41.52960968017578	
306.85443115234375	46.168460845947266	16.015148162841797	41.522911071777344	
306.1036071777344	45.88288497924805	15.669665336608887	42.33803176879883	
305.0879821777344	46.61896514892578	15.291326522827148	41.441078186035156	
303.7378234863281	46.39057159423828	15.458027839660645	42.05626678466797	
302.04876708984375	46.50265121459961	15.892324447631836	41.796905517578125	
300.5589294433594	46.488128662109375	15.863080024719238	42.7602653503418	
299.391357421875	47.70036697387695	15.457071304321289	41.93426513671875	
297.1935119628906	48.29778289794922	15.86279296875	40.80974578857422	
296.12811279296875	48.34813690185547	15.218853950500488	40.00318145751953	
294.7086181640625	47.59259796142578	15.136881828308105	41.202659606933594	
293.9588928222656	46.92893600463867	14.686773300170898	41.110172271728516	
292.2441711425781	47.079559326171875	15.193496704101562	41.44166946411133	
290.82318115234375	46.83255386352539	15.244624137878418	42.05742263793945	
290.11724853515625	46.09835433959961	14.970048904418945	42.32744598388672	
288.9900207519531	46.169288635253906	15.069952011108398	42.59031677246094	
288.42132568359375	46.645992279052734	15.187536239624023	41.71247863769531	
287.37811279296875	46.221290588378906	14.621496200561523	42.54450225830078	
286.6025390625	46.448062896728516	14.232287406921387	42.24663162231445	
285.1903991699219	46.54602813720703	14.535911560058594	41.64255142211914	
284.08148193359375	46.15966033935547	14.604001998901367	42.5146598815918	
282.34405517578125	46.788429260253906	15.471900939941406	41.20399856567383	
281.96807861328125	48.19452667236328	14.483329772949219	39.22576141357422	
280.27410888671875	48.425228118896484	14.457359313964844	39.506378173828125	
279.0423889160156	48.469932556152344	14.487147331237793	38.185646057128906	
276.2358093261719	48.86983871459961	15.59228515625	37.93650817871094	
274.6656799316406	48.8455810546875	15.412328720092773	38.633583068847656	
273.0303955078125	47.46057891845703	14.881767272949219	39.31977081298828	
271.6251525878906	48.44438552856445	15.249008178710938	38.424461364746094	
270.9299621582031	47.78236770629883	13.905035018920898	39.0206184387207	
269.3299560546875	48.26657485961914	14.981016159057617	37.525028228759766	
268.24285888671875	47.919921875	15.13673210144043	39.54990005493164	
266.99267578125	45.883522033691406	14.928479194641113	39.3215446472168	
266.00830078125	45.59028244018555	13.881205558776855	38.58623504638672	
264.7696228027344	45.08489990234375	13.859151840209961	38.786380767822266	
262.212646484375	45.2789192199707	14.388204574584961	39.3838005065918	
260.94970703125	45.65706253051758	14.4741849899292	37.60569381713867	
261.1172790527344	45.70500946044922	13.469487190246582	37.90560531616211	
259.93914794921875	45.54478073120117	13.36859130859375	38.093727111816406	
258.16510009765625	44.952171325683594	14.571222305297852	40.12055969238281	
257.11053466796875	44.9598274230957	14.466323852539062	41.489131927490234	
256.2530822753906	45.4237060546875	14.35496711730957	40.50164794921875	
254.4541015625	47.196372985839844	14.064631462097168	38.40557861328125	
252.70535278320312	46.945777893066406	13.691427230834961	38.03098678588867	
250.52249145507812	46.727596282958984	14.4990816116333	39.14812469482422	
249.64208984375	44.76473617553711	14.947904586791992	42.12543869018555	
248.64907836914062	42.41748809814453	15.564178466796875	44.903419494628906	
248.2519989013672	43.992801666259766	15.043850898742676	43.26112365722656	
247.45718383789062	44.70209503173828	15.151623725891113	42.5592155456543	
246.5453643798828	44.22746658325195	14.876843452453613	42.090858459472656	
245.38192749023438	45.40427780151367	14.491839408874512	39.561073303222656	
243.97671508789062	45.693382263183594	14.637117385864258	39.82140350341797	
242.79708862304688	46.412940979003906	14.662107467651367	37.28776931762695	
242.4148406982422	45.842613220214844	14.422513008117676	37.66560745239258	
240.6732177734375	45.85857391357422	14.783841133117676	38.54664611816406	
239.82717895507812	44.77281951904297	14.462059020996094	40.08911895751953	
238.4469757080078	44.7747917175293	14.658114433288574	40.4324951171875	
237.47183227539062	45.284820556640625	15.062414169311523	40.17668151855469	
236.78903198242188	46.139556884765625	14.440258979797363	39.503929138183594	
235.5437469482422	45.684906005859375	14.509733200073242	40.62022399902344	
234.1815643310547	45.051963806152344	14.587980270385742	41.91808319091797	
232.6090850830078	44.37683868408203	14.543813705444336	42.62262725830078	
231.2989959716797	44.241546630859375	14.678875923156738	43.45653533935547	
229.385498046875	45.05243682861328	15.202740669250488	42.18946075439453	
228.3486328125	43.80544662475586	15.220808029174805	43.994876861572266	
226.3296356201172	43.0096321105957	15.602116584777832	44.9859733581543	
225.9782257080078	43.215087890625	15.492752075195312	43.931480407714844	
224.53524780273438	43.54181671142578	15.560168266296387	42.684871673583984	
222.78659057617188	43.32037353515625	15.53563117980957	41.87318801879883	
222.5845184326172	42.614925384521484	15.376192092895508	43.20043182373047	
221.1785125732422	42.32343673706055	15.616998672485352	43.55797576904297	
220.64163208007812	42.70670700073242	15.360877990722656	42.50469207763672	
219.3883819580078	41.98953628540039	15.84191608428955	42.88768005371094	
218.20022583007812	41.103675842285156	15.833895683288574	43.77811050415039	
217.2392120361328	40.1184196472168	15.999554634094238	46.14692687988281	
216.4697723388672	40.488365173339844	16.09223747253418	46.67991638183594	
215.07861328125	40.90057373046875	16.05252456665039	45.83456039428711	
214.19668579101562	41.156394958496094	15.776570320129395	46.477943420410156	
213.51834106445312	41.804969787597656	16.047382354736328	46.467437744140625	
211.81689453125	42.46937942504883	15.254470825195312	44.10517120361328	
210.3229217529297	43.27755355834961	15.077005386352539	42.94731521606445	
209.2217559814453	43.15018844604492	14.791955947875977	43.15667724609375	
207.7763671875	42.53691482543945	14.609298706054688	43.10162353515625	
205.75479125976562	42.348365783691406	14.770326614379883	43.060462951660156	
205.22793579101562	43.054420471191406	14.32233715057373	41.81757354736328	
203.79544067382812	43.38930130004883	13.908047676086426	41.25364303588867	
202.95025634765625	44.442501068115234	13.647829055786133	38.77703094482422	
201.480224609375	43.662620544433594	14.099199295043945	39.656463623046875	
200.80516052246094	42.9603385925293	14.424006462097168	39.42282485961914	
199.83908081054688	42.52715301513672	14.119832038879395	39.98772048950195	
199.3109893798828	42.18525314331055	13.903787612915039	39.75578689575195	
198.05645751953125	42.214271545410156	14.485124588012695	39.57801055908203	
196.6829071044922	41.93825912475586	14.709795951843262	40.128273010253906	
196.04507446289062	42.104286193847656	14.401374816894531	40.5120964050293	
192.94879150390625	41.26909637451172	16.3929443359375	41.20134735107422	
191.77365112304688	42.31654739379883	16.163894653320312	39.306968688964844	
190.2003631591797	41.9165153503418	16.815570831298828	40.09796905517578	
188.452880859375	42.490943908691406	16.694467544555664	39.992835998535156	
186.82479858398438	41.86829376220703	17.06667709350586	41.23944091796875	
185.48483276367188	41.270912170410156	16.901687622070312	41.072227478027344	
185.08428955078125	40.762569427490234	16.308231353759766	41.338172912597656	
183.29122924804688	39.17791748046875	17.262048721313477	44.10753631591797	
182.58920288085938	39.111236572265625	17.066072463989258	42.614891052246094	
181.87791442871094	38.189735412597656	17.384719848632812	45.9924201965332	
180.9126739501953	39.174659729003906	17.146074295043945	43.97069549560547	
179.8662109375	38.87417221069336	16.923320770263672	44.553993225097656	
179.50155639648438	38.76640701293945	17.265453338623047	46.08146667480469	
178.60997009277344	38.069122314453125	17.505596160888672	47.18235397338867	
177.6971435546875	37.50635528564453	17.280803680419922	47.66778564453125	
177.2467498779297	37.97871780395508	17.018327713012695	46.36231231689453	
176.7064208984375	37.79108810424805	17.042438507080078	47.465965270996094	
175.91571044921875	37.46931838989258	17.227319717407227	48.976951599121094	
175.79798889160156	37.88443374633789	17.1513614654541	48.09794235229492	
174.67379760742188	38.16838455200195	16.860321044921875	46.440792083740234	
173.55206298828125	37.52143096923828	16.73322105407715	46.69071960449219	
174.21170043945312	36.248321533203125	16.966922760009766	47.44193649291992	
172.6150665283203	36.07500457763672	17.489652633666992	45.275535583496094	
172.5710906982422	35.315696716308594	17.078472137451172	46.40335464477539	
172.2100372314453	35.152225494384766	17.726486206054688	46.73245620727539	
171.86087036132812	36.05379104614258	17.648818969726562	44.66626739501953	
171.70323181152344	35.513214111328125	17.684589385986328	47.255828857421875	
171.11903381347656	35.35517501831055	17.572254180908203	47.47669982910156	
170.8132781982422	34.732627868652344	17.3293399810791	48.531707763671875	
170.46469116210938	34.58339309692383	17.59262466430664	47.12092590332031	
169.66732788085938	33.567169189453125	18.475080490112305	49.0540771484375	
169.3193817138672	33.39335250854492	18.200159072875977	48.850563049316406	
168.9144744873047	32.826622009277344	18.57344627380371	49.176246643066406	
168.74917602539062	31.809986114501953	18.701303482055664	51.188560485839844	
168.7440185546875	31.248992919921875	18.269723892211914	50.25267028808594	
168.41587829589844	31.4166259765625	18.387622833251953	50.577110290527344	
168.3971710205078	31.579320907592773	18.049358367919922	49.56879806518555	
167.8653106689453	31.6274471282959	18.15652084350586	49.78112030029297	
167.11770629882812	32.77417755126953	17.740989685058594	48.42241668701172	
166.62582397460938	32.23870086669922	18.20440673828125	49.689857482910156	
165.9036407470703	32.870689392089844	18.02874183654785	47.48381423950195	
166.72129821777344	32.32967758178711	16.878568649291992	47.49604415893555	
166.06851196289062	32.36426544189453	16.667827606201172	48.34049987792969	
166.03201293945312	31.131460189819336	16.76633071899414	49.21119689941406	
