233.0	62.0	22.0	30.0	
232.87326049804688	61.16633224487305	22.04703140258789	30.554346084594727	
233.18765258789062	60.81439971923828	22.133859634399414	31.48165512084961	
233.3274688720703	61.02663040161133	22.633575439453125	30.455026626586914	
233.27896118164062	61.02317428588867	22.173084259033203	29.918188095092773	
233.3701934814453	60.6313591003418	22.323396682739258	30.44894027709961	
233.19970703125	60.89656448364258	22.59701156616211	30.142749786376953	
233.3207550048828	60.631065368652344	22.636877059936523	30.52495765686035	
233.2104949951172	60.828330993652344	22.329715728759766	30.12052345275879	
233.17001342773438	60.977867126464844	22.170196533203125	30.61531639099121	
233.20907592773438	60.5704345703125	22.847496032714844	30.788833618164062	
233.5321502685547	61.01885986328125	22.05001449584961	30.521747589111328	
232.81204223632812	60.9758186340332	22.802764892578125	30.790966033935547	
233.0768585205078	60.523651123046875	22.616840362548828	30.82476234436035	
233.1728973388672	60.56318283081055	22.153200149536133	30.682262420654297	
233.1422576904297	60.34270095825195	22.412403106689453	31.031864166259766	
232.95993041992188	60.548004150390625	22.515287399291992	30.35965347290039	
232.5580291748047	60.12812423706055	23.322240829467773	30.122390747070312	
232.9687957763672	59.919151306152344	22.548044204711914	30.42044448852539	
233.0339813232422	59.80977249145508	22.349998474121094	29.97833251953125	
233.02944946289062	59.35251998901367	22.314722061157227	31.019216537475586	
233.027099609375	59.630577087402344	22.749662399291992	30.14059829711914	
232.671875	59.63520431518555	22.77022933959961	30.02130126953125	
232.75448608398438	59.520484924316406	22.290273666381836	30.521892547607422	
232.89889526367188	59.42285919189453	22.434551239013672	30.42812156677246	
232.6597137451172	59.11879348754883	22.7624568939209	30.721485137939453	
232.30929565429688	59.284454345703125	22.34691619873047	30.508808135986328	
231.5980224609375	59.409385681152344	22.825448989868164	30.441356658935547	
232.212158203125	59.26398849487305	22.54573631286621	31.360843658447266	
231.69729614257812	59.3007698059082	22.658859252929688	30.17072105407715	
231.73825073242188	59.66881561279297	22.748992919921875	30.558218002319336	
231.4295196533203	59.82391357421875	22.84037208557129	30.1987361907959	
231.1519317626953	59.53300094604492	22.66488265991211	30.1783504486084	
231.59445190429688	59.45308303833008	22.88231086730957	30.270532608032227	
231.4769744873047	59.571044921875	22.700607299804688	29.913803100585938	
231.6094207763672	58.93339920043945	22.718463897705078	30.318405151367188	
232.1098175048828	59.02094268798828	22.061803817749023	30.249608993530273	
232.25985717773438	58.865272521972656	22.37240219116211	31.06521987915039	
232.2517547607422	58.95263671875	22.971811294555664	30.843603134155273	
232.21316528320312	59.036460876464844	22.63028335571289	30.697784423828125	
232.2972869873047	58.85356903076172	22.31851577758789	31.13335609436035	
232.0516357421875	58.93178176879883	22.24435806274414	30.373523712158203	
232.41928100585938	58.5484619140625	22.70942497253418	31.39145278930664	
232.4635772705078	59.58162307739258	22.397159576416016	30.350826263427734	
232.4095916748047	58.993553161621094	22.67997932434082	30.93558120727539	
232.7208709716797	59.479759216308594	21.97356414794922	30.162521362304688	
232.56802368164062	59.303924560546875	22.473304748535156	30.189929962158203	
232.7379608154297	59.032493591308594	22.630786895751953	30.9556884765625	
232.70779418945312	59.5817756652832	22.526355743408203	29.949865341186523	
232.93307495117188	59.4209098815918	21.801227569580078	30.703195571899414	
232.8560028076172	59.842063903808594	22.407690048217773	30.42745018005371	
232.77603149414062	60.41202926635742	22.6750431060791	29.95880699157715	
232.92733764648438	60.337738037109375	22.499202728271484	29.782756805419922	
232.7957763671875	60.32061767578125	22.4550838470459	29.79694175720215	
232.7231903076172	60.143653869628906	22.770809173583984	30.305713653564453	
232.8766326904297	59.98645782470703	22.99715805053711	30.809494018554688	
233.0040283203125	60.53841018676758	22.850231170654297	30.392080307006836	
233.1262664794922	60.77655029296875	22.417705535888672	30.532012939453125	
233.00955200195312	61.091827392578125	22.505300521850586	30.454265594482422	
233.1195526123047	60.99067306518555	22.664165496826172	30.7695369720459	
232.91921997070312	61.24640655517578	22.22005271911621	30.958271026611328	
232.81600952148438	61.669891357421875	22.552200317382812	30.50594139099121	
232.73300170898438	61.84382247924805	22.253503799438477	30.409231185913086	
232.779541015625	61.73566436767578	22.182178497314453	30.88788414001465	
232.26992797851562	61.76502227783203	23.078975677490234	30.41250991821289	
232.53085327148438	61.51940155029297	22.793376922607422	30.366836547851562	
232.8527374267578	61.198097229003906	22.58100700378418	30.708126068115234	
232.82852172851562	60.931602478027344	22.604557037353516	30.713977813720703	
232.9375	61.341896057128906	22.582286834716797	30.707300186157227	
232.58224487304688	61.6967887878418	22.72183609008789	29.89777183532715	
232.8561553955078	61.6496467590332	22.731250762939453	30.637104034423828	
233.06326293945312	61.73004150390625	22.33558464050293	30.215347290039062	
233.03237915039062	61.51572799682617	22.544158935546875	30.538349151611328	
232.8320770263672	61.52741622924805	22.92502212524414	30.33904457092285	
232.95571899414062	61.12627410888672	22.967098236083984	30.651092529296875	
232.95016479492188	61.630218505859375	22.36052703857422	30.59096908569336	
232.7605438232422	61.50543975830078	22.546297073364258	30.238800048828125	
232.515625	61.50236892700195	22.853893280029297	30.218612670898438	
232.54409790039062	61.11918258666992	22.588726043701172	31.16231918334961	
232.6226043701172	61.38379669189453	22.59194564819336	31.270395278930664	
232.5154266357422	61.14894485473633	22.84912872314453	31.45492935180664	
232.2717742919922	61.59770965576172	22.82534408569336	30.649124145507812	
232.3515167236328	62.02998733520508	22.322757720947266	30.25711441040039	
232.3738555908203	62.012184143066406	22.17365264892578	30.32232666015625	
232.50277709960938	61.62163162231445	22.932106018066406	30.75249671936035	
232.20199584960938	61.477012634277344	22.47848892211914	30.57964515686035	
232.2200469970703	61.12542724609375	22.936704635620117	31.267227172851562	
232.6004180908203	60.832740783691406	22.531057357788086	30.973186492919922	
232.2104034423828	60.92620849609375	23.11331558227539	30.480464935302734	
232.3712921142578	60.58879852294922	23.402841567993164	31.13717269897461	
232.9902801513672	60.55897903442383	22.424848556518555	30.923004150390625	
233.0150146484375	60.6984748840332	22.459991455078125	31.000873565673828	
232.7925567626953	60.7343635559082	22.617874145507812	31.53977394104004	
232.7635040283203	61.059043884277344	22.764446258544922	30.51714515686035	
232.47055053710938	61.1139030456543	22.743810653686523	30.67181396484375	
232.453125	61.33284378051758	22.897907257080078	29.948184967041016	
232.8632354736328	60.98279571533203	22.875593185424805	30.8829345703125	
232.8298797607422	61.234825134277344	22.91986083984375	30.288127899169922	
232.6790771484375	60.7256965637207	22.42833137512207	30.97393226623535	
231.9720001220703	61.21297073364258	23.205928802490234	30.109472274780273	
232.10452270507812	61.783721923828125	22.823753356933594	30.130395889282227	
232.35061645507812	60.676239013671875	22.32581901550293	31.13821792602539	
232.04977416992188	61.66090774536133	22.504186630249023	30.396045684814453	
231.68972778320312	61.157371520996094	22.58049964904785	30.835895538330078	
232.2749481201172	61.429054260253906	23.099475860595703	30.73439598083496	
232.2672882080078	61.13500213623047	22.58173179626465	30.96877098083496	
232.42550659179688	61.04774856567383	22.599483489990234	30.9471435546875	
232.4967498779297	61.25891876220703	22.828323364257812	31.05133628845215	
232.07614135742188	61.18921661376953	22.78970718383789	30.665836334228516	
232.20492553710938	61.20842361450195	23.123310089111328	30.82418441772461	
232.1190948486328	61.517669677734375	22.772953033447266	30.964336395263672	
232.16830444335938	61.5233268737793	22.874385833740234	30.368066787719727	
232.09701538085938	61.68756866455078	23.055187225341797	30.546300888061523	
232.1583251953125	61.653480529785156	22.810894012451172	31.277938842773438	
232.3780975341797	61.436309814453125	22.902233123779297	31.023855209350586	
232.19534301757812	61.751304626464844	22.87397575378418	30.342144012451172	
232.61862182617188	61.6978645324707	22.484943389892578	31.102596282958984	
232.53695678710938	61.40545654296875	23.045665740966797	30.871532440185547	
232.52072143554688	61.3375358581543	22.77992057800293	31.250890731811523	
232.426513671875	61.56697463989258	22.852073669433594	30.599456787109375	
233.0050811767578	61.445945739746094	22.724279403686523	30.97695541381836	
233.2373046875	61.05645751953125	22.787494659423828	31.49143409729004	
233.27572631835938	61.537147521972656	22.362041473388672	31.172714233398438	
233.29183959960938	61.95878219604492	22.54622459411621	30.993698120117188	
233.4717254638672	61.80126190185547	22.85320281982422	31.172832489013672	
233.4899139404297	61.30095672607422	22.8399715423584	32.061500549316406	
233.4808807373047	61.256874084472656	23.08298683166504	32.0649299621582	
233.2915496826172	61.51616668701172	22.879507064819336	31.237157821655273	
233.3089141845703	61.224464416503906	22.466388702392578	31.436473846435547	
233.50546264648438	61.12823486328125	22.68632698059082	31.4960994720459	
233.163330078125	61.290687561035156	22.636226654052734	31.17678451538086	
233.3928680419922	61.20307159423828	22.56270980834961	31.089574813842773	
233.63461303710938	60.8130989074707	22.736040115356445	31.201778411865234	
234.0608367919922	60.7778205871582	22.52265167236328	31.233959197998047	
234.12451171875	60.539329528808594	22.78145980834961	30.998672485351562	
234.5150604248047	60.701499938964844	22.77660369873047	30.997081756591797	
234.618408203125	60.863975524902344	22.81283187866211	30.730749130249023	
234.7771759033203	60.32404327392578	23.15768051147461	31.56148338317871	
234.625244140625	60.44200897216797	23.110998153686523	31.377466201782227	
234.5168914794922	60.59247589111328	22.828317642211914	31.228384017944336	
234.59707641601562	61.174102783203125	22.62169075012207	30.994693756103516	
234.09182739257812	61.35520553588867	22.660430908203125	30.934192657470703	
234.30746459960938	61.36952590942383	22.58892059326172	31.527856826782227	
233.60263061523438	61.77008056640625	23.01034164428711	30.758554458618164	
233.4281005859375	61.80109405517578	22.33578109741211	31.204565048217773	
233.5557098388672	62.0474967956543	22.864017486572266	30.819652557373047	
233.5152587890625	62.106597900390625	23.027557373046875	31.16721534729004	
233.5568389892578	61.46678924560547	22.545001983642578	31.136123657226562	
233.7557373046875	61.59077835083008	22.723358154296875	31.491443634033203	
234.1945037841797	61.86347579956055	23.11398696899414	30.929943084716797	
233.9981231689453	61.28809356689453	22.685283660888672	31.92770004272461	
233.90335083007812	61.357994079589844	22.970346450805664	31.56320571899414	
233.8242950439453	61.86400604248047	23.255598068237305	30.723302841186523	
233.69638061523438	61.588836669921875	22.77803611755371	31.37449073791504	
233.65005493164062	61.468727111816406	22.946470260620117	31.194721221923828	
234.01345825195312	61.4637565612793	22.703041076660156	31.627492904663086	
233.7431182861328	61.82243728637695	22.78762435913086	30.81869125366211	
233.6647186279297	61.57640838623047	23.211793899536133	31.014842987060547	
233.46408081054688	61.0280876159668	23.1214656829834	31.02849769592285	
233.3388214111328	61.445343017578125	23.04646873474121	31.045007705688477	
233.5277099609375	61.610633850097656	23.296499252319336	30.1812686920166	
233.55349731445312	61.03925704956055	22.98567008972168	30.919658660888672	
233.552490234375	60.9535026550293	22.96027374267578	31.5383243560791	
233.3186798095703	60.77094650268555	23.338834762573242	31.068750381469727	
233.08810424804688	60.836387634277344	22.699432373046875	31.185565948486328	
233.3646697998047	61.27382278442383	22.718730926513672	30.97894859313965	
233.1287078857422	61.15058517456055	22.8471736907959	30.774829864501953	
233.08975219726562	61.390953063964844	23.34847640991211	30.8824405670166	
233.07015991210938	61.5672721862793	23.678668975830078	30.532663345336914	
232.9367218017578	60.784629821777344	23.583084106445312	31.646915435791016	
233.0384063720703	61.10392379760742	23.04768943786621	30.630817413330078	
233.24618530273438	61.215126037597656	23.155317306518555	30.59486961364746	
233.26577758789062	61.18566131591797	23.517974853515625	30.617938995361328	
233.48941040039062	60.775054931640625	22.95747947692871	31.477497100830078	
233.3426055908203	60.684486389160156	23.2039794921875	30.994522094726562	
233.51577758789062	61.1251335144043	23.431392669677734	31.93552589416504	
233.03543090820312	61.61777877807617	22.5069637298584	30.655292510986328	
233.1866455078125	60.63323974609375	22.92319107055664	31.42012596130371	
233.6241912841797	61.44623565673828	22.20360565185547	31.22745704650879	
233.507568359375	61.047119140625	23.74032211303711	31.38543701171875	
233.65963745117188	60.743080139160156	22.41055679321289	31.71677017211914	
233.5484619140625	61.224021911621094	22.67116355895996	31.662734985351562	
233.5343017578125	61.04451370239258	23.28316307067871	31.636798858642578	
233.5875244140625	61.25920486450195	22.624147415161133	31.0788516998291	
233.768310546875	61.9027099609375	22.963483810424805	30.464191436767578	
233.73974609375	61.508750915527344	23.12314796447754	30.673091888427734	
234.0631561279297	61.8868408203125	23.0155086517334	30.83125877380371	
234.01220703125	61.41967010498047	22.78060531616211	31.3189754486084	
234.09683227539062	61.1307487487793	22.68210220336914	31.811843872070312	
234.25967407226562	61.55663299560547	22.554920196533203	31.319732666015625	
234.0138702392578	61.639251708984375	23.117671966552734	30.96866226196289	
234.0966796875	61.463035583496094	22.84918212890625	31.586685180664062	
234.25967407226562	61.42011642456055	22.626136779785156	31.24948501586914	
234.4877471923828	61.3016357421875	22.819950103759766	31.881656646728516	
234.09457397460938	61.77185821533203	22.823917388916016	30.74359130859375	
234.39306640625	61.506256103515625	22.938636779785156	31.56561851501465	
234.4721221923828	61.33048629760742	22.75724220275879	31.9200382232666	
234.0784149169922	61.372108459472656	23.054004669189453	31.570276260375977	
233.9286651611328	61.361785888671875	23.292131423950195	31.263498306274414	
233.75698852539062	61.28473663330078	23.114227294921875	31.336681365966797	
233.61117553710938	61.28612518310547	22.964689254760742	31.15436363220215	
233.8853759765625	60.60347366333008	22.350027084350586	32.148292541503906	
233.81484985351562	61.12592697143555	22.794189453125	31.337427139282227	
233.4745635986328	61.52634811401367	22.95754623413086	31.055164337158203	
232.97830200195312	61.22587966918945	22.96249771118164	30.697439193725586	
233.25845336914062	61.48909378051758	22.730655670166016	30.92148780822754	
232.8792266845703	60.981201171875	23.222543716430664	30.691959381103516	
233.19357299804688	61.1753044128418	22.61672592163086	30.79827880859375	
232.74563598632812	60.854530334472656	23.07829475402832	31.003238677978516	
232.87942504882812	60.93467330932617	23.2122745513916	30.810283660888672	
232.75460815429688	61.19622039794922	22.689847946166992	31.123666763305664	
232.9107208251953	61.36248779296875	22.483509063720703	30.446704864501953	
232.35000610351562	61.575584411621094	22.929553985595703	30.053747177124023	
232.31356811523438	61.47808074951172	22.97771644592285	30.510208129882812	
232.51266479492188	61.18773651123047	22.97940444946289	30.978261947631836	
232.41806030273438	61.52850341796875	23.037893295288086	30.650196075439453	
232.73513793945312	61.787628173828125	22.46689224243164	30.580215454101562	
232.0195770263672	61.85108184814453	23.269290924072266	30.6373291015625	
232.1730194091797	62.0187873840332	22.729660034179688	30.473398208618164	
231.9857940673828	61.732139587402344	23.413936614990234	30.327342987060547	
232.3709716796875	61.39777374267578	22.843826293945312	31.548599243164062	
232.5623779296875	61.92040252685547	22.487045288085938	31.12192153930664	
232.21481323242188	61.77144241333008	22.366199493408203	30.63545799255371	
232.000244140625	61.36969757080078	22.87330436706543	31.832653045654297	
232.2681121826172	61.98082733154297	22.90676498413086	30.65773582458496	
232.38619995117188	61.64986038208008	22.812725067138672	30.295032501220703	
232.1933135986328	61.036155700683594	22.852245330810547	31.50481605529785	
232.82876586914062	60.40358352661133	22.906530380249023	31.191722869873047	
233.1486053466797	59.73725509643555	23.021739959716797	31.150569915771484	
233.37783813476562	58.584739685058594	23.46541404724121	31.19496726989746	
233.51022338867188	57.37297439575195	23.78548812866211	31.299480438232422	
234.154541015625	56.4715461730957	23.73198127746582	31.341171264648438	
234.9554901123047	54.0178337097168	22.93028450012207	31.93890953063965	
235.0159454345703	50.32827377319336	23.143043518066406	32.87828826904297	
235.1784210205078	48.388893127441406	23.27438735961914	31.4032039642334	
235.515380859375	46.183414459228516	23.839420318603516	30.962390899658203	
231.6941680908203	42.46320343017578	24.557842254638672	33.48801803588867	
233.8550567626953	41.623382568359375	24.08810806274414	30.211456298828125	
233.2991485595703	39.84779357910156	23.85898208618164	30.105854034423828	
232.6427764892578	39.101417541503906	23.449064254760742	28.658428192138672	
232.52279663085938	37.46271514892578	22.776491165161133	29.948583602905273	
231.80941772460938	36.636898040771484	22.301870346069336	29.1872615814209	
231.705810546875	36.23564910888672	21.804668426513672	28.639347076416016	
230.8223419189453	34.76615524291992	22.2365665435791	29.225826263427734	
230.67831420898438	34.139400482177734	21.657588958740234	29.28766441345215	
230.0229034423828	33.211036682128906	21.65057373046875	29.121723175048828	
229.8655242919922	31.738147735595703	21.86629867553711	28.87582015991211	
229.4796905517578	29.980703353881836	21.36724281311035	29.2409610748291	
228.8065185546875	28.35381507873535	21.20477867126465	29.395029067993164	
228.56002807617188	27.16305923461914	20.198101043701172	29.25882339477539	
227.7571258544922	26.125179290771484	20.164838790893555	29.23956871032715	
227.66836547851562	25.241823196411133	19.547639846801758	29.83877182006836	
226.99807739257812	26.154464721679688	20.3363094329834	28.9268798828125	
226.3973846435547	27.85162925720215	19.985458374023438	28.460037231445312	
226.12625122070312	29.456317901611328	21.086898803710938	29.113597869873047	
225.9388885498047	32.818199157714844	20.732681274414062	28.373769760131836	
225.27151489257812	34.9701042175293	22.05170440673828	28.4901180267334	
225.29922485351562	35.70917510986328	22.04838752746582	30.8465518951416	
224.985595703125	38.94056701660156	22.371212005615234	30.664819717407227	
225.138916015625	40.929351806640625	22.284082412719727	30.551654815673828	
225.79116821289062	43.827510833740234	21.51571273803711	30.793926239013672	
226.19808959960938	46.640220642089844	21.24643325805664	30.25625228881836	
226.42398071289062	49.90619659423828	21.693309783935547	29.701074600219727	
226.54135131835938	52.37638473510742	21.45779800415039	29.467716217041016	
227.03475952148438	54.837310791015625	21.44108009338379	29.840744018554688	
227.54275512695312	56.92960739135742	21.953182220458984	30.687274932861328	
227.871826171875	59.225830078125	22.661746978759766	30.651508331298828	
228.3040771484375	61.03992462158203	23.090530395507812	30.76950454711914	
228.57583618164062	62.83722686767578	21.789817810058594	31.006826400756836	
228.24807739257812	64.5835189819336	22.457077026367188	30.861892700195312	
228.05850219726562	66.61741638183594	22.587535858154297	31.305049896240234	
227.6674346923828	68.6498794555664	22.21173667907715	30.204309463500977	
227.3843231201172	70.60295867919922	22.655223846435547	30.246074676513672	
227.0133056640625	73.0442886352539	22.974443435668945	30.288665771484375	
226.353271484375	75.55359649658203	22.52126693725586	29.88871192932129	
224.8583221435547	78.25849914550781	22.824626922607422	29.26570701599121	
224.8489990234375	79.69746398925781	23.073352813720703	29.348215103149414	
224.31204223632812	80.97241973876953	23.53352928161621	29.566036224365234	
224.34133911132812	82.88807678222656	23.70433235168457	29.320110321044922	
223.5978240966797	83.08238220214844	23.51972007751465	29.914587020874023	
223.6261749267578	84.80333709716797	22.96121597290039	29.074975967407227	
223.00875854492188	85.2451171875	23.524524688720703	28.959253311157227	
223.1184844970703	86.49197387695312	22.760295867919922	29.12864112854004	
223.207275390625	86.66004180908203	22.413604736328125	28.8098201751709	
222.98220825195312	87.17281341552734	23.351886749267578	29.06731605529785	
223.33560180664062	86.69914245605469	23.363277435302734	29.604394912719727	
223.5	86.16471862792969	22.81281089782715	29.171844482421875	
223.9238739013672	85.5564956665039	23.46615982055664	29.97080421447754	
224.32772827148438	85.69163513183594	23.160449981689453	29.52883529663086	
224.35226440429688	85.65367126464844	22.786922454833984	29.4444522857666	
224.344482421875	86.4238052368164	23.870967864990234	29.336376190185547	
224.0671844482422	87.22087097167969	23.823680877685547	28.93073081970215	
224.5144500732422	88.78939056396484	23.907817840576172	28.96746826171875	
225.2398681640625	89.50223541259766	24.17072296142578	29.619140625	
225.5799560546875	90.50801086425781	23.91947364807129	29.58833885192871	
226.65109252929688	90.76652526855469	22.7270565032959	29.48087501525879	
227.83651733398438	91.69822692871094	24.38277816772461	29.727237701416016	
229.3642578125	90.39088439941406	23.375606536865234	30.317485809326172	
230.8914337158203	90.68177795410156	24.955764770507812	29.70391845703125	
232.6801300048828	90.1246566772461	24.00530433654785	30.0721378326416	
234.38870239257812	88.96197509765625	23.9990291595459	30.902751922607422	
236.6390838623047	89.21558380126953	24.295682907104492	30.99374008178711	
238.4642333984375	88.37095642089844	23.81869888305664	30.921560287475586	
240.4344940185547	87.84507751464844	23.303272247314453	30.82343101501465	
242.4533233642578	87.48941040039062	25.326404571533203	31.226940155029297	
244.7879638671875	86.93635559082031	24.270734786987305	31.25027084350586	
246.79959106445312	86.87218475341797	26.068323135375977	32.20009231567383	
249.1715850830078	86.3519287109375	25.365877151489258	32.31047821044922	
251.32455444335938	85.8711166381836	25.995220184326172	33.50757598876953	
253.55624389648438	85.77125549316406	25.733470916748047	32.94316864013672	
255.5166778564453	84.49431610107422	24.671825408935547	33.891517639160156	
257.18109130859375	84.80628204345703	25.463191986083984	32.64985656738281	
258.7938232421875	84.10502624511719	24.85173225402832	32.911460876464844	
260.2181396484375	83.37445068359375	24.331501007080078	33.07210922241211	
262.1344299316406	82.67095947265625	23.470415115356445	33.64739990234375	
262.53460693359375	82.1445541381836	23.393146514892578	33.4676628112793	
263.97442626953125	81.61821746826172	23.071725845336914	33.192115783691406	
264.21173095703125	81.3653793334961	22.523832321166992	33.677127838134766	
264.28887939453125	81.33627319335938	22.09726333618164	33.02046585083008	
264.095703125	81.27266693115234	22.4371395111084	33.764305114746094	
264.72613525390625	79.99526977539062	22.03023910522461	33.4674186706543	
264.7668762207031	78.84396362304688	22.153188705444336	33.40839385986328	
264.8201599121094	76.10279846191406	22.55521011352539	33.99962615966797	
265.34869384765625	72.85917663574219	22.582088470458984	33.74134063720703	
264.7926025390625	68.87071228027344	22.02456283569336	34.14624786376953	
264.6898498535156	65.17015838623047	22.418466567993164	34.35545349121094	
264.15484619140625	60.6959342956543	22.631206512451172	35.446632385253906	
264.514892578125	57.356712341308594	22.64840316772461	36.2318000793457	
264.41888427734375	53.995948791503906	22.4577579498291	35.95771789550781	
264.71331787109375	51.6124382019043	22.709854125976562	35.95417022705078	
265.1490173339844	48.63328170776367	22.68521499633789	36.632667541503906	
265.2947998046875	46.157936096191406	22.264244079589844	35.521400451660156	
265.54766845703125	43.45724105834961	22.309932708740234	36.006370544433594	
265.59539794921875	40.849037170410156	21.911548614501953	35.65291213989258	
265.9439697265625	38.376102447509766	22.11666488647461	35.93798065185547	
265.952880859375	35.470603942871094	21.929210662841797	35.81011199951172	
265.69207763671875	33.97152328491211	22.68754768371582	35.48466491699219	
265.8471374511719	33.07905197143555	22.873104095458984	34.78844451904297	
266.4114990234375	33.03708267211914	22.094928741455078	34.3768310546875	
266.61077880859375	32.21342468261719	22.183815002441406	34.612083435058594	
266.36419677734375	31.357717514038086	22.461570739746094	34.38582229614258	
265.88739013671875	30.32748794555664	22.14870834350586	34.24381637573242	
265.58612060546875	30.603893280029297	21.355758666992188	32.993690490722656	
264.55975341796875	30.520126342773438	21.89912223815918	31.934362411499023	
264.0320129394531	30.143024444580078	21.281381607055664	33.51301574707031	
263.6963806152344	30.957477569580078	21.996143341064453	34.460567474365234	
263.79656982421875	31.9167423248291	22.312414169311523	35.46677780151367	
263.32843017578125	34.127723693847656	22.898691177368164	35.29805374145508	
263.0318298339844	36.08783721923828	23.892230987548828	35.43584060668945	
263.5292053222656	38.884429931640625	23.434795379638672	35.627601623535156	
263.54693603515625	40.5355224609375	24.153215408325195	35.324851989746094	
264.451904296875	42.87168502807617	23.49675178527832	34.84440231323242	
264.735107421875	44.14445114135742	23.97603988647461	35.67649841308594	
263.0198669433594	46.05670166015625	25.558923721313477	34.853153228759766	
264.60174560546875	46.142433166503906	24.718929290771484	35.5714225769043	
263.3455505371094	47.90793228149414	24.308788299560547	35.972232818603516	
261.6728820800781	51.00828170776367	24.398143768310547	33.76299285888672	
260.43572998046875	53.2967529296875	24.109140396118164	34.81717300415039	
258.3953857421875	56.24370193481445	26.196008682250977	35.29483413696289	
256.764892578125	59.69428634643555	25.713382720947266	34.26753616333008	
253.8680419921875	62.90254592895508	25.9239501953125	33.66162109375	
252.11343383789062	66.14631652832031	25.29163932800293	33.98051452636719	
249.73049926757812	69.71587371826172	25.291749954223633	31.579486846923828	
247.82516479492188	72.08778381347656	24.467145919799805	32.05060577392578	
245.0940704345703	75.90120697021484	24.91966438293457	31.198598861694336	
243.03054809570312	78.86632537841797	26.040685653686523	31.13534927368164	
241.08291625976562	81.33404541015625	24.618389129638672	30.023387908935547	
239.5166015625	85.09788513183594	25.452484130859375	30.819101333618164	
236.68270874023438	87.35537719726562	25.18194007873535	29.495391845703125	
235.15634155273438	88.85798645019531	24.78268814086914	29.624984741210938	
233.9774627685547	91.46357727050781	25.503816604614258	29.795894622802734	
232.73324584960938	92.31665802001953	24.46340560913086	30.4598388671875	
231.01821899414062	93.87311553955078	23.69188690185547	30.042057037353516	
229.80746459960938	94.72818756103516	23.419082641601562	29.819849014282227	
229.8115997314453	96.31334686279297	23.803447723388672	29.59421157836914	
228.4156494140625	96.62552642822266	23.15689468383789	29.29717445373535	
228.67507934570312	96.40461730957031	23.352426528930664	29.65322494506836	
228.218505859375	96.91224670410156	23.71929359436035	29.682373046875	
228.04678344726562	97.09004211425781	23.363000869750977	29.357860565185547	
227.64157104492188	96.82357025146484	23.23958396911621	29.25875473022461	
227.7025604248047	97.05836486816406	23.73834991455078	29.52029037475586	
227.5755615234375	96.71919250488281	23.273456573486328	29.198436737060547	
227.52182006835938	96.40107727050781	23.3607177734375	29.689327239990234	
228.00552368164062	95.59004974365234	24.1821231842041	29.96212387084961	
229.24557495117188	93.05286407470703	22.26568031311035	30.04690933227539	
229.4715118408203	90.23661041259766	24.203861236572266	29.47471046447754	
230.84402465820312	84.82704162597656	24.95818328857422	30.596057891845703	
232.10009765625	79.06755065917969	23.593433380126953	31.729694366455078	
232.59860229492188	75.03361511230469	23.16158103942871	30.898670196533203	
232.42684936523438	71.26701354980469	23.161102294921875	31.11843490600586	
232.44180297851562	66.9746322631836	22.480106353759766	31.904117584228516	
231.56912231445312	63.39860916137695	22.837696075439453	31.347888946533203	
230.6197052001953	59.829078674316406	23.147563934326172	30.729068756103516	
229.52481079101562	55.3643798828125	22.87139892578125	31.54201889038086	
228.58267211914062	52.0447998046875	22.220779418945312	30.906173706054688	
227.85427856445312	47.20890426635742	22.459064483642578	32.2685661315918	
226.6624298095703	44.258888244628906	22.959413528442383	32.031471252441406	
225.7456512451172	42.38744354248047	22.969646453857422	31.541412353515625	
224.59848022460938	40.7179069519043	23.08505630493164	32.446563720703125	
223.49453735351562	39.30193328857422	23.068147659301758	30.979671478271484	
223.06552124023438	38.62519073486328	23.3660888671875	30.296512603759766	
222.8134307861328	37.83922576904297	23.110641479492188	29.67325782775879	
222.5956268310547	36.47063446044922	22.34273338317871	29.799997329711914	
222.33706665039062	35.867835998535156	22.6763858795166	29.256317138671875	
222.2690887451172	35.5078010559082	22.050006866455078	29.23125648498535	
221.77029418945312	34.87623977661133	22.777448654174805	29.624446868896484	
222.3331298828125	34.27524948120117	22.028287887573242	29.994592666625977	
222.8455810546875	34.072757720947266	22.297008514404297	30.30792236328125	
223.362060546875	35.023658752441406	22.30207061767578	29.92544174194336	
224.16616821289062	34.9018669128418	23.048080444335938	31.60407066345215	
226.03933715820312	37.12379837036133	23.249908447265625	31.05405044555664	
227.48757934570312	38.43195724487305	22.70331382751465	32.240543365478516	
229.4507598876953	39.658409118652344	23.6605167388916	32.627357482910156	
231.4974822998047	41.715538024902344	23.764734268188477	32.82598114013672	
233.65048217773438	44.3663215637207	24.29079246520996	32.41605758666992	
235.96707153320312	47.23140335083008	24.156335830688477	32.16204833984375	
238.0618896484375	50.81232833862305	23.822086334228516	31.440814971923828	
240.673828125	54.04105758666992	24.452280044555664	31.943737030029297	
242.9453887939453	57.59313201904297	24.61480712890625	31.766826629638672	
245.63754272460938	59.992637634277344	24.948028564453125	31.712560653686523	
248.23147583007812	62.419334411621094	24.270620346069336	33.0540657043457	
250.81649780273438	65.45130920410156	24.69446563720703	34.05824661254883	
252.8170928955078	68.47517395019531	25.073205947875977	34.463165283203125	
254.44284057617188	71.96238708496094	24.929264068603516	33.671695709228516	
255.89395141601562	74.8027572631836	24.48130989074707	34.663108825683594	
256.77490234375	77.26985931396484	24.44501304626465	33.72127151489258	
257.9768371582031	79.71167755126953	25.221433639526367	34.321327209472656	
258.12103271484375	82.35035705566406	25.3158016204834	33.190879821777344	
258.697509765625	84.6065902709961	24.998065948486328	34.02621078491211	
258.3421630859375	87.13685607910156	25.623119354248047	33.24032211303711	
258.0416564941406	88.32898712158203	26.239715576171875	34.430599212646484	
258.41754150390625	89.94291687011719	26.083255767822266	34.09422302246094	
258.2911376953125	91.17961120605469	25.361801147460938	33.35663604736328	
258.36151123046875	91.13630676269531	24.957550048828125	32.878868103027344	
259.04473876953125	91.24136352539062	25.30348777770996	33.711143493652344	
259.2294921875	91.02816009521484	25.416706085205078	33.52272415161133	
259.7696838378906	91.6280288696289	24.300159454345703	32.64712142944336	
259.220947265625	91.2467041015625	24.927635192871094	33.56826400756836	
259.0574645996094	91.66602325439453	25.390331268310547	32.54011917114258	
259.14495849609375	91.46428680419922	24.043724060058594	32.33852767944336	
259.28692626953125	91.55187225341797	24.39434242248535	32.8301887512207	
259.2186584472656	90.57379150390625	24.852569580078125	33.503326416015625	
259.8306579589844	89.7713851928711	24.902999877929688	33.128807067871094	
260.793701171875	86.5585708618164	23.922922134399414	33.45598602294922	
260.78533935546875	82.60592651367188	24.16494369506836	34.903873443603516	
260.81390380859375	79.17933654785156	25.021629333496094	34.32616424560547	
262.7442932128906	75.01893615722656	24.360929489135742	32.09081268310547	
262.9687805175781	70.48646545410156	23.446279525756836	34.407196044921875	
262.9521789550781	65.13636016845703	22.811527252197266	35.51264572143555	
263.33465576171875	59.49591064453125	22.875877380371094	35.79979705810547	
263.77752685546875	55.57573318481445	22.977771759033203	34.815792083740234	
263.53143310546875	50.193607330322266	23.27389907836914	35.22888946533203	
264.1031494140625	44.75241470336914	22.562551498413086	36.203277587890625	
264.5665283203125	41.150142669677734	22.10854721069336	35.79676818847656	
265.2105407714844	37.87395095825195	21.273685455322266	35.75639724731445	
265.1192932128906	35.02796173095703	21.284069061279297	35.291988372802734	
265.0251159667969	33.108863830566406	21.101947784423828	34.60991668701172	
265.3694152832031	32.37099075317383	19.687984466552734	33.102027893066406	
265.3750915527344	30.45891761779785	20.038227081298828	33.655921936035156	
265.2825927734375	30.05539894104004	19.827878952026367	32.3696403503418	
265.400390625	29.63700294494629	19.905033111572266	33.00214767456055	
265.6585388183594	29.561748504638672	19.777019500732422	32.93584442138672	
265.4134826660156	29.34548568725586	19.932903289794922	33.198551177978516	
265.6639709472656	30.117782592773438	19.942264556884766	32.19382858276367	
266.0731506347656	30.310338973999023	19.835460662841797	33.212013244628906	
267.1545715332031	29.573755264282227	20.46147346496582	34.99091720581055	
268.6638488769531	30.17075538635254	20.80000877380371	34.83237075805664	
267.0519714355469	32.665428161621094	23.26300048828125	31.722360610961914	
275.0170593261719	31.976940155029297	22.282527923583984	33.70938491821289	
278.2939147949219	33.852027893066406	23.032245635986328	32.84280014038086	
282.4028015136719	36.58903121948242	21.363290786743164	30.736703872680664	
287.55621337890625	36.48418426513672	19.34372329711914	29.562015533447266	
291.58233642578125	36.901710510253906	18.309555053710938	28.76055335998535	
294.97357177734375	39.19995880126953	20.440723419189453	27.945728302001953	
297.8438415527344	41.178382873535156	20.1746826171875	26.980548858642578	
301.19921875	40.58527374267578	18.82680892944336	28.518245697021484	
302.62957763671875	42.66402816772461	21.200172424316406	28.288904190063477	
305.673583984375	41.644630432128906	19.756702423095703	28.80193519592285	
307.53082275390625	40.55023956298828	19.757755279541016	28.875869750976562	
308.8008728027344	39.18754577636719	19.621273040771484	29.672088623046875	
309.26922607421875	40.569129943847656	20.176406860351562	28.603031158447266	
309.22430419921875	40.418067932128906	20.280529022216797	28.76593017578125	
308.6956787109375	39.51975631713867	19.438800811767578	29.439529418945312	
308.0482482910156	41.396583557128906	19.18944549560547	28.722848892211914	
306.96484375	41.87173080444336	19.104900360107422	29.004505157470703	
304.771728515625	42.972076416015625	20.359634399414062	28.857736587524414	
302.43743896484375	43.33257293701172	20.823204040527344	28.1771297454834	
300.83184814453125	40.79534149169922	18.585256576538086	28.45950698852539	
297.652099609375	41.772438049316406	19.89714813232422	28.662551879882812	
294.10296630859375	42.866294860839844	20.7779598236084	29.303455352783203	
291.13360595703125	39.90505599975586	17.52242660522461	29.995868682861328	
285.34027099609375	40.8484001159668	21.630155563354492	32.893638610839844	
282.2144775390625	41.17020034790039	22.536991119384766	31.235925674438477	
278.90277099609375	38.21220779418945	23.095487594604492	32.61011505126953	
274.26458740234375	37.63233947753906	22.062864303588867	35.43590545654297	
269.70062255859375	38.221439361572266	20.877622604370117	35.01202392578125	
265.7120361328125	37.38127517700195	20.991891860961914	34.988609313964844	
262.72918701171875	36.58733367919922	23.279470443725586	36.109275817871094	
258.7154541015625	36.32979965209961	25.258100509643555	35.8001823425293	
256.66119384765625	37.480159759521484	25.06058692932129	34.46841049194336	
253.65853881835938	37.6346321105957	25.14876365661621	33.98841094970703	
251.77938842773438	37.927772521972656	25.014070510864258	34.21057891845703	
249.34286499023438	37.51850891113281	24.569332122802734	33.762855529785156	
246.63671875	38.248199462890625	25.273242950439453	32.31905746459961	
244.38424682617188	38.29787063598633	25.354909896850586	31.2742977142334	
241.8094024658203	38.56764221191406	24.63019371032715	30.8665771484375	
239.7427978515625	37.791725158691406	24.451885223388672	30.8763484954834	
237.68994140625	37.44823455810547	23.681324005126953	30.94576644897461	
235.3660430908203	35.83308029174805	23.704771041870117	31.93758773803711	
232.95654296875	36.32039260864258	24.666732788085938	31.140148162841797	
231.4660186767578	36.24248504638672	24.07761001586914	32.04729461669922	
228.9171905517578	36.594024658203125	23.75031089782715	32.37986373901367	
227.228271484375	36.9055061340332	23.95811653137207	31.90334701538086	
225.73867797851562	36.30437088012695	23.709768295288086	32.584983825683594	
224.58773803710938	35.8504524230957	24.463560104370117	33.06370162963867	
222.9955596923828	34.86372756958008	23.818471908569336	33.346778869628906	
222.5631866455078	34.9980354309082	22.88411521911621	32.82615280151367	
221.5166473388672	35.902191162109375	22.460981369018555	30.884075164794922	
219.9635009765625	34.873069763183594	22.701677322387695	31.16864013671875	
219.36502075195312	35.44073486328125	22.322519302368164	29.848011016845703	
218.9683074951172	35.58893966674805	21.470916748046875	29.858657836914062	
218.3871612548828	35.91162872314453	21.297056198120117	30.11163330078125	
217.93325805664062	36.24884796142578	20.891611099243164	30.944141387939453	
216.94168090820312	36.320072174072266	20.37601089477539	31.486888885498047	
217.23593139648438	37.36144256591797	20.069826126098633	30.58660888671875	
216.91085815429688	38.239646911621094	20.508487701416016	30.01141357421875	
217.17282104492188	39.88599395751953	19.731361389160156	29.630062103271484	
217.20083618164062	43.12301254272461	20.025575637817383	29.123397827148438	
217.87106323242188	44.44042205810547	19.631793975830078	31.15084457397461	
216.56216430664062	48.57608413696289	18.92324447631836	29.411550521850586	
216.53414916992188	52.41289138793945	18.877002716064453	29.0633602142334	
216.2349395751953	58.0562744140625	19.7564754486084	28.430593490600586	
216.6605987548828	62.860496520996094	20.843534469604492	29.1487979888916	
216.6305389404297	68.05873107910156	21.435104370117188	29.5870361328125	
216.8825225830078	72.59403991699219	21.86625099182129	29.581531524658203	
217.01089477539062	76.68754577636719	23.175182342529297	30.161251068115234	
217.3581085205078	81.47059631347656	23.736801147460938	29.594676971435547	
217.96206665039062	86.20211029052734	24.14118003845215	29.486774444580078	
217.38919067382812	91.0167465209961	22.509769439697266	28.559967041015625	
217.2241668701172	94.77915954589844	22.454574584960938	28.362478256225586	
217.35205078125	98.3663330078125	23.737262725830078	28.776840209960938	
216.74819946289062	100.68641662597656	22.788433074951172	28.23468017578125	
215.7626953125	102.5782699584961	23.3598575592041	28.095897674560547	
215.5615234375	103.91487121582031	22.88637924194336	28.43011474609375	
215.70950317382812	103.81263732910156	22.388002395629883	29.507976531982422	
215.1893768310547	103.80781555175781	22.401531219482422	29.6442813873291	
215.24649047851562	104.2484359741211	22.22219467163086	29.363107681274414	
215.5400390625	104.07176208496094	22.432077407836914	28.7028751373291	
215.73959350585938	102.52629089355469	22.89969825744629	28.96059799194336	
216.5665740966797	102.14611053466797	22.815780639648438	28.952106475830078	
217.6885223388672	100.62984466552734	23.36021614074707	29.329700469970703	
218.8593292236328	99.45811462402344	22.52866554260254	28.828105926513672	
220.09365844726562	98.41862487792969	23.536754608154297	28.92156982421875	
221.8782958984375	96.92435455322266	23.930011749267578	29.16361427307129	
225.2254638671875	95.28446197509766	23.646894454956055	29.350994110107422	
228.3120880126953	93.59129333496094	24.60532569885254	29.36789894104004	
232.3482208251953	91.64605712890625	24.440832138061523	30.20992660522461	
235.85153198242188	90.87267303466797	24.26703453063965	28.983154296875	
240.3583221435547	89.13941192626953	24.890483856201172	29.780969619750977	
244.628173828125	87.04500579833984	24.158466339111328	30.912723541259766	
248.56875610351562	85.7078628540039	25.026531219482422	31.33544921875	
252.6938018798828	84.82521057128906	24.63819122314453	30.900121688842773	
255.81307983398438	83.24623107910156	24.778156280517578	32.01081085205078	
258.8778381347656	82.59541320800781	23.567148208618164	32.027469635009766	
261.21685791015625	82.18897247314453	23.64120864868164	32.4374885559082	
263.3074645996094	80.63542175292969	23.510080337524414	32.30503463745117	
265.07965087890625	80.17247009277344	22.381771087646484	32.8983268737793	
266.9296569824219	79.1824951171875	22.162616729736328	33.375919342041016	
268.6529235839844	79.2978515625	21.756864547729492	32.13677215576172	
270.7151794433594	77.86900329589844	22.682558059692383	32.977569580078125	
271.71478271484375	77.60131072998047	22.57964324951172	32.857200622558594	
272.8768005371094	77.15412902832031	22.344524383544922	32.99425506591797	
273.7135925292969	76.68116760253906	22.640178680419922	33.29549026489258	
273.8627624511719	76.70952606201172	22.35934829711914	33.69223403930664	
273.9288024902344	76.78568267822266	22.82745361328125	34.1207160949707	
273.62701416015625	77.00489044189453	22.32754135131836	32.842872619628906	
273.09881591796875	77.63491821289062	22.765249252319336	33.1217155456543	
272.89337158203125	77.6484375	22.201263427734375	33.381752014160156	
272.57879638671875	78.109130859375	22.46778678894043	32.67998123168945	
271.8697204589844	77.5209732055664	22.22568130493164	33.111568450927734	
271.33355712890625	76.67861938476562	22.06979751586914	34.63007736206055	
269.804443359375	75.69587707519531	22.4715576171875	33.99756622314453	
268.2005920410156	74.73866271972656	23.771343231201172	34.94196319580078	
266.51092529296875	74.02928161621094	24.392004013061523	35.277061462402344	
264.1524963378906	73.58560943603516	24.639549255371094	34.65739440917969	
260.8777160644531	73.21159362792969	25.52766990661621	33.78464126586914	
258.43914794921875	72.70057678222656	25.701709747314453	34.16368865966797	
254.6780242919922	71.38379669189453	26.169322967529297	34.64900207519531	
251.33016967773438	71.78136444091797	25.217304229736328	34.9460334777832	
247.73709106445312	71.6137924194336	25.864383697509766	34.58556365966797	
244.18771362304688	71.67561340332031	25.075151443481445	33.66416549682617	
241.4020233154297	72.15463256835938	24.689193725585938	33.623863220214844	
239.2058563232422	71.96208190917969	26.031200408935547	34.341941833496094	
237.401123046875	72.08824157714844	25.077674865722656	32.631309509277344	
236.3299560546875	71.88957214355469	25.340688705444336	33.03142547607422	
235.5511932373047	71.85391998291016	24.767620086669922	33.1398811340332	
235.0323028564453	71.21023559570312	25.21500015258789	33.20903778076172	
233.8001708984375	70.8685073852539	25.214330673217773	32.844356536865234	
233.3035430908203	70.63114166259766	25.18716049194336	32.13438415527344	
232.39511108398438	70.21897888183594	25.375022888183594	32.13284683227539	
231.55078125	69.37968444824219	24.21632194519043	32.31428909301758	
230.7939453125	68.66520690917969	24.2083683013916	31.77681541442871	
230.2075958251953	67.36719512939453	23.66842269897461	32.364906311035156	
229.28549194335938	65.8080062866211	23.714202880859375	32.959022521972656	
228.72817993164062	64.10472106933594	23.321292877197266	32.918270111083984	
227.42617797851562	62.5313606262207	24.114797592163086	31.739246368408203	
226.732666015625	60.262611389160156	23.57485580444336	31.8815860748291	
226.1589813232422	58.44105911254883	23.152732849121094	31.987529754638672	
225.66650390625	56.12187957763672	22.59189796447754	32.19013595581055	
224.43630981445312	54.19663619995117	23.41301918029785	31.746118545532227	
223.2788848876953	52.101097106933594	23.186172485351562	31.820775985717773	
222.51339721679688	50.39931869506836	23.527706146240234	31.39674949645996	
221.61502075195312	48.89311981201172	23.29853057861328	31.222732543945312	
221.3663787841797	46.468406677246094	22.681318283081055	31.952077865600586	
221.1172637939453	45.042640686035156	23.02167320251465	31.5347957611084	
220.9142303466797	43.03229522705078	23.260068893432617	31.953027725219727	
220.4860076904297	40.16828155517578	24.1070613861084	32.81980895996094	
220.06204223632812	38.11983108520508	24.092247009277344	33.055030822753906	
220.1265869140625	36.461997985839844	23.582569122314453	33.001407623291016	
220.2059783935547	35.786705017089844	23.32292366027832	32.28312683105469	
220.21932983398438	33.75015640258789	23.94363784790039	32.45515060424805	
220.25656127929688	33.22700500488281	23.63389778137207	31.8790283203125	
219.93331909179688	31.669677734375	23.947818756103516	32.02674102783203	
220.382568359375	31.025341033935547	22.93084716796875	31.41737937927246	
220.4340362548828	29.564529418945312	22.331348419189453	31.3083553314209	
220.0348358154297	30.004375457763672	22.86773109436035	29.418567657470703	
219.7550506591797	28.84457015991211	21.554988861083984	30.212671279907227	
219.94625854492188	28.884231567382812	21.86444091796875	29.62685775756836	
219.27651977539062	28.610393524169922	21.904157638549805	30.297473907470703	
218.7994384765625	29.040075302124023	22.11971092224121	29.703054428100586	
218.5336456298828	28.907024383544922	22.093822479248047	29.989147186279297	
218.51553344726562	28.84783363342285	21.942668914794922	30.39231300354004	
218.38919067382812	28.469432830810547	22.66048240661621	30.613330841064453	
218.802001953125	29.633020401000977	21.64249610900879	29.849018096923828	
218.91940307617188	29.26775550842285	22.152462005615234	29.963115692138672	
218.71115112304688	29.792089462280273	21.516895294189453	29.184093475341797	
218.8109130859375	29.100643157958984	21.660369873046875	29.54098892211914	
219.112548828125	30.652271270751953	21.19685173034668	27.923969268798828	
219.3018035888672	30.115612030029297	20.857786178588867	28.520959854125977	
219.64486694335938	29.847509384155273	20.46261978149414	29.57110023498535	
220.2273712158203	30.3983211517334	20.265087127685547	29.801061630249023	
219.9999542236328	30.563562393188477	20.496929168701172	29.660594940185547	
220.1303253173828	30.91216468811035	20.90960121154785	28.990280151367188	
220.35543823242188	31.692245483398438	20.601821899414062	29.062602996826172	
221.10110473632812	32.710784912109375	20.451725006103516	28.13608169555664	
221.33767700195312	33.511009216308594	20.309555053710938	27.52272605895996	
222.02896118164062	34.39816665649414	19.489521026611328	27.70064926147461	
222.8999786376953	34.93770217895508	19.02927017211914	27.81509780883789	
223.7268524169922	34.92028045654297	19.225383758544922	27.75008773803711	
224.2113800048828	35.276084899902344	18.917102813720703	27.665287017822266	
224.5590362548828	35.63727569580078	19.26109504699707	27.03860092163086	
224.83938598632812	36.144412994384766	18.851381301879883	27.465442657470703	
225.0072021484375	35.84455490112305	18.56254005432129	28.815181732177734	
224.6776580810547	36.34717559814453	18.972997665405273	28.892871856689453	
224.85977172851562	38.27517318725586	18.658733367919922	29.92095375061035	
225.07217407226562	40.531700134277344	19.392940521240234	30.28301429748535	
225.955810546875	41.78276443481445	19.945772171020508	30.43953514099121	
227.66000366210938	42.417869567871094	20.199308395385742	30.92157554626465	
229.38302612304688	42.661190032958984	20.621444702148438	30.319896697998047	
231.6919403076172	40.58672332763672	21.874019622802734	31.37197494506836	
234.3699493408203	39.340999603271484	22.632978439331055	31.500675201416016	
237.1290740966797	37.88340377807617	22.333280563354492	30.32925033569336	
239.2793426513672	36.802879333496094	21.117603302001953	29.713123321533203	
241.98648071289062	34.812416076660156	21.347759246826172	30.838497161865234	
244.43228149414062	32.884185791015625	20.86412811279297	31.69455909729004	
247.15975952148438	31.053823471069336	20.982412338256836	32.89971160888672	
249.71072387695312	31.010009765625	21.164459228515625	32.00286102294922	
253.21292114257812	30.33731460571289	20.840045928955078	32.16933059692383	
255.02096557617188	29.694467544555664	19.8323917388916	32.2492561340332	
256.68438720703125	29.688617706298828	19.81496810913086	31.37740707397461	
258.1876525878906	29.12542724609375	19.074432373046875	31.28923988342285	
259.58795166015625	28.594097137451172	18.348127365112305	31.279094696044922	
260.53924560546875	27.46311378479004	18.65807342529297	32.114078521728516	
261.39794921875	27.4382381439209	19.01715660095215	31.024410247802734	
261.7877197265625	27.144527435302734	18.814048767089844	30.587682723999023	
261.70684814453125	25.325122833251953	19.562265396118164	32.509254455566406	
261.63018798828125	26.0186824798584	19.4373836517334	32.06035232543945	
261.4803771972656	26.899099349975586	19.545089721679688	31.512582778930664	
261.34722900390625	27.002552032470703	20.19191551208496	32.7148323059082	
261.19708251953125	27.439105987548828	20.528522491455078	33.180198669433594	
260.137939453125	27.12240219116211	21.140071868896484	35.73785400390625	
258.0242614746094	28.139516830444336	22.705028533935547	36.2952995300293	
255.7490692138672	30.116479873657227	22.71649932861328	35.30067443847656	
252.59207153320312	32.499385833740234	23.11111831665039	34.5360107421875	
248.62570190429688	34.15275955200195	24.71843147277832	33.022865295410156	
245.252197265625	34.94782638549805	22.52901268005371	32.08757400512695	
240.89501953125	37.13957595825195	23.400747299194336	29.525182723999023	
236.2445526123047	37.072845458984375	23.909669876098633	29.250011444091797	
231.908935546875	35.9644660949707	22.728317260742188	29.3162899017334	
227.95639038085938	35.17929458618164	21.05514907836914	30.258275985717773	
225.5052947998047	34.9300422668457	21.75136947631836	30.065393447875977	
224.3038787841797	33.615234375	21.096141815185547	30.263042449951172	
223.51229858398438	33.34954071044922	21.137550354003906	29.576614379882812	
222.99575805664062	32.60942840576172	21.61548614501953	29.151111602783203	
222.65841674804688	32.180660247802734	21.516530990600586	28.638626098632812	
222.66549682617188	31.8436222076416	20.99527931213379	28.181137084960938	
222.6778106689453	31.658767700195312	20.638568878173828	28.453155517578125	
223.156494140625	31.439220428466797	20.147851943969727	28.816171646118164	
223.2191925048828	31.423755645751953	19.982603073120117	28.931522369384766	
223.79843139648438	31.378326416015625	20.484249114990234	28.990636825561523	
223.8697052001953	31.177173614501953	20.974063873291016	29.18355369567871	
224.3014373779297	31.263208389282227	20.092849731445312	29.20783042907715	
224.79898071289062	30.74551010131836	20.334341049194336	29.127309799194336	
225.06973266601562	31.032052993774414	21.104028701782227	28.557952880859375	
225.6082000732422	30.991024017333984	20.847484588623047	28.473398208618164	
225.87411499023438	31.180999755859375	20.71881103515625	28.878753662109375	
225.5473175048828	31.00901222229004	21.35509490966797	29.999889373779297	
225.4030303955078	32.551822662353516	21.47193717956543	30.513347625732422	
225.17617797851562	33.667694091796875	21.296600341796875	31.516963958740234	
224.62820434570312	36.23356246948242	21.671920776367188	31.764827728271484	
224.6789093017578	40.53911590576172	21.229162216186523	29.875802993774414	
224.8092803955078	43.7539176940918	20.343151092529297	29.85791015625	
224.51449584960938	47.70086669921875	19.218799591064453	28.147790908813477	
224.5044708251953	50.905845642089844	18.626604080200195	28.252954483032227	
223.6074676513672	55.14393997192383	19.5271053314209	28.550128936767578	
222.72982788085938	58.79667282104492	20.604259490966797	28.31683349609375	
223.38125610351562	62.36370086669922	20.701499938964844	28.496658325195312	
223.60446166992188	63.88228225708008	20.715913772583008	29.12980079650879	
224.22909545898438	65.13117218017578	21.212350845336914	28.700763702392578	
225.4004364013672	65.59555053710938	20.37099266052246	28.91092300415039	
226.10238647460938	64.98789978027344	20.394813537597656	29.254669189453125	
226.7145233154297	65.34760284423828	19.63204574584961	29.160747528076172	
226.1611785888672	65.7847900390625	20.892162322998047	29.996044158935547	
226.31002807617188	66.4327163696289	20.596065521240234	29.622610092163086	
226.3626708984375	65.22518920898438	20.64809799194336	30.23037338256836	
225.76480102539062	64.02934265136719	21.189838409423828	28.254085540771484	
227.0448760986328	60.00139236450195	20.700481414794922	29.894519805908203	
228.3221435546875	56.02734375	21.449142456054688	30.122573852539062	
229.87753295898438	50.99988555908203	21.45077896118164	30.618932723999023	
231.80325317382812	47.206661224365234	21.067785263061523	29.647573471069336	
232.97653198242188	42.779380798339844	21.48612403869629	30.288379669189453	
234.21255493164062	39.99047088623047	20.103689193725586	30.43779945373535	
234.869384765625	38.70000076293945	21.035274505615234	29.809982299804688	
235.09237670898438	37.935218811035156	21.196523666381836	30.593252182006836	
235.52694702148438	37.652217864990234	22.3968505859375	31.432098388671875	
235.06838989257812	38.476436614990234	20.800992965698242	30.843358993530273	
235.36282348632812	38.84461212158203	20.866052627563477	30.792049407958984	
236.10824584960938	38.09161376953125	21.031383514404297	30.634912490844727	
236.77896118164062	37.12928009033203	20.725412368774414	30.312875747680664	
237.17379760742188	36.74147415161133	20.67154312133789	29.56838035583496	
237.61376953125	36.16295623779297	19.476184844970703	29.509899139404297	
237.49331665039062	36.181785583496094	19.080699920654297	29.3681697845459	
237.9112548828125	36.7515869140625	18.65579605102539	28.798974990844727	
237.78451538085938	37.01742935180664	18.52037239074707	28.598018646240234	
238.1378173828125	36.66345977783203	18.74393081665039	28.7070255279541	
238.1114044189453	37.0905876159668	19.271282196044922	27.890254974365234	
237.744140625	36.299468994140625	18.841251373291016	28.303457260131836	
237.9526824951172	36.19626235961914	18.548877716064453	28.051742553710938	
238.42236328125	35.70800018310547	19.028789520263672	27.914676666259766	
238.72000122070312	35.255958557128906	18.70178985595703	27.934528350830078	
239.06765747070312	36.26429748535156	19.320362091064453	26.810455322265625	
239.3158721923828	35.03285217285156	19.00396728515625	28.10574722290039	
239.7935791015625	35.154754638671875	18.600954055786133	27.3931941986084	
240.4546356201172	34.7563362121582	18.642860412597656	28.113357543945312	
238.67703247070312	36.623374938964844	20.048635482788086	27.339115142822266	
241.4226837158203	36.527313232421875	17.99786949157715	27.301843643188477	
243.32131958007812	37.8258171081543	18.0537109375	24.618759155273438	
254.7425079345703	33.68663787841797	18.07400131225586	31.071964263916016	
251.27212524414062	37.656532287597656	18.303653717041016	24.959590911865234	
255.05783081054688	33.9848518371582	17.294044494628906	30.268692016601562	
254.8728790283203	35.06410598754883	18.17818260192871	29.852115631103516	
254.2213134765625	33.795555114746094	18.884092330932617	30.929101943969727	
253.7616424560547	34.235328674316406	17.919071197509766	29.291671752929688	
252.772216796875	33.13676071166992	19.156137466430664	30.1447811126709	
248.01358032226562	36.86859130859375	19.297443389892578	26.31476402282715	
250.3930206298828	33.390838623046875	19.015600204467773	30.55076026916504	
250.12939453125	35.37824249267578	18.78005027770996	30.6682186126709	
249.23873901367188	34.92741394042969	18.447349548339844	29.96042823791504	
248.60067749023438	35.736236572265625	17.38889503479004	28.015884399414062	
249.01132202148438	36.49709701538086	17.379558563232422	27.689239501953125	
249.09451293945312	35.94505310058594	17.78900146484375	28.46578598022461	
246.2757568359375	39.43071365356445	17.510021209716797	23.877361297607422	
248.2942657470703	36.15099334716797	17.368221282958984	27.671615600585938	
248.214599609375	36.33427429199219	16.39250946044922	27.303211212158203	
248.0151824951172	36.0982551574707	16.645645141601562	27.443639755249023	
247.60009765625	37.210201263427734	16.455963134765625	25.813671112060547	
248.075927734375	34.62785720825195	16.69487190246582	27.511489868164062	
247.38931274414062	34.35286331176758	15.845187187194824	27.17185401916504	
247.8886260986328	35.76188659667969	16.015384674072266	27.097326278686523	
246.82138061523438	36.39412307739258	16.36843490600586	26.715871810913086	
245.8505859375	37.42693328857422	16.660690307617188	25.897235870361328	
237.45361328125	39.80295181274414	17.020015716552734	23.20916175842285	
239.7210693359375	38.53896713256836	17.183334350585938	26.35709571838379	
237.0660400390625	37.955467224121094	18.78104591369629	26.982669830322266	
234.2135009765625	37.216888427734375	18.99273109436035	27.25662612915039	
232.7176971435547	36.4346923828125	18.747528076171875	27.255359649658203	
231.5919647216797	36.029518127441406	18.87103843688965	27.87994384765625	
230.30392456054688	35.53081512451172	19.638057708740234	27.702449798583984	
229.7408905029297	35.06781768798828	18.713001251220703	26.746633529663086	
229.1681671142578	34.9319953918457	18.187864303588867	25.9293155670166	
229.09719848632812	35.10651779174805	18.210208892822266	25.09942054748535	
229.181640625	33.188995361328125	17.87461280822754	24.779348373413086	
229.6315155029297	32.8859748840332	18.59518814086914	24.531023025512695	
225.9861297607422	32.78742599487305	20.2254581451416	27.580230712890625	
230.2843780517578	32.53881072998047	17.68071746826172	25.460735321044922	
229.9134979248047	33.125728607177734	17.585086822509766	24.26947021484375	
230.3653106689453	32.496009826660156	18.23942756652832	24.898887634277344	
230.2533721923828	32.42207336425781	18.193954467773438	24.39410972595215	
230.13720703125	32.719120025634766	17.63577651977539	24.86530303955078	
230.151123046875	32.50934600830078	17.852088928222656	24.721355438232422	
230.5709991455078	33.018951416015625	18.17586326599121	24.549320220947266	
231.4993896484375	32.778663635253906	18.601194381713867	25.346832275390625	
232.4720001220703	34.44035720825195	19.326351165771484	24.806093215942383	
234.13015747070312	34.62079620361328	20.04819679260254	24.820507049560547	
237.0543670654297	33.601261138916016	20.904752731323242	26.7080020904541	
238.3189697265625	33.26084518432617	21.035985946655273	27.033334732055664	
239.2826690673828	34.666748046875	21.856990814208984	29.805044174194336	
243.4351348876953	33.20759201049805	22.02310562133789	28.126956939697266	
243.690185546875	32.90764236450195	22.67926788330078	27.405359268188477	
245.45263671875	32.95151138305664	23.024072647094727	28.15376853942871	
246.0294952392578	32.876991271972656	24.048202514648438	28.942590713500977	
245.78976440429688	32.66730499267578	24.719017028808594	29.028146743774414	
245.89071655273438	32.92338943481445	24.450550079345703	28.944229125976562	
245.34500122070312	32.87902069091797	24.957653045654297	29.053024291992188	
245.2455596923828	33.10724639892578	25.337215423583984	29.133169174194336	
244.89950561523438	32.695228576660156	25.236282348632812	29.9674129486084	
245.93399047851562	33.854942321777344	24.461849212646484	29.397411346435547	
243.65042114257812	33.656150817871094	24.97589874267578	29.513891220092773	
243.82763671875	34.021141052246094	24.080669403076172	29.877120971679688	
239.92160034179688	32.995155334472656	25.57513427734375	30.897186279296875	
241.55288696289062	33.7730598449707	23.962726593017578	30.411813735961914	
239.2732696533203	34.17059326171875	24.311939239501953	31.197534561157227	
240.7100067138672	31.790660858154297	28.659000396728516	39.08051300048828	
240.0062255859375	32.97419357299805	23.192190170288086	32.23719787597656	
240.79733276367188	33.05625534057617	23.01482582092285	31.57158851623535	
240.5760498046875	33.67888641357422	22.573833465576172	30.435619354248047	
241.7555694580078	33.570533752441406	21.814970016479492	29.900726318359375	
241.89773559570312	32.85999298095703	22.06845474243164	29.9296875	
243.885986328125	32.19179153442383	21.546737670898438	29.88791847229004	
247.4925537109375	31.394201278686523	21.012548446655273	31.757781982421875	
246.68936157226562	31.613943099975586	20.62247657775879	30.436410903930664	
247.39404296875	31.498510360717773	19.26040267944336	29.050466537475586	
246.69729614257812	32.592811584472656	19.806346893310547	27.926015853881836	
246.89407348632812	32.52977752685547	19.016813278198242	27.344318389892578	
246.2503204345703	32.253292083740234	18.693191528320312	27.488454818725586	
245.9147186279297	31.88010597229004	19.024234771728516	26.928075790405273	
245.8577117919922	31.4068603515625	19.397342681884766	27.50968360900879	
246.76895141601562	31.50307846069336	19.14657211303711	28.033361434936523	
247.1935272216797	31.47555160522461	19.34563446044922	28.24008560180664	
247.81173706054688	31.301822662353516	18.521957397460938	28.246307373046875	
248.08035278320312	31.807804107666016	18.375019073486328	28.25165367126465	
247.43569946289062	31.203018188476562	18.568838119506836	29.277801513671875	
247.3440399169922	32.388771057128906	18.42479133605957	28.047027587890625	
247.6507110595703	32.19904327392578	18.317096710205078	28.701549530029297	
246.73904418945312	33.19459915161133	18.727449417114258	27.92778968811035	
246.8385009765625	32.919189453125	18.35956382751465	27.84161376953125	
247.14901733398438	32.71855163574219	17.866046905517578	28.140832901000977	
247.3469696044922	32.304080963134766	18.42393684387207	27.793365478515625	
247.4912109375	31.751876831054688	17.57455062866211	27.225784301757812	
247.88406372070312	31.756855010986328	17.979440689086914	26.539447784423828	
248.49429321289062	30.836559295654297	18.18982696533203	26.591222763061523	
248.6479949951172	29.622028350830078	18.33704948425293	27.35135269165039	
248.3206024169922	30.23909568786621	18.717561721801758	26.752384185791016	
248.4892120361328	29.537561416625977	19.083513259887695	26.987804412841797	
248.5166778564453	29.750385284423828	18.688953399658203	27.04684066772461	
248.4997100830078	29.19869041442871	18.870695114135742	27.157394409179688	
248.86843872070312	29.84067153930664	18.938373565673828	26.8116397857666	
248.83456420898438	29.422809600830078	18.956096649169922	27.716243743896484	
249.2781524658203	29.766597747802734	18.469205856323242	26.57578468322754	
248.1351776123047	30.0260009765625	18.665546417236328	26.815731048583984	
247.6991424560547	29.816431045532227	19.043140411376953	27.687576293945312	
247.4084014892578	30.197097778320312	19.01791763305664	27.243932723999023	
247.0678253173828	30.308483123779297	19.280834197998047	27.362207412719727	
246.77127075195312	29.94915199279785	19.401533126831055	27.799108505249023	
246.6487274169922	30.056568145751953	19.959177017211914	27.760395050048828	
245.9605255126953	27.727428436279297	20.99421501159668	27.853107452392578	
245.5997772216797	26.570110321044922	20.676464080810547	28.958267211914062	
244.98269653320312	27.648204803466797	19.544008255004883	28.6015567779541	
246.1987762451172	27.78299331665039	19.51632308959961	27.16301918029785	
247.7463836669922	27.9361572265625	19.65048599243164	27.596973419189453	
247.8668975830078	27.43526840209961	19.941953659057617	29.59872817993164	
247.40847778320312	27.706111907958984	20.58142852783203	30.176280975341797	
247.59939575195312	27.488452911376953	21.57320785522461	30.01631736755371	
247.74832153320312	26.869237899780273	21.58372688293457	30.343746185302734	
247.6959991455078	26.652944564819336	21.731529235839844	30.715988159179688	
247.07656860351562	26.56723403930664	20.461246490478516	29.6329345703125	
245.9194793701172	26.36031150817871	19.77646255493164	28.701427459716797	
244.7169189453125	26.898279190063477	19.014217376708984	27.400243759155273	
243.6350555419922	27.26717758178711	19.55582046508789	27.754114151000977	
243.6442108154297	26.001235961914062	20.052806854248047	28.930984497070312	
244.49331665039062	23.56588363647461	21.334129333496094	30.00592613220215	
244.5873565673828	21.971296310424805	19.61687660217285	28.724252700805664	
246.0708465576172	19.975940704345703	20.378726959228516	28.92392921447754	
247.44277954101562	17.842655181884766	19.703983306884766	29.553064346313477	
248.7453155517578	14.410127639770508	19.484758377075195	30.62240219116211	
249.5418701171875	13.362113952636719	18.627052307128906	29.053308486938477	
250.4347381591797	11.412734031677246	18.807647705078125	28.239063262939453	
250.7308807373047	9.315613746643066	19.473453521728516	28.799026489257812	
250.97854614257812	8.425222396850586	19.967432022094727	28.806381225585938	
255.39706420898438	6.389159202575684	23.721757888793945	35.637855529785156	
256.37493896484375	8.62466812133789	23.719261169433594	35.660125732421875	
256.69696044921875	5.877610206604004	26.15878677368164	37.55331802368164	
256.178466796875	6.210310459136963	25.166467666625977	37.69757843017578	
254.59072875976562	7.263426303863525	23.986980438232422	36.44795608520508	
251.5318603515625	8.6312255859375	22.942699432373047	32.06421661376953	
251.54556274414062	6.706582069396973	22.913925170898438	32.61003875732422	
250.58895874023438	6.15681266784668	21.59855842590332	32.690521240234375	
250.518310546875	6.220077037811279	21.609975814819336	33.184837341308594	
248.9579315185547	6.1443095207214355	21.413532257080078	33.082862854003906	
243.8642578125	8.330045700073242	27.326953887939453	37.264102935791016	
249.35549926757812	9.754087448120117	20.289016723632812	32.02982711791992	
249.17117309570312	10.579804420471191	20.323490142822266	31.949337005615234	
250.3833465576172	11.77495002746582	20.306840896606445	32.461360931396484	
248.5263671875	10.876965522766113	21.102802276611328	32.37590408325195	
247.384033203125	12.65944766998291	20.51409912109375	31.183374404907227	
245.8424530029297	11.826883316040039	20.761905670166016	32.176544189453125	
245.835693359375	10.965008735656738	21.0482120513916	32.235572814941406	
244.3723907470703	11.812167167663574	20.826505661010742	31.865591049194336	
243.57138061523438	14.894182205200195	23.113323211669922	30.990692138671875	
241.8887939453125	17.89352798461914	22.76913833618164	31.031646728515625	
239.4415283203125	18.691171646118164	23.293277740478516	32.76847457885742	
239.6463623046875	22.930828094482422	23.571292877197266	31.555599212646484	
238.86880493164062	27.043865203857422	23.66217613220215	29.889820098876953	
237.5563201904297	27.65694236755371	24.248483657836914	30.50541114807129	
237.12094116210938	28.80508041381836	24.00048065185547	30.737384796142578	
235.4107666015625	28.604711532592773	24.862869262695312	30.9368953704834	
235.8701171875	30.135122299194336	24.746135711669922	31.882644653320312	
235.2199249267578	28.68671226501465	25.60292625427246	32.16359329223633	
234.9159698486328	26.925525665283203	25.713748931884766	33.15287399291992	
234.93655395507812	26.365036010742188	25.24947738647461	33.5713005065918	
237.3321533203125	29.15035057067871	24.718530654907227	33.15984344482422	
238.06201171875	29.029733657836914	24.30542755126953	33.625526428222656	
239.0546112060547	31.50750160217285	23.23663902282715	33.23029708862305	
237.85543823242188	30.410762786865234	24.001489639282227	33.717777252197266	
238.03109741210938	28.869970321655273	25.173992156982422	36.35280227661133	
237.8839111328125	32.28654098510742	24.403562545776367	36.435340881347656	
236.85147094726562	34.50767517089844	24.149377822875977	36.08338165283203	
237.1857452392578	35.488826751708984	24.34494400024414	37.95622634887695	
236.961669921875	36.956146240234375	24.80689811706543	36.357322692871094	
237.22958374023438	34.24876403808594	23.811161041259766	37.886009216308594	
