61.0	32.0	11.0	35.0	
61.455284118652344	31.586528778076172	10.40481948852539	36.07063293457031	
62.298439025878906	31.824146270751953	10.271184921264648	36.677188873291016	
63.00714111328125	32.18040084838867	10.182024002075195	37.26422882080078	
63.60831832885742	31.986501693725586	10.44868278503418	38.684120178222656	
63.951576232910156	30.119253158569336	11.454170227050781	40.0013427734375	
65.1932373046875	29.796274185180664	10.785294532775879	39.89934539794922	
65.423828125	28.699199676513672	10.847799301147461	42.40604019165039	
66.35148620605469	29.109426498413086	10.991582870483398	37.971431732177734	
66.9865493774414	29.21652603149414	11.46308422088623	37.46935272216797	
67.65049743652344	28.49185562133789	11.784703254699707	39.58373260498047	
68.34590911865234	29.391530990600586	12.170552253723145	37.21852493286133	
69.23920440673828	30.046894073486328	12.103277206420898	37.1478157043457	
70.38938903808594	29.323434829711914	12.25712776184082	39.40822982788086	
71.74299621582031	29.423583984375	12.546632766723633	40.95780563354492	
72.60282897949219	29.266794204711914	11.831830024719238	42.149471282958984	
73.58905029296875	29.0173282623291	11.167699813842773	41.135902404785156	
74.54878234863281	29.833415985107422	10.254124641418457	40.77656936645508	
75.56099700927734	29.623455047607422	10.809532165527344	40.24742889404297	
77.87339782714844	29.985198974609375	11.275930404663086	42.90178680419922	
78.00163269042969	30.948678970336914	11.909191131591797	43.9929084777832	
78.03983306884766	29.36759376525879	11.68974494934082	47.52705001831055	
78.12418365478516	31.074787139892578	11.877039909362793	44.5045166015625	
78.40703582763672	32.95603942871094	11.954960823059082	41.80540084838867	
78.37651062011719	32.1994514465332	12.129491806030273	42.766536712646484	
79.09423828125	33.678001403808594	11.790448188781738	39.245384216308594	
80.6494140625	33.10417556762695	11.21830940246582	38.46820831298828	
81.37028503417969	34.25335693359375	11.523585319519043	39.55945587158203	
81.935302734375	35.91007614135742	11.416492462158203	40.21464157104492	
82.76240539550781	36.38762664794922	12.079227447509766	38.57509231567383	
83.64863586425781	37.17148971557617	11.700876235961914	36.7963752746582	
85.54541015625	35.35692596435547	11.870750427246094	37.54555130004883	
86.09043884277344	33.51020050048828	12.791155815124512	39.7914924621582	
87.05873107910156	34.33445739746094	12.788200378417969	39.787845611572266	
88.62120056152344	30.309574127197266	12.457590103149414	42.916717529296875	
89.3592758178711	30.397634506225586	13.18785572052002	44.15971374511719	
90.61339569091797	30.540578842163086	12.925890922546387	44.309104919433594	
90.80447387695312	30.952007293701172	13.385891914367676	42.60847473144531	
91.69722747802734	33.651771545410156	14.56660270690918	41.578147888183594	
93.32472229003906	31.977230072021484	13.35719108581543	43.68452072143555	
94.34132385253906	31.272045135498047	13.781774520874023	45.07882308959961	
96.19335174560547	33.068519592285156	13.779009819030762	45.47473907470703	
97.080322265625	31.607219696044922	13.47667407989502	47.26587677001953	
97.27123260498047	32.47348403930664	14.287694931030273	45.67219161987305	
99.05772399902344	34.68989944458008	13.708537101745605	42.47257995605469	
98.91705322265625	31.35822105407715	14.901418685913086	44.06258010864258	
98.7628173828125	30.028457641601562	16.139053344726562	45.12427520751953	
100.32500457763672	30.4437313079834	15.677044868469238	44.928794860839844	
102.27437591552734	34.22073745727539	14.754252433776855	43.97822952270508	
102.59370422363281	33.87404251098633	15.430668830871582	45.33918380737305	
102.65328216552734	31.2681827545166	15.933245658874512	45.92781066894531	
103.18526458740234	32.478797912597656	15.748868942260742	44.190433502197266	
103.9571304321289	36.02115249633789	14.848437309265137	42.207130432128906	
105.88818359375	36.24199676513672	12.450140953063965	39.61407470703125	
105.62178802490234	36.17124557495117	14.459386825561523	41.107757568359375	
106.8117446899414	35.158485412597656	14.263957023620605	43.37501525878906	
107.46395111083984	39.79191207885742	11.94147777557373	37.995601654052734	
107.95235443115234	35.652652740478516	14.737960815429688	44.80195999145508	
108.0821533203125	32.85462188720703	15.72746467590332	48.018272399902344	
108.44389343261719	40.404876708984375	13.135467529296875	41.79465866088867	
109.1715316772461	34.937225341796875	15.377461433410645	45.05558395385742	
111.0440673828125	32.952823638916016	15.74714469909668	44.393882751464844	
111.8884506225586	33.10565948486328	15.442298889160156	43.66783905029297	
114.66090393066406	36.60929489135742	12.65697193145752	40.27217102050781	
114.56190490722656	35.23302459716797	13.944128036499023	42.007694244384766	
116.3416748046875	35.411598205566406	13.69157600402832	41.76758575439453	
117.60041809082031	33.93871307373047	13.561635971069336	41.26465606689453	
118.8711166381836	33.22776794433594	13.833651542663574	42.423377990722656	
119.85194396972656	32.39511489868164	14.11543083190918	42.313228607177734	
120.84134674072266	40.302337646484375	14.442438125610352	37.78949737548828	
121.93841552734375	40.84086227416992	13.310422897338867	36.561744689941406	
122.799560546875	39.30076217651367	12.639276504516602	35.94594955444336	
123.43045806884766	38.87605285644531	12.117457389831543	36.07224655151367	
123.92716979980469	38.19928741455078	12.317731857299805	36.21307373046875	
124.39228820800781	36.866119384765625	12.647600173950195	38.34602737426758	
125.05228424072266	38.39046096801758	12.592103004455566	37.247413635253906	
125.53287506103516	40.57951736450195	12.964071273803711	35.249046325683594	
126.3840103149414	40.43790817260742	13.003412246704102	35.06409454345703	
127.3320083618164	39.710994720458984	13.145692825317383	36.528343200683594	
128.0145721435547	37.48502731323242	13.904577255249023	38.35968780517578	
129.64097595214844	36.669105529785156	12.900236129760742	38.12676239013672	
130.03012084960938	35.88359451293945	13.795984268188477	38.628055572509766	
131.6291961669922	37.009429931640625	13.175369262695312	39.995208740234375	
133.62753295898438	41.79035186767578	12.749771118164062	39.50141906738281	
134.45950317382812	40.380584716796875	12.296223640441895	40.13774490356445	
134.8880157470703	41.3730354309082	12.6488037109375	38.80172348022461	
135.58871459960938	36.93666458129883	12.813879013061523	38.755096435546875	
135.97659301757812	38.78864669799805	12.322339057922363	37.92479705810547	
136.774658203125	40.16312026977539	12.06944465637207	38.40757751464844	
138.5696258544922	37.68330001831055	11.540834426879883	40.331565856933594	
138.95941162109375	33.7850456237793	11.781534194946289	44.05079650878906	
139.43362426757812	33.385066986083984	11.834589004516602	43.87871551513672	
140.45884704589844	33.75856399536133	12.210107803344727	43.713714599609375	
140.73980712890625	36.78688049316406	12.656041145324707	42.72932815551758	
142.95021057128906	39.34549331665039	13.15977668762207	41.676368713378906	
143.5969696044922	38.593994140625	13.120182991027832	41.77349090576172	
143.93765258789062	36.972412109375	13.293932914733887	42.14878463745117	
144.45713806152344	37.83063507080078	13.505531311035156	41.96635818481445	
145.038330078125	40.141845703125	13.331047058105469	41.24714660644531	
145.48590087890625	40.44353103637695	13.453460693359375	40.502952575683594	
146.49012756347656	39.09476852416992	13.3067626953125	41.83574676513672	
147.156005859375	38.0191535949707	13.602557182312012	42.603782653808594	
147.99591064453125	37.63762283325195	13.585639953613281	39.890323638916016	
148.68826293945312	37.676326751708984	13.426432609558105	39.03146743774414	
149.69711303710938	36.40562057495117	13.366556167602539	41.05836868286133	
150.52883911132812	36.252708435058594	13.570266723632812	43.07133865356445	
151.81423950195312	36.622314453125	13.575614929199219	43.281715393066406	
153.41619873046875	37.91532516479492	12.393553733825684	42.57356643676758	
154.79254150390625	40.828399658203125	11.695837020874023	40.55678176879883	
156.1680145263672	40.30912780761719	12.00102424621582	38.18506622314453	
156.4110107421875	38.29924011230469	11.975923538208008	46.1938591003418	
157.32565307617188	39.524314880371094	12.258630752563477	43.47615432739258	
157.73037719726562	37.14762496948242	12.21291446685791	44.070091247558594	
158.57595825195312	39.731101989746094	12.314115524291992	42.45012664794922	
158.77792358398438	39.985313415527344	11.983497619628906	41.67090606689453	
159.25172424316406	40.499969482421875	12.83995532989502	41.2743034362793	
160.28311157226562	40.37309646606445	13.413137435913086	40.90193176269531	
160.6904754638672	38.5788688659668	13.402216911315918	42.58151626586914	
161.54234313964844	38.79167556762695	13.27819538116455	42.83051681518555	
161.88980102539062	37.82166290283203	14.062973022460938	44.30934143066406	
162.77035522460938	37.34477996826172	14.456323623657227	44.8551025390625	
163.03018188476562	36.96352767944336	14.339162826538086	45.72948455810547	
162.8737030029297	37.48554992675781	14.040064811706543	45.71979522705078	
163.12966918945312	36.58898162841797	13.709541320800781	46.5748405456543	
163.2722930908203	36.1903190612793	13.582672119140625	47.00486755371094	
163.5943145751953	36.030174255371094	13.684944152832031	47.151222229003906	
163.6527557373047	40.01935958862305	12.9269437789917	41.13117218017578	
163.55055236816406	37.70171356201172	13.267849922180176	46.58272171020508	
163.12075805664062	37.4383659362793	13.559167861938477	46.91499710083008	
163.32351684570312	37.93659591674805	14.217991828918457	47.92495346069336	
163.460693359375	39.27092742919922	13.92310619354248	46.48057556152344	
163.26365661621094	40.206790924072266	13.136024475097656	45.655433654785156	
163.0624542236328	40.43329620361328	13.754852294921875	44.36880874633789	
163.03182983398438	41.31273651123047	13.329458236694336	43.43097686767578	
163.13502502441406	41.86935043334961	13.130358695983887	42.79758071899414	
163.08763122558594	42.614845275878906	13.082003593444824	42.54911422729492	
162.86251831054688	41.725982666015625	13.024737358093262	41.919307708740234	
162.5643768310547	39.96541213989258	12.651619911193848	42.561588287353516	
161.9754638671875	40.33317947387695	12.981290817260742	41.95096206665039	
161.38174438476562	42.108726501464844	13.320005416870117	41.0516471862793	
161.02383422851562	38.45943069458008	12.711763381958008	43.57822036743164	
160.06517028808594	38.11203384399414	13.15101432800293	43.517616271972656	
159.41220092773438	37.727134704589844	14.248265266418457	43.91435241699219	
158.63796997070312	38.629093170166016	14.286943435668945	42.60663604736328	
158.05198669433594	38.084312438964844	14.413612365722656	42.916038513183594	
156.0171356201172	38.547698974609375	13.325116157531738	42.65371322631836	
155.65675354003906	37.38136291503906	12.802233695983887	44.70436477661133	
154.729736328125	37.84540557861328	12.01829719543457	43.370849609375	
153.82171630859375	39.588623046875	11.669641494750977	43.6416015625	
153.2032928466797	38.961769104003906	11.7095947265625	42.18474197387695	
151.30845642089844	37.90729904174805	12.835003852844238	41.5380859375	
150.6710205078125	37.772483825683594	12.446474075317383	41.11921310424805	
149.3037872314453	38.392093658447266	13.384791374206543	41.366146087646484	
148.39845275878906	40.518592834472656	13.976900100708008	40.02320861816406	
148.01492309570312	41.05961990356445	14.307754516601562	38.43996047973633	
147.25778198242188	39.12636947631836	14.64623737335205	40.14403533935547	
146.49298095703125	37.8834228515625	14.724462509155273	39.462867736816406	
145.19406127929688	38.936546325683594	14.774327278137207	39.30842971801758	
144.1228485107422	40.38507843017578	15.318136215209961	40.64018630981445	
144.02444458007812	38.70819854736328	14.135305404663086	43.045249938964844	
143.33560180664062	36.165077209472656	13.839441299438477	42.73600769042969	
142.06442260742188	36.12859344482422	14.880683898925781	46.10551071166992	
140.87283325195312	36.82640838623047	14.096219062805176	46.67425537109375	
139.7767791748047	36.04933547973633	13.287721633911133	47.97847366333008	
138.97512817382812	32.71979522705078	13.924324035644531	48.115516662597656	
138.05323791503906	32.67863845825195	13.936433792114258	48.198909759521484	
137.88851928710938	31.15663719177246	13.843304634094238	49.09192657470703	
137.35789489746094	31.077678680419922	13.840690612792969	48.4908561706543	
136.0388946533203	33.44721603393555	14.586912155151367	44.478294372558594	
134.79702758789062	32.48114013671875	15.26237678527832	44.202640533447266	
134.0415496826172	32.35672378540039	15.50133228302002	45.096824645996094	
133.5565185546875	33.42795944213867	15.887954711914062	45.72144317626953	
131.21780395507812	32.09218978881836	15.787753105163574	46.266685485839844	
129.55947875976562	32.782310485839844	15.420225143432617	44.64449691772461	
127.68446350097656	33.166969299316406	15.591888427734375	45.874019622802734	
127.0128402709961	32.779335021972656	15.457364082336426	47.40196228027344	
125.54251861572266	33.44134521484375	16.163593292236328	45.54210662841797	
124.8427505493164	30.508419036865234	16.67671775817871	47.020652770996094	
123.9991455078125	30.847774505615234	16.466949462890625	46.50231170654297	
123.12318420410156	32.149295806884766	16.017345428466797	44.32658004760742	
122.55416107177734	36.0742301940918	14.745447158813477	41.92012023925781	
121.7786636352539	34.016334533691406	15.29358959197998	42.145668029785156	
121.32102966308594	33.382198333740234	15.487190246582031	42.71675491333008	
120.33833312988281	31.935420989990234	15.944354057312012	44.941532135009766	
119.7366714477539	31.974300384521484	16.353015899658203	44.71099090576172	
118.7484130859375	29.575769424438477	16.078514099121094	45.654296875	
118.30130767822266	27.80014991760254	16.464309692382812	46.141780853271484	
115.5490493774414	32.70734405517578	15.630746841430664	44.40113067626953	
114.99720764160156	31.673181533813477	15.727412223815918	45.99230194091797	
112.84310150146484	31.977535247802734	16.516218185424805	46.099609375	
111.76107025146484	33.337059020996094	14.169445991516113	45.084598541259766	
109.63802337646484	29.416179656982422	17.110660552978516	47.860191345214844	
109.9489974975586	28.516544342041016	16.510549545288086	50.72669219970703	
109.7623291015625	28.958541870117188	16.16740608215332	49.47956085205078	
108.77653503417969	27.690908432006836	16.71774673461914	51.388954162597656	
106.73680114746094	30.256603240966797	16.973556518554688	51.03022003173828	
106.37785339355469	30.194576263427734	16.553190231323242	51.05120849609375	
104.91426086425781	33.840877532958984	16.83884048461914	49.42706298828125	
104.1335678100586	34.831581115722656	16.070281982421875	46.69720458984375	
103.91866302490234	34.37005615234375	15.126829147338867	47.859275817871094	
103.2493896484375	34.086463928222656	16.047697067260742	48.27445983886719	
102.7650146484375	36.40902328491211	16.003631591796875	47.96722412109375	
100.78738403320312	31.265522003173828	15.499311447143555	45.18547821044922	
100.70307159423828	32.10302734375	15.218162536621094	45.321144104003906	
99.46101379394531	32.083534240722656	15.832571029663086	46.20689392089844	
98.20631408691406	32.04912567138672	16.207164764404297	44.784664154052734	
98.03944396972656	33.19438934326172	15.698132514953613	43.06568908691406	
97.02796936035156	33.30112075805664	15.436117172241211	42.19490432739258	
96.08863830566406	33.55091094970703	15.143884658813477	42.194183349609375	
95.07525634765625	35.554115295410156	13.888593673706055	38.37855529785156	
94.34474182128906	36.02020263671875	13.37109661102295	37.91880416870117	
93.33671569824219	34.76442337036133	12.1326265335083	38.89005661010742	
92.69931030273438	34.44984436035156	12.57005786895752	39.55963134765625	
91.42305755615234	37.244789123535156	11.402542114257812	38.47060012817383	
90.06440734863281	36.474327087402344	11.737177848815918	39.22301483154297	
88.8893051147461	35.530242919921875	11.974464416503906	41.01665496826172	
88.92100524902344	33.40288543701172	12.094414710998535	40.12879180908203	
87.51428985595703	32.948551177978516	12.961957931518555	39.858741760253906	
87.20035552978516	34.735313415527344	12.415475845336914	37.60747146606445	
86.24468994140625	34.750579833984375	12.701565742492676	35.43964385986328	
84.91737365722656	34.12334442138672	12.987881660461426	35.98975372314453	
83.37962341308594	32.93292999267578	13.054766654968262	38.1409797668457	
82.54402160644531	31.915111541748047	12.269025802612305	40.544898986816406	
81.57763671875	32.05027389526367	11.330387115478516	41.45730972290039	
79.89168548583984	35.585121154785156	12.043741226196289	39.367469787597656	
77.9306640625	35.00165557861328	11.975446701049805	42.09551239013672	
77.37373352050781	34.80384063720703	12.723691940307617	44.70369338989258	
77.58622741699219	31.605886459350586	12.021944999694824	47.26854705810547	
77.94429016113281	29.633174896240234	11.212394714355469	44.42469024658203	
77.66284942626953	30.064258575439453	11.748675346374512	41.221961975097656	
77.3580551147461	27.06801414489746	12.39322280883789	41.92051696777344	
75.40239715576172	27.42350196838379	10.833781242370605	40.84013748168945	
74.44620513916016	27.713207244873047	11.19296932220459	39.602272033691406	
73.14370727539062	28.62982749938965	12.121068954467773	40.55316925048828	
72.49046325683594	29.541622161865234	12.221748352050781	40.199337005615234	
71.07359313964844	31.11407470703125	12.487195014953613	37.95631408691406	
69.55406188964844	30.640613555908203	12.446742057800293	37.529090881347656	
68.72920989990234	31.902746200561523	10.234528541564941	35.495338439941406	
67.26776885986328	31.56439781188965	10.377312660217285	38.91584014892578	
66.17826080322266	31.485071182250977	10.909751892089844	38.00787353515625	
64.9195556640625	31.416240692138672	11.337340354919434	38.59674072265625	
64.60034942626953	30.955570220947266	10.49091911315918	40.08485794067383	
64.60152435302734	29.039714813232422	9.995879173278809	38.965087890625	
63.796783447265625	29.318370819091797	10.418599128723145	37.73603057861328	
62.4174919128418	29.263097763061523	11.436418533325195	37.1925048828125	
61.077476501464844	29.13995361328125	12.263907432556152	35.269676208496094	
59.71828079223633	28.876596450805664	12.918840408325195	35.01154327392578	
58.6446647644043	29.731121063232422	12.839625358581543	34.19915771484375	
57.52513885498047	29.234867095947266	12.756254196166992	35.069400787353516	
56.7840690612793	29.523096084594727	11.965049743652344	34.37697219848633	
55.3989143371582	29.216421127319336	11.375344276428223	37.27143859863281	
54.5895881652832	30.140819549560547	11.009267807006836	36.575408935546875	
53.66936111450195	30.879013061523438	10.287026405334473	36.58977508544922	
53.05987548828125	28.953704833984375	9.851759910583496	37.469688415527344	
52.24613571166992	29.00215721130371	9.887328147888184	36.89043426513672	
50.81099319458008	29.79279136657715	11.123395919799805	37.59110641479492	
50.30906295776367	30.261001586914062	11.096341133117676	37.1406364440918	
50.14170455932617	28.530651092529297	11.083106994628906	37.45770263671875	
49.104835510253906	29.797195434570312	11.469388961791992	33.66635513305664	
48.409637451171875	29.767004013061523	11.01231575012207	32.924537658691406	
47.430145263671875	27.683818817138672	11.300910949707031	34.79262161254883	
46.176876068115234	28.541418075561523	10.947361946105957	33.731346130371094	
45.17466354370117	28.748504638671875	10.90749454498291	33.47895431518555	
43.8675537109375	30.867984771728516	10.966550827026367	31.960968017578125	
42.49695587158203	32.2717399597168	10.700420379638672	34.21268844604492	
41.76505661010742	30.256732940673828	11.373538970947266	34.930965423583984	
40.481727600097656	29.77646255493164	11.905516624450684	36.10182189941406	
40.08139419555664	27.864559173583984	11.340972900390625	38.27994155883789	
40.58562469482422	26.53656578063965	10.342616081237793	36.924949645996094	
39.889801025390625	25.692394256591797	10.889947891235352	37.34114074707031	
39.1632080078125	26.230823516845703	11.369739532470703	36.992252349853516	
38.053531646728516	26.29465103149414	11.933725357055664	35.98365020751953	
36.821739196777344	26.655162811279297	12.152392387390137	35.050331115722656	
35.64873504638672	25.893665313720703	13.019993782043457	36.65967559814453	
34.33757781982422	25.781192779541016	13.077598571777344	36.36931610107422	
33.23809051513672	25.874197006225586	12.931783676147461	36.69776153564453	
32.377967834472656	25.799667358398438	12.858566284179688	37.976524353027344	
31.508258819580078	28.108585357666016	12.203341484069824	36.39310073852539	
30.353759765625	31.310596466064453	11.76439380645752	33.48664474487305	
30.063610076904297	29.220895767211914	11.214256286621094	34.43947219848633	
29.79776954650879	29.951919555664062	10.974345207214355	33.483367919921875	
29.0591983795166	29.376941680908203	11.410441398620605	34.33216857910156	
27.916595458984375	31.378686904907227	12.162111282348633	32.754478454589844	
27.723072052001953	29.648330688476562	12.344943046569824	32.68901062011719	
26.76804542541504	29.73872947692871	13.221455574035645	31.245452880859375	
26.798473358154297	29.51815414428711	13.015446662902832	31.17136001586914	
27.364055633544922	29.415624618530273	12.248087882995605	31.48516273498535	
27.076812744140625	29.415319442749023	12.278006553649902	30.218008041381836	
27.14606285095215	29.719924926757812	11.692893981933594	29.414947509765625	
27.619775772094727	30.048969268798828	10.934279441833496	29.70052146911621	
27.16301918029785	28.201496124267578	11.100088119506836	32.27867889404297	
25.92739486694336	28.00765037536621	11.727688789367676	32.724220275878906	
26.043701171875	27.211645126342773	11.40555477142334	34.77960968017578	
25.357824325561523	25.842906951904297	12.125303268432617	36.025856018066406	
24.94296646118164	24.154422760009766	12.719368934631348	38.046634674072266	
25.12863540649414	24.96532440185547	12.525323867797852	37.04042053222656	
25.113140106201172	26.06631088256836	12.32574462890625	36.060367584228516	
24.58230209350586	24.982982635498047	12.828435897827148	37.850074768066406	
24.285417556762695	27.399127960205078	12.85254192352295	35.85561752319336	
24.376598358154297	28.339462280273438	12.741434097290039	35.06841278076172	
24.31385040283203	28.53377914428711	12.950796127319336	35.75856399536133	
24.453990936279297	29.93381118774414	12.525007247924805	34.26822280883789	
24.34227180480957	30.91129493713379	12.608172416687012	32.920780181884766	
24.639705657958984	31.234081268310547	12.753135681152344	32.694618225097656	
25.4514217376709	30.017602920532227	12.44130802154541	33.381038665771484	
26.08432960510254	30.08913230895996	11.932538986206055	31.878734588623047	
27.50396728515625	28.95993423461914	10.937261581420898	31.766376495361328	
28.436038970947266	27.06304359436035	10.777536392211914	33.91484451293945	
28.72977066040039	27.651927947998047	10.643819808959961	33.30100631713867	
28.997867584228516	27.740436553955078	10.455770492553711	35.12630081176758	
29.3289852142334	28.391590118408203	10.524904251098633	35.24774169921875	
29.613391876220703	27.085891723632812	10.972004890441895	36.73093032836914	
29.959270477294922	27.89605712890625	11.186419486999512	34.74054718017578	
30.725753784179688	28.323535919189453	10.930706024169922	34.077537536621094	
31.212474822998047	27.81113624572754	11.307971000671387	35.444801330566406	
31.96016502380371	27.623825073242188	11.37559700012207	35.8383903503418	
33.11189651489258	29.209285736083984	10.677885055541992	34.097679138183594	
33.92774200439453	28.176193237304688	10.478586196899414	35.38056945800781	
34.597049713134766	27.288049697875977	10.861183166503906	36.3338737487793	
35.11464309692383	27.189014434814453	10.872289657592773	37.09111785888672	
35.575889587402344	27.57782554626465	11.315709114074707	37.27632522583008	
36.12703323364258	26.660175323486328	11.87390422821045	39.21636199951172	
37.487586975097656	25.87711524963379	10.876373291015625	37.616615295410156	
38.52228546142578	25.669200897216797	10.9578218460083	37.44969177246094	
39.04999923706055	25.151226043701172	11.305560111999512	38.102500915527344	
39.422210693359375	24.968425750732422	11.730246543884277	38.456642150878906	
40.31147003173828	25.937679290771484	11.527603149414062	37.172157287597656	
41.146629333496094	25.714702606201172	12.05607795715332	38.001976013183594	
42.57804489135742	25.218017578125	10.95652961730957	38.90579605102539	
43.12715530395508	24.51789665222168	12.043233871459961	39.820960998535156	
44.165138244628906	24.93072509765625	11.5626220703125	39.297454833984375	
45.13550567626953	27.41107177734375	10.614727973937988	38.287132263183594	
45.939239501953125	26.27475357055664	10.611406326293945	40.49158477783203	
46.73400115966797	26.707096099853516	11.204414367675781	39.29283905029297	
47.09745407104492	27.546188354492188	11.658889770507812	37.884132385253906	
48.036075592041016	28.653945922851562	10.814274787902832	36.08689498901367	
48.72184371948242	28.472599029541016	10.880074501037598	37.3036003112793	
50.157081604003906	29.180896759033203	10.37881851196289	36.11199188232422	
50.642730712890625	28.104122161865234	10.545563697814941	36.561119079589844	
51.22930145263672	28.83367347717285	10.676389694213867	34.93617630004883	
52.408790588378906	29.996715545654297	10.947467803955078	33.91992950439453	
53.641212463378906	29.733684539794922	10.449972152709961	34.73073196411133	
54.851524353027344	30.892908096313477	10.521147727966309	34.57090759277344	
55.48454666137695	30.29659652709961	10.76695728302002	36.17914962768555	
56.662452697753906	31.631916046142578	10.255439758300781	34.79512023925781	
57.398094177246094	30.88840675354004	10.746005058288574	36.2159309387207	
58.29180145263672	29.2243709564209	11.113916397094727	38.242889404296875	
58.269020080566406	28.879032135009766	12.37276554107666	39.70450973510742	
59.68267059326172	29.21487808227539	11.258268356323242	36.36528778076172	
61.334571838378906	29.254695892333984	10.941277503967285	37.131065368652344	
61.6889533996582	28.97869873046875	11.583280563354492	37.41575241088867	
62.39494705200195	28.692394256591797	12.011735916137695	36.841453552246094	
63.64099884033203	28.138568878173828	11.834456443786621	37.1285400390625	
64.6997299194336	28.49300765991211	11.985258102416992	36.8365478515625	
65.88579559326172	28.290088653564453	11.769461631774902	37.15983200073242	
66.63954162597656	29.33935546875	12.599981307983398	37.93159103393555	
68.06086730957031	29.3824405670166	11.910360336303711	39.708824157714844	
69.30635070800781	30.680831909179688	11.205660820007324	40.38676834106445	
70.8973617553711	30.319177627563477	11.039186477661133	41.52234649658203	
72.2352294921875	29.203617095947266	11.470622062683105	44.022071838378906	
73.18447875976562	28.892370223999023	10.8926362991333	42.507816314697266	
73.71044921875	29.980819702148438	10.010329246520996	41.70623016357422	
74.351318359375	31.021142959594727	9.69975471496582	39.45061492919922	
74.82058715820312	30.968761444091797	9.46943473815918	39.14457321166992	
75.28040313720703	30.346878051757812	9.735004425048828	41.59746551513672	
77.31688690185547	33.72969055175781	12.196930885314941	40.90348434448242	
77.81915283203125	31.966083526611328	12.449969291687012	43.29399871826172	
78.28482055664062	31.24679183959961	12.295541763305664	43.19896697998047	
78.75535583496094	32.49641036987305	11.640344619750977	41.979061126708984	
79.67105865478516	31.765567779541016	11.395735740661621	40.07331848144531	
80.58772277832031	33.04730987548828	11.185478210449219	40.1677360534668	
81.87975311279297	33.06425857543945	10.848503112792969	41.438175201416016	
82.77326965332031	33.43113327026367	11.663322448730469	40.94038772583008	
83.29927062988281	32.850379943847656	11.951420783996582	43.02635955810547	
85.07530212402344	35.71665573120117	12.565351486206055	34.474300384521484	
86.82585144042969	33.73085021972656	12.428128242492676	37.86793899536133	
87.10611724853516	32.92421340942383	13.317426681518555	40.17168426513672	
88.28288269042969	34.38311004638672	12.775053024291992	37.15229034423828	
89.22877502441406	34.17219924926758	12.995054244995117	37.584415435791016	
90.76165771484375	33.17945098876953	12.75379467010498	39.75695037841797	
91.53977966308594	35.275001525878906	13.054330825805664	37.681190490722656	
93.4945068359375	34.07958984375	12.51793098449707	41.15430450439453	
94.86385345458984	34.879905700683594	11.68238639831543	42.240150451660156	
95.87989807128906	39.00220489501953	11.326884269714355	39.39154815673828	
96.44171905517578	35.81309509277344	12.236536979675293	41.278751373291016	
97.27215576171875	34.40205764770508	12.110397338867188	42.174312591552734	
98.18751525878906	36.21075439453125	12.327214241027832	39.98516082763672	
98.9531021118164	33.17285919189453	13.189921379089355	41.49333572387695	
99.33011627197266	33.34648895263672	13.692087173461914	41.672733306884766	
99.71504211425781	34.361454010009766	14.312446594238281	39.9122200012207	
101.87042236328125	35.18659973144531	13.900609970092773	40.18951416015625	
102.7347640991211	33.51172637939453	14.387616157531738	42.28386688232422	
103.729248046875	35.93882369995117	14.933140754699707	41.442657470703125	
104.2026596069336	34.749366760253906	15.328125	42.13445281982422	
105.6666259765625	34.49047088623047	15.164334297180176	44.32335662841797	
106.26899719238281	34.51019287109375	14.932062149047852	45.6165771484375	
107.0228042602539	34.442955017089844	14.867657661437988	45.93056106567383	
108.19659423828125	35.42961883544922	14.713641166687012	45.82783126831055	
108.27973937988281	33.543365478515625	15.949117660522461	48.08899688720703	
108.60408782958984	31.142486572265625	15.782796859741211	47.680137634277344	
109.01371765136719	29.947229385375977	16.673358917236328	49.18328094482422	
110.44598388671875	29.363601684570312	17.255840301513672	47.543479919433594	
111.57270812988281	32.53085708618164	15.979742050170898	44.654396057128906	
114.05592346191406	33.403045654296875	16.03207778930664	42.821529388427734	
115.76776123046875	30.977306365966797	16.24809455871582	44.6464729309082	
117.431640625	29.161184310913086	16.25515365600586	46.10267639160156	
119.19856262207031	31.274450302124023	15.713350296020508	45.5849494934082	
119.89106750488281	32.67957305908203	16.17082405090332	44.95569610595703	
120.79850006103516	33.966400146484375	15.124859809875488	42.48535919189453	
121.24298095703125	30.935489654541016	15.680715560913086	43.62256622314453	
122.55977630615234	34.53799057006836	15.064127922058105	40.414215087890625	
123.3615493774414	31.038223266601562	15.605752944946289	44.814571380615234	
124.341552734375	35.41254425048828	14.8533353805542	40.42244338989258	
125.36978912353516	33.248966217041016	14.688508987426758	43.99555969238281	
126.12071228027344	35.48880386352539	14.808789253234863	41.412353515625	
126.80790710449219	37.11849594116211	14.849772453308105	40.242130279541016	
128.32518005371094	35.542808532714844	14.34154987335205	38.121952056884766	
131.0124053955078	36.88920974731445	13.27673625946045	36.78812026977539	
131.5974884033203	35.055625915527344	14.502603530883789	39.84598922729492	
134.02102661132812	36.06871795654297	14.283697128295898	42.57636260986328	
134.80093383789062	35.4158935546875	13.88524055480957	44.1303825378418	
135.19776916503906	34.61915969848633	14.318760871887207	44.536624908447266	
137.3870391845703	31.94350242614746	13.392788887023926	47.57600784301758	
138.48422241210938	31.89015769958496	13.520837783813477	46.56744384765625	
138.46163940429688	31.064498901367188	13.123847961425781	45.88671875	
139.19137573242188	30.334558486938477	13.39757251739502	46.64519119262695	
139.71371459960938	32.54471206665039	13.432607650756836	45.07213592529297	
140.40042114257812	34.985374450683594	13.70585823059082	44.38762283325195	
143.07496643066406	36.6263542175293	14.65046215057373	42.49030685424805	
143.9164276123047	36.46873092651367	14.452718734741211	41.77886962890625	
144.6214599609375	39.03110885620117	14.537188529968262	41.24847412109375	
146.4861297607422	37.914085388183594	13.944684028625488	42.395633697509766	
148.1580047607422	35.954200744628906	13.142435073852539	42.129905700683594	
149.2086639404297	37.670387268066406	13.097221374511719	42.905086517333984	
149.8435821533203	37.193878173828125	13.09093952178955	42.995452880859375	
150.83724975585938	36.550010681152344	13.119297981262207	43.06732940673828	
152.4154510498047	38.22738265991211	12.362226486206055	42.21320724487305	
153.913330078125	40.09640121459961	11.62955379486084	41.86487579345703	
155.353515625	41.059288024902344	11.775564193725586	40.773704528808594	
155.78924560546875	39.48137283325195	13.802517890930176	40.08719253540039	
156.50204467773438	38.149192810058594	15.035341262817383	41.26487731933594	
158.10897827148438	38.967491149902344	14.8009614944458	40.616432189941406	
159.569580078125	38.77947235107422	14.792881965637207	42.38801193237305	
160.85498046875	39.82292938232422	14.651517868041992	42.41445541381836	
161.8895263671875	40.98185729980469	14.324972152709961	42.15968322753906	
162.62559509277344	40.39970397949219	14.783782958984375	43.06593322753906	
164.86233520507812	39.741798400878906	12.5175142288208	39.82842254638672	
165.30929565429688	41.23848342895508	13.912185668945312	42.20930099487305	
166.17929077148438	42.371543884277344	13.932136535644531	41.698814392089844	
168.51678466796875	41.895530700683594	13.625616073608398	42.92523193359375	
168.38575744628906	49.78502655029297	14.103281021118164	41.45051193237305	
168.5939178466797	39.195152282714844	14.130459785461426	41.53687286376953	
170.41668701171875	39.05257034301758	14.267745971679688	43.612937927246094	
170.86404418945312	39.013275146484375	14.27294921875	43.64241027832031	
172.68728637695312	42.64399337768555	14.012184143066406	42.69862747192383	
173.134033203125	45.64289093017578	11.677347183227539	37.15515899658203	
170.3493194580078	52.393089294433594	13.214746475219727	37.32027053833008	
173.4056854248047	57.09861373901367	11.126603126525879	35.402793884277344	
178.45716857910156	51.46947479248047	13.601564407348633	39.793800354003906	
182.2507781982422	59.92290496826172	13.176767349243164	38.02260208129883	
182.32432556152344	59.9640007019043	12.874163627624512	37.0462646484375	
183.83627319335938	63.51677703857422	10.955774307250977	34.8592529296875	
182.0345916748047	61.34490966796875	13.060773849487305	36.989933013916016	
182.76376342773438	61.581809997558594	12.429311752319336	36.81210708618164	
182.4032440185547	61.660743713378906	12.315533638000488	36.55408477783203	
182.81871032714844	62.20839309692383	12.33922004699707	36.57383728027344	
183.02552795410156	62.34077835083008	12.15272331237793	36.33071517944336	
183.03330993652344	63.418663024902344	12.11823558807373	36.20111083984375	
182.88314819335938	64.49858093261719	12.473983764648438	36.11858367919922	
183.31663513183594	61.020469665527344	10.272344589233398	32.6847038269043	
184.5313262939453	64.40229034423828	10.033967971801758	31.926233291625977	
184.16390991210938	63.773956298828125	10.154069900512695	32.30837631225586	
178.15982055664062	59.68098068237305	9.906953811645508	31.522098541259766	
180.42617797851562	62.764076232910156	9.796667098999023	31.171188354492188	
182.47354125976562	65.85597229003906	9.824028968811035	31.25824546813965	
178.56875610351562	56.05995559692383	9.636861801147461	30.662710189819336	
182.6478729248047	61.720184326171875	9.428794860839844	30.00067710876465	
182.16677856445312	66.55368041992188	9.711756706237793	30.901010513305664	
179.65455627441406	64.15143585205078	9.620697021484375	30.611276626586914	
177.47189331054688	66.54777526855469	9.26191520690918	29.46969985961914	
182.75491333007812	67.1617431640625	9.149836540222168	29.113088607788086	
179.97589111328125	69.04556274414062	9.10632038116455	28.974624633789062	
181.8599395751953	64.87642669677734	8.983513832092285	28.583877563476562	
179.56680297851562	65.95713806152344	8.81550407409668	28.049301147460938	
182.84164428710938	68.53013610839844	8.65919303894043	27.551950454711914	
182.4134979248047	66.1045150756836	9.030133247375488	28.73221206665039	
185.33212280273438	65.53241729736328	9.171612739562988	29.182373046875	
180.59048461914062	61.13129806518555	9.17390251159668	29.189661026000977	
185.31173706054688	66.4891128540039	9.509504318237305	30.25748634338379	
177.4314422607422	69.18110656738281	9.419105529785156	29.9698543548584	
181.6412811279297	66.78059387207031	9.167196273803711	29.168323516845703	
182.88758850097656	61.84029006958008	9.38153076171875	29.850292205810547	
181.6587371826172	64.1939468383789	9.673540115356445	30.7794132232666	
184.67837524414062	65.20268249511719	10.08222484588623	32.07977294921875	
182.6660919189453	66.4026870727539	9.906071662902832	31.519287109375	
182.4474639892578	65.46702575683594	10.25425910949707	32.62715530395508	
195.76077270507812	56.892295837402344	10.545799255371094	33.55478286743164	
197.1175994873047	57.279151916503906	10.295548439025879	32.7585334777832	
183.664794921875	65.3442153930664	10.248534202575684	32.60894012451172	
184.3217010498047	64.9504623413086	10.27998161315918	32.7089958190918	
182.13333129882812	66.29439544677734	10.319101333618164	32.833465576171875	
184.19168090820312	64.27007293701172	10.062179565429688	32.0159912109375	
181.86453247070312	66.36070251464844	9.815213203430176	31.230188369750977	
182.73329162597656	61.644508361816406	9.841449737548828	31.313669204711914	
184.1176300048828	59.60254669189453	10.047223091125488	31.96840476989746	
180.5825958251953	58.811614990234375	10.067597389221191	32.033226013183594	
181.81759643554688	67.97660827636719	10.164481163024902	32.34149169921875	
181.54258728027344	65.3635482788086	9.877967834472656	31.429859161376953	
184.3732147216797	65.19334411621094	9.856334686279297	31.361026763916016	
184.90420532226562	63.85813522338867	9.817453384399414	31.2373104095459	
182.1510009765625	67.43579864501953	9.958707809448242	31.686758041381836	
179.88128662109375	64.25901794433594	9.635797500610352	30.659317016601562	
182.50790405273438	64.1061782836914	10.052395820617676	31.9848575592041	
181.94906616210938	66.46092987060547	9.739253044128418	30.98849868774414	
180.54273986816406	69.10868072509766	9.428786277770996	30.000652313232422	
177.55140686035156	68.64622497558594	9.51292610168457	30.26837158203125	
179.05722045898438	64.96195983886719	9.603053092956543	30.55514144897461	
182.01406860351562	64.6377944946289	9.524394989013672	30.304866790771484	
184.5005340576172	65.49241638183594	9.230062484741211	29.368358612060547	
179.84088134765625	62.8176155090332	9.802934646606445	31.19112777709961	
177.31675720214844	63.37919235229492	9.869400978088379	31.40260887145996	
180.09852600097656	55.66325759887695	9.703147888183594	30.87362289428711	
177.8561553955078	64.6131362915039	9.693501472473145	30.84292984008789	
176.7262725830078	57.261878967285156	9.726229667663574	30.947067260742188	
180.15750122070312	58.253570556640625	10.052001953125	31.98361587524414	
182.28753662109375	62.36846160888672	9.498270988464355	30.22174644470215	
177.7302703857422	63.8425178527832	9.210494041442871	29.306095123291016	
178.84271240234375	61.42913818359375	9.683993339538574	30.81268310546875	
180.1875762939453	57.86909103393555	9.756654739379883	31.04387855529785	
178.33453369140625	59.780738830566406	9.813203811645508	31.223806381225586	
182.7003173828125	70.796875	9.761404037475586	31.05898666381836	
182.84591674804688	58.42840576171875	10.004764556884766	31.833316802978516	
177.64761352539062	64.07121276855469	10.025738716125488	31.90005111694336	
182.09005737304688	60.61699295043945	10.106035232543945	32.15553665161133	
181.40379333496094	63.91381072998047	9.938480377197266	31.62240982055664	
180.1952362060547	64.59918212890625	9.955160140991211	31.67548179626465	
180.56129455566406	60.11217498779297	10.031295776367188	31.9177303314209	
181.7578582763672	57.09889602661133	9.892224311828613	31.475231170654297	
178.76536560058594	64.83836364746094	9.457698822021484	30.0926513671875	
177.79635620117188	70.36815643310547	9.072293281555176	28.86635971069336	
176.21730041503906	67.94554901123047	8.774165153503418	27.917766571044922	
174.957275390625	65.85894012451172	9.08164119720459	28.896102905273438	
180.65304565429688	61.450439453125	9.372103691101074	29.820302963256836	
176.68373107910156	61.53517532348633	9.341264724731445	29.722179412841797	
177.7493438720703	57.950103759765625	9.446573257446289	30.057254791259766	
176.4219970703125	66.47386169433594	9.01183795928955	28.674007415771484	
178.19964599609375	61.42694854736328	9.06125545501709	28.83124351501465	
182.472412109375	66.39822387695312	9.0489501953125	28.79209327697754	
180.0208282470703	71.60832214355469	9.246114730834961	29.419437408447266	
177.92181396484375	73.76841735839844	9.258269309997559	29.458110809326172	
182.88807678222656	68.8012924194336	9.214893341064453	29.32009506225586	
183.26947021484375	67.78804016113281	9.081040382385254	28.894201278686523	
178.9076690673828	62.651611328125	8.914668083190918	28.36483383178711	
182.52662658691406	69.03949737548828	8.914663314819336	28.364818572998047	
182.9412841796875	69.36936950683594	8.952447891235352	28.485042572021484	
182.7960968017578	65.21752166748047	9.018465042114258	28.695093154907227	
180.65478515625	61.3473014831543	9.381844520568848	29.85129737854004	
178.85179138183594	62.81703567504883	9.30892562866211	29.619281768798828	
180.3178253173828	65.11427307128906	9.571704864501953	30.455394744873047	
181.36666870117188	59.2347526550293	9.487789154052734	30.188390731811523	
182.38502502441406	64.37041473388672	9.750200271606445	31.023326873779297	
185.37754821777344	67.4029312133789	9.308961868286133	29.619384765625	
184.94668579101562	65.62728118896484	9.745256423950195	31.00759506225586	
179.46665954589844	66.85626983642578	9.790730476379395	31.15228271484375	
180.42340087890625	66.55037689208984	9.72369384765625	30.938983917236328	
180.52420043945312	62.39839553833008	9.702810287475586	30.872533798217773	
180.97039794921875	64.60017395019531	9.381978988647461	29.851709365844727	
182.4643096923828	68.05826568603516	9.36216926574707	29.788677215576172	
185.22592163085938	67.48048400878906	9.646688461303711	30.6939640045166	
181.411865234375	58.50225830078125	9.346170425415039	29.73777198791504	
182.7570343017578	62.38677978515625	9.504061698913574	30.240154266357422	
180.07183837890625	66.29782104492188	9.440584182739258	30.03818130493164	
183.37210083007812	67.57257080078125	9.413965225219727	29.9534854888916	
184.67068481445312	64.4305191040039	9.30588436126709	29.60959243774414	
180.65196228027344	70.09888458251953	9.215336799621582	29.321487426757812	
182.18124389648438	68.67684936523438	9.090611457824707	28.924633026123047	
184.71266174316406	64.99107360839844	9.246766090393066	29.42148780822754	
180.51785278320312	61.16099166870117	9.477051734924316	30.154211044311523	
180.40711975097656	61.62041091918945	9.410239219665527	29.941625595092773	
180.34286499023438	63.784400939941406	9.569069862365723	30.446990966796875	
182.3600311279297	61.84465408325195	9.86939525604248	31.402572631835938	
179.97836303710938	66.5213394165039	9.845393180847168	31.326202392578125	
184.2288818359375	67.52313995361328	9.837272644042969	31.300365447998047	
180.06375122070312	64.96863555908203	9.895776748657227	31.48651695251465	
182.29412841796875	64.8200454711914	9.774453163146973	31.100488662719727	
180.0004425048828	58.32288360595703	9.369222640991211	29.811120986938477	
176.2257080078125	54.87604904174805	9.535905838012695	30.341476440429688	
174.916015625	58.137794494628906	9.544856071472168	30.36995506286621	
178.2288055419922	59.94367218017578	9.641302108764648	30.676828384399414	
178.39926147460938	65.00080108642578	9.534782409667969	30.337900161743164	
179.58023071289062	62.822227478027344	9.818124771118164	31.23944091796875	
184.2947235107422	65.032470703125	9.569483757019043	30.448312759399414	
184.66688537597656	64.47115325927734	9.185937881469727	29.227941513061523	
182.74270629882812	62.489418029785156	8.925387382507324	28.3989200592041	
184.7064666748047	61.94573974609375	8.949581146240234	28.475900650024414	
180.09202575683594	68.14109802246094	9.290885925292969	29.56186866760254	
178.0486602783203	65.152587890625	9.031140327453613	28.73540687561035	
176.1984100341797	68.85401153564453	8.719510078430176	27.74385643005371	
182.66091918945312	67.83684539794922	8.294492721557617	26.391529083251953	
175.64381408691406	71.06503295898438	8.309429168701172	26.439056396484375	
175.876708984375	72.01972198486328	8.232956886291504	26.19573402404785	
176.04269409179688	72.78697204589844	7.957546234130859	25.319427490234375	
184.8880157470703	65.00444030761719	8.39270305633545	26.704015731811523	
178.46542358398438	62.93095016479492	8.326148986816406	26.49225425720215	
182.47958374023438	63.37813186645508	8.335824966430664	26.52304458618164	
180.14956665039062	68.2513427734375	8.24400520324707	26.230892181396484	
182.99851989746094	69.85942077636719	8.642916679382324	27.50015640258789	
181.9983673095703	61.03034591674805	8.727038383483887	27.767818450927734	
180.8109893798828	68.93974304199219	8.628887176513672	27.455520629882812	
178.21192932128906	69.48895263671875	8.817991256713867	28.057214736938477	
180.59844970703125	70.60627746582031	8.509164810180664	27.0745849609375	
184.67691040039062	68.22224426269531	8.801040649414062	28.003280639648438	
181.40579223632812	63.39131546020508	8.622010231018066	27.433635711669922	
177.79257202148438	69.83270263671875	8.594133377075195	27.344940185546875	
180.3398895263672	68.88569641113281	8.514086723327637	27.090246200561523	
178.43814086914062	55.346107482910156	8.321977615356445	26.478992462158203	
183.0851593017578	62.21916961669922	8.37952709197998	26.6621036529541	
175.97836303710938	64.27284240722656	8.431487083435059	26.82743263244629	
178.8968048095703	57.40864181518555	8.588197708129883	27.3260555267334	
176.0367431640625	64.0265884399414	8.519338607788086	27.106958389282227	
177.39083862304688	66.93861389160156	8.617533683776855	27.419397354125977	
178.12948608398438	68.47108459472656	8.446000099182129	26.873607635498047	
180.79710388183594	66.3391342163086	8.299460411071777	26.407344818115234	
178.2971954345703	68.68701171875	8.270505905151367	26.31521987915039	
180.3336944580078	68.62906646728516	8.327173233032227	26.495519638061523	
183.6864776611328	67.55208587646484	8.171960830688477	26.001667022705078	
183.18923950195312	68.0137939453125	8.112683296203613	25.813053131103516	
185.42913818359375	67.71345520019531	8.143495559692383	25.911090850830078	
182.65750122070312	68.30751037597656	8.14616870880127	25.91959571838379	
178.12899780273438	70.08979797363281	7.974736213684082	25.374128341674805	
175.9334716796875	72.14070892333984	8.132184982299805	25.87510108947754	
180.94471740722656	67.84230041503906	8.022395133972168	25.525772094726562	
180.63565063476562	69.02137756347656	8.09216594696045	25.747772216796875	
178.39996337890625	69.06260681152344	8.330018043518066	26.504573822021484	
179.5670623779297	72.24659729003906	8.023397445678711	25.528966903686523	
180.27102661132812	71.61309814453125	8.068232536315918	25.6716251373291	
180.99452209472656	67.96204376220703	8.100601196289062	25.774616241455078	
180.5479736328125	70.99222564697266	8.231301307678223	26.190479278564453	
178.5382843017578	63.51523971557617	8.430582046508789	26.824554443359375	
177.0569305419922	63.4672737121582	8.588993072509766	27.328588485717773	
183.1959686279297	62.75519943237305	8.603067398071289	27.373367309570312	
180.93258666992188	66.11891174316406	8.558717727661133	27.232254028320312	
180.42697143554688	67.52554321289062	8.603219985961914	27.373851776123047	
178.17933654785156	65.31959533691406	8.632416725158691	27.466747283935547	
180.5856475830078	68.66825866699219	8.173225402832031	26.005685806274414	
180.42892456054688	68.08678436279297	8.404212951660156	26.740646362304688	
180.63491821289062	69.9862060546875	8.338138580322266	26.530410766601562	
180.0236358642578	71.71446228027344	8.142671585083008	25.908472061157227	
180.35418701171875	71.20659637451172	8.369653701782227	26.630685806274414	
178.12994384765625	71.10685729980469	8.26275634765625	26.290557861328125	
185.3962860107422	69.48762512207031	8.493108749389648	27.023494720458984	
178.5248260498047	66.9986801147461	8.391661643981934	26.700708389282227	
177.81912231445312	70.24169921875	8.571507453918457	27.2729434967041	
178.39193725585938	63.214027404785156	8.913625717163086	28.36150550842285	
179.99249267578125	69.21259307861328	8.9166841506958	28.37123680114746	
180.6040802001953	65.11309814453125	8.946675300598145	28.466663360595703	
181.70401000976562	61.811553955078125	8.796319961547852	27.98826026916504	
179.69766235351562	65.92086791992188	9.024248123168945	28.713489532470703	
185.26783752441406	64.50178527832031	9.0914888381958	28.92743492126465	
180.7706756591797	59.1778450012207	9.089242935180664	28.9202880859375	
176.90830993652344	54.31707000732422	9.004348754882812	28.65016746520996	
176.24627685546875	58.11287307739258	8.911497116088867	28.3547306060791	
178.58819580078125	67.59640502929688	8.657052993774414	27.545135498046875	
175.905517578125	66.69669342041016	8.885286331176758	28.271331787109375	
178.42576599121094	59.49894332885742	8.9722900390625	28.54816246032715	
182.75082397460938	61.47553253173828	9.161404609680176	29.149890899658203	
178.1314239501953	65.57782745361328	9.321391105651855	29.6589412689209	
178.62548828125	57.97296142578125	9.43946647644043	30.034637451171875	
176.59877014160156	58.86334228515625	9.42173957824707	29.978229522705078	
181.37600708007812	55.10301971435547	9.670995712280273	30.771316528320312	
182.74484252929688	62.39725875854492	12.09009838104248	34.21038818359375	
182.33694458007812	64.13175201416016	9.785888671875	31.136882781982422	
182.60203552246094	58.31268310546875	9.791749954223633	31.155532836914062	
177.69085693359375	54.232177734375	9.737262725830078	30.982166290283203	
176.19931030273438	51.68500900268555	9.976183891296387	31.742366790771484	
174.73019409179688	52.6099853515625	10.787874221801758	33.799442291259766	
174.61366271972656	47.77205276489258	11.367585182189941	36.3390007019043	
175.31626892089844	48.03038024902344	10.507013320922852	33.431373596191406	
173.91754150390625	48.42307662963867	11.881107330322266	37.62590789794922	
173.88275146484375	50.79823303222656	11.589494705200195	35.792030334472656	
173.10711669921875	49.1303825378418	12.675461769104004	37.405967712402344	
172.8529815673828	46.61293029785156	12.720227241516113	39.36016082763672	
171.21006774902344	44.1584587097168	13.148490905761719	41.44495391845703	
168.92178344726562	54.750099182128906	14.224080085754395	40.64971160888672	
168.5919189453125	45.05058670043945	14.120857238769531	41.569950103759766	
168.45001220703125	43.448204040527344	14.030921936035156	39.3754997253418	
168.4340362548828	43.2907600402832	13.7403564453125	38.20745849609375	
166.3872833251953	42.343238830566406	13.891921997070312	38.631954193115234	
164.6012420654297	41.392066955566406	14.296134948730469	39.539894104003906	
163.55685424804688	38.96324920654297	14.432670593261719	40.98685836791992	
162.41653442382812	38.671112060546875	15.004837036132812	42.01227569580078	
161.8110809326172	39.66184616088867	15.051218032836914	40.51477813720703	
160.8846893310547	41.06593322753906	14.043981552124023	42.36029815673828	
159.77853393554688	43.407379150390625	13.98352336883545	42.039817810058594	
158.7885284423828	40.136146545410156	14.10576057434082	43.49343490600586	
158.06512451171875	38.85235595703125	13.941505432128906	44.323204040527344	
157.28770446777344	36.73441696166992	13.870388984680176	46.04079055786133	
156.5526580810547	36.52952194213867	13.707867622375488	45.397010803222656	
155.8712921142578	36.381248474121094	13.963094711303711	45.70534896850586	
154.4027557373047	35.227535247802734	13.739773750305176	43.33238983154297	
153.3287811279297	36.40552520751953	13.79187297821045	42.39580535888672	
151.97268676757812	37.23833084106445	14.234944343566895	40.58955383300781	
150.06295776367188	35.606666564941406	13.410781860351562	41.326995849609375	
149.16738891601562	37.56162643432617	12.577888488769531	39.714900970458984	
148.10032653808594	39.99047088623047	12.272601127624512	37.69329071044922	
147.26931762695312	39.843868255615234	12.024999618530273	36.50194549560547	
146.2399444580078	38.87975311279297	11.885098457336426	35.643489837646484	
144.94215393066406	37.84711456298828	12.127613067626953	38.28706359863281	
143.83616638183594	36.66357421875	12.590784072875977	42.941795349121094	
142.0838623046875	38.51360321044922	14.345301628112793	42.66020965576172	
141.30078125	37.555023193359375	13.999809265136719	44.08958435058594	
140.23654174804688	34.90218734741211	13.62358570098877	45.01323699951172	
139.55020141601562	31.452011108398438	13.73767375946045	46.308616638183594	
138.83303833007812	32.94945526123047	13.287857055664062	46.068206787109375	
138.09011840820312	34.025169372558594	13.043599128723145	45.18788528442383	
136.5908660888672	35.347007751464844	12.859834671020508	43.19237518310547	
135.1904754638672	36.266387939453125	13.288740158081055	41.999427795410156	
134.8123321533203	35.25206756591797	13.619684219360352	40.834800720214844	
133.2191162109375	35.650779724121094	14.060758590698242	40.17828369140625	
131.0212860107422	39.42822265625	12.540281295776367	35.81178665161133	
129.80523681640625	38.873374938964844	13.194473266601562	37.571678161621094	
128.33946228027344	37.766395568847656	13.724098205566406	39.176998138427734	
127.88236999511719	36.48850631713867	14.141271591186523	38.31793212890625	
126.94122314453125	35.52911376953125	14.814529418945312	40.0489616394043	
126.38249206542969	35.65764236450195	14.407615661621094	39.40109634399414	
124.93876647949219	34.81072235107422	14.453997611999512	40.61824417114258	
123.8483657836914	39.276031494140625	14.493522644042969	37.590293884277344	
122.85981750488281	35.64888381958008	13.657821655273438	38.82514572143555	
121.7382583618164	37.15758514404297	14.04943561553955	36.60860824584961	
120.89176940917969	35.015079498291016	14.425692558288574	40.302818298339844	
119.8865737915039	34.166107177734375	14.119976997375488	40.3152961730957	
120.05024719238281	33.13752365112305	13.690351486206055	39.084327697753906	
117.56605529785156	38.61152267456055	12.612678527832031	35.38629913330078	
117.14823150634766	35.4337158203125	13.079706192016602	37.46086883544922	
115.0373764038086	36.478309631347656	13.427057266235352	38.966209411621094	
113.3252182006836	35.800987243652344	14.721173286437988	40.58662033081055	
112.24185943603516	34.54033279418945	15.233451843261719	43.73943328857422	
111.2595443725586	31.949167251586914	15.106167793273926	44.362281799316406	
110.27020263671875	31.76664161682129	14.746877670288086	45.665977478027344	
109.08952331542969	33.84869384765625	14.828204154968262	45.978614807128906	
108.63250732421875	33.44430923461914	14.834381103515625	45.76445388793945	
107.64326477050781	33.85553741455078	14.803309440612793	46.075904846191406	
106.0504379272461	33.32389831542969	15.735336303710938	47.379146575927734	
104.5849380493164	35.480491638183594	15.4752779006958	46.03152084350586	
103.62403869628906	34.604248046875	15.615976333618164	47.158058166503906	
103.2896728515625	36.21943283081055	15.75775146484375	45.98778533935547	
101.86419677734375	36.1052131652832	15.667610168457031	45.43232345581055	
100.50657653808594	34.592140197753906	14.704867362976074	43.47423553466797	
99.75279235839844	33.59695053100586	14.71458625793457	44.63947677612305	
99.45903778076172	31.378101348876953	14.9802827835083	44.89493942260742	
98.43751525878906	31.056488037109375	16.1080322265625	44.25967025756836	
97.91008758544922	31.619022369384766	15.36828327178955	43.16031265258789	
97.13679504394531	32.170021057128906	14.99980640411377	43.041954040527344	
95.95437622070312	31.534143447875977	14.276288986206055	43.70248794555664	
94.75782775878906	32.96076583862305	13.946243286132812	41.29894256591797	
93.08063507080078	34.773799896240234	13.511296272277832	39.328590393066406	
91.73870849609375	36.1217155456543	12.817245483398438	38.93943405151367	
91.16668701171875	38.37638854980469	11.768664360046387	36.3305778503418	
90.43125915527344	37.8681755065918	10.325173377990723	36.59931945800781	
89.75398254394531	35.05458068847656	10.498201370239258	37.69147491455078	
88.33906555175781	36.92547607421875	10.243459701538086	35.132999420166016	
87.2603988647461	38.8444709777832	10.731924057006836	33.520042419433594	
85.62714385986328	37.82176208496094	11.902321815490723	33.34490203857422	
84.69438934326172	37.405059814453125	12.35900592803955	33.37305450439453	
83.20399475097656	34.934173583984375	13.275848388671875	35.626136779785156	
82.49736785888672	35.83814239501953	12.479523658752441	34.922080993652344	
81.825439453125	37.216339111328125	11.185678482055664	34.67598342895508	
81.18610382080078	38.821144104003906	10.522567749023438	32.9571418762207	
78.8933334350586	39.87186813354492	11.286465644836426	34.83156967163086	
77.67765808105469	37.269752502441406	12.097539901733398	41.87024688720703	
77.99034118652344	35.143699645996094	11.290608406066895	43.430877685546875	
77.61504364013672	35.788002014160156	11.872604370117188	43.40882110595703	
77.19479370117188	34.344329833984375	12.520891189575195	43.720149993896484	
77.01945495605469	30.877063751220703	12.188108444213867	45.303775787353516	
76.5321044921875	30.940975189208984	10.99876880645752	39.854129791259766	
74.65129852294922	26.988231658935547	11.02431583404541	40.5512580871582	
73.30989074707031	28.760568618774414	11.699345588684082	39.47990798950195	
72.59781646728516	29.25393295288086	11.913517951965332	39.972442626953125	
71.63179016113281	29.068456649780273	12.708877563476562	41.30446243286133	
70.4295425415039	29.593908309936523	12.813281059265137	39.677791595458984	
69.0563735961914	29.690185546875	11.811101913452148	36.124298095703125	
68.13334655761719	29.464778900146484	11.045137405395508	36.47442626953125	
66.72967529296875	30.644519805908203	11.148107528686523	36.47292709350586	
65.14842224121094	32.38446044921875	11.40730094909668	35.19312286376953	
64.45152282714844	33.01823425292969	10.849401473999023	35.83135223388672	
63.6977653503418	31.462417602539062	10.773580551147461	36.84320831298828	
62.97766876220703	31.129741668701172	10.313118934631348	39.02539825439453	
61.843772888183594	31.3902645111084	10.599008560180664	37.79951477050781	
61.05607986450195	31.28607749938965	10.942710876464844	36.490379333496094	
60.058502197265625	31.310527801513672	11.847505569458008	34.336158752441406	
59.30579376220703	31.205617904663086	11.76097297668457	33.40688705444336	
58.27647018432617	31.03888511657715	11.432868003845215	33.350582122802734	
57.2656364440918	30.708919525146484	11.439949989318848	33.656375885009766	
56.212921142578125	30.91971206665039	10.916935920715332	34.25699996948242	
55.13408660888672	31.57737159729004	10.936288833618164	34.586517333984375	
54.57536697387695	30.8364200592041	10.746201515197754	34.98780822753906	
53.31394577026367	31.678857803344727	11.048840522766113	35.63670349121094	
51.95183181762695	29.27056884765625	11.849428176879883	38.601585388183594	
51.32701873779297	29.365840911865234	11.656206130981445	39.799598693847656	
51.30826950073242	28.59454345703125	11.075986862182617	37.20013427734375	
51.444061279296875	25.63785743713379	10.254165649414062	39.888092041015625	
50.321510314941406	25.064849853515625	10.804586410522461	39.770301818847656	
49.054840087890625	25.937780380249023	11.963918685913086	38.200462341308594	
48.22974395751953	25.439210891723633	11.861322402954102	37.02522659301758	
47.22515106201172	26.110641479492188	11.902846336364746	36.558860778808594	
46.087646484375	25.965709686279297	11.456369400024414	35.142784118652344	
44.96037673950195	25.66446876525879	11.388229370117188	35.89707565307617	
43.37705612182617	26.85379409790039	11.490211486816406	36.22418975830078	
42.26282501220703	27.94390296936035	11.594843864440918	36.3718147277832	
42.58338165283203	27.300222396850586	10.544897079467773	34.60729217529297	
41.55183792114258	27.845266342163086	10.205541610717773	34.92731475830078	
40.71778106689453	27.76424217224121	10.181329727172852	34.71672439575195	
39.189552307128906	27.742706298828125	10.842214584350586	37.151363372802734	
39.318912506103516	27.158361434936523	10.555051803588867	35.133995056152344	
39.05970001220703	26.03484535217285	10.08760929107666	36.701148986816406	
38.23106384277344	25.491239547729492	10.784085273742676	36.671546936035156	
37.833885192871094	25.803964614868164	11.181269645690918	35.624244689941406	
37.236305236816406	26.22158432006836	11.371210098266602	34.928932189941406	
36.01970291137695	26.31454849243164	12.136698722839355	33.66517639160156	
34.67934799194336	26.714624404907227	12.601167678833008	32.15087890625	
34.085121154785156	25.07316017150879	12.739080429077148	35.07795333862305	
33.41742706298828	26.391498565673828	12.708507537841797	34.09025955200195	
32.53074264526367	25.91652488708496	12.151021003723145	34.40590286254883	
31.645050048828125	25.597549438476562	12.279994010925293	34.77622985839844	
30.712703704833984	25.56033706665039	12.056463241577148	35.0223503112793	
30.406261444091797	25.362483978271484	11.48249626159668	35.843692779541016	
30.192668914794922	26.050689697265625	11.08566665649414	37.195152282714844	
28.471099853515625	27.41678237915039	12.418745040893555	37.126190185546875	
27.796743392944336	28.437204360961914	12.668516159057617	35.30556106567383	
26.845138549804688	28.838796615600586	12.75480842590332	36.5323486328125	
26.0318546295166	27.464874267578125	13.218403816223145	36.27845001220703	
25.397441864013672	30.37615394592285	12.358292579650879	32.812686920166016	
24.8994140625	30.57095718383789	12.398807525634766	32.2593879699707	
24.447860717773438	30.9414005279541	12.25994873046875	31.502981185913086	
23.963361740112305	30.392629623413086	12.132511138916016	32.303646087646484	
23.813573837280273	29.213848114013672	12.21003246307373	33.583831787109375	
23.677515029907227	28.52944564819336	12.073701858520508	33.29475784301758	
22.84642791748047	29.164709091186523	12.231829643249512	32.482505798339844	
21.736675262451172	29.182010650634766	12.515890121459961	31.09112548828125	
20.98831558227539	30.990978240966797	12.141581535339355	30.762481689453125	
21.1796817779541	31.185375213623047	11.544839859008789	31.43124771118164	
21.455427169799805	30.700796127319336	11.016390800476074	31.147029876708984	
21.53004264831543	30.366405487060547	10.828941345214844	31.259960174560547	
21.100282669067383	30.672481536865234	10.949661254882812	32.212074279785156	
20.85839080810547	31.526325225830078	11.158732414245605	31.886316299438477	
21.2867431640625	32.25732421875	10.630157470703125	30.770599365234375	
21.54827880859375	31.870534896850586	10.605955123901367	30.91532325744629	
21.645889282226562	34.09613800048828	10.80213737487793	29.777050018310547	
21.473834991455078	31.384485244750977	11.571978569030762	30.781055450439453	
21.673486709594727	30.749446868896484	12.04140853881836	30.084976196289062	
22.273849487304688	30.359506607055664	12.228806495666504	30.47744369506836	
23.323841094970703	31.715087890625	11.107665061950684	29.392257690429688	
23.89029312133789	30.807476043701172	10.82675552368164	30.83516502380371	
24.085857391357422	30.262584686279297	10.657135009765625	30.74102210998535	
24.648447036743164	32.0462532043457	10.192072868347168	30.78788185119629	
24.595134735107422	32.504249572753906	10.539854049682617	30.755268096923828	
24.9215087890625	33.51993179321289	10.30451488494873	29.897741317749023	
25.288806915283203	31.50503921508789	10.530168533325195	32.05646514892578	
26.04567527770996	30.929834365844727	10.626787185668945	32.352054595947266	
26.508682250976562	30.161556243896484	11.042973518371582	33.011131286621094	
26.915454864501953	29.166406631469727	12.167915344238281	34.00889587402344	
27.769067764282227	27.807353973388672	12.070916175842285	36.35172653198242	
29.06516456604004	26.440853118896484	11.372811317443848	36.637596130371094	
29.4674129486084	25.78884506225586	11.568252563476562	36.49712371826172	
30.473331451416016	25.108673095703125	11.128049850463867	37.235618591308594	
30.990468978881836	24.420564651489258	10.98897647857666	39.26726531982422	
31.001720428466797	24.9009952545166	11.2987699508667	38.73143768310547	
31.6145076751709	24.471858978271484	11.35601806640625	38.547183990478516	
32.2079963684082	24.76526641845703	11.241706848144531	36.89503860473633	
33.108177185058594	25.370820999145508	10.772812843322754	37.09413146972656	
34.15818786621094	25.442447662353516	10.659242630004883	38.989166259765625	
34.79835891723633	25.256689071655273	10.908255577087402	38.7553825378418	
35.35137176513672	29.473827362060547	10.617898941040039	35.61421203613281	
35.81733703613281	28.99151039123535	10.851234436035156	36.38026809692383	
36.61588668823242	27.069080352783203	11.051581382751465	37.88268280029297	
37.32341766357422	27.28212547302246	10.877903938293457	37.01591491699219	
38.00006866455078	28.277339935302734	10.890100479125977	35.18464279174805	
38.795860290527344	28.609844207763672	10.413778305053711	34.474117279052734	
39.49634552001953	28.84365463256836	10.345521926879883	34.347965240478516	
39.877254486083984	28.762441635131836	11.081965446472168	34.919273376464844	
40.518184661865234	28.405445098876953	10.695669174194336	35.72373962402344	
41.45697784423828	28.2574462890625	10.687677383422852	34.64775085449219	
41.85108184814453	29.06227684020996	11.384428024291992	33.60810470581055	
42.83817672729492	27.80173110961914	10.895212173461914	35.512123107910156	
43.89807891845703	28.68011474609375	10.61358642578125	34.988746643066406	
45.34885787963867	28.77952003479004	10.430757522583008	36.32636260986328	
46.62518310546875	30.061182022094727	9.640430450439453	35.590904235839844	
47.26126480102539	29.142120361328125	10.099279403686523	38.33305740356445	
47.938926696777344	27.92899513244629	10.914308547973633	38.96040725708008	
48.82006072998047	27.742382049560547	11.107624053955078	38.5000114440918	
49.67936325073242	27.454967498779297	11.071916580200195	39.41023254394531	
50.38731384277344	26.729106903076172	11.349224090576172	36.97753143310547	
51.13949966430664	25.994945526123047	11.472635269165039	37.75569534301758	
52.00800323486328	25.959081649780273	11.572127342224121	38.304710388183594	
53.051513671875	27.1435604095459	11.322122573852539	36.452308654785156	
53.673583984375	26.886770248413086	11.655208587646484	37.710365295410156	
54.66034698486328	27.167861938476562	11.788393020629883	38.058258056640625	
55.937255859375	27.88199806213379	11.578462600708008	38.05946731567383	
56.866912841796875	28.366968154907227	11.917945861816406	38.46684646606445	
58.3997917175293	28.856435775756836	11.046477317810059	38.82700729370117	
59.261146545410156	30.448328018188477	11.168123245239258	37.44467544555664	
60.2344970703125	30.36899757385254	11.012520790100098	38.11699676513672	
61.18354034423828	31.613845825195312	10.70177936553955	36.24980545043945	
62.09416961669922	31.87335205078125	10.401228904724121	35.55579376220703	
62.47142791748047	31.90493392944336	10.877952575683594	34.705177307128906	
63.14977264404297	32.047401428222656	10.723276138305664	36.31037521362305	
63.77252197265625	31.303176879882812	11.33107852935791	36.22362518310547	
64.85368347167969	31.8449649810791	11.128265380859375	33.64263916015625	
65.4668197631836	31.416637420654297	11.640597343444824	33.759674072265625	
66.67878723144531	32.14436340332031	11.758047103881836	33.81536102294922	
67.82511901855469	32.238704681396484	12.008374214172363	34.00234603881836	
69.54554748535156	32.136775970458984	11.496700286865234	35.79193115234375	
70.76514434814453	32.62053298950195	10.910131454467773	35.39874267578125	
72.26589965820312	32.0381965637207	11.3681058883667	39.90806579589844	
73.16852569580078	29.229328155517578	11.069023132324219	40.86095428466797	
73.94061279296875	29.475627899169922	10.417886734008789	39.653499603271484	
74.7353744506836	28.81255531311035	9.848286628723145	41.069549560546875	
75.34954833984375	31.61223793029785	10.889863014221191	41.478538513183594	
76.57782745361328	31.448345184326172	11.665437698364258	45.59651565551758	
77.32318115234375	28.979345321655273	11.719572067260742	45.363433837890625	
78.10285949707031	28.467418670654297	11.834138870239258	44.300437927246094	
78.0160903930664	28.692737579345703	12.059946060180664	42.533103942871094	
78.50605773925781	30.710376739501953	11.676481246948242	41.73363494873047	
79.94110870361328	34.05855178833008	11.796234130859375	39.84006881713867	
81.35245513916016	31.4238224029541	11.187933921813965	44.55481719970703	
82.82524108886719	31.542699813842773	11.264902114868164	42.886749267578125	
83.1883316040039	36.101314544677734	12.431488037109375	36.90142822265625	
83.75999450683594	36.40813446044922	12.504812240600586	37.766273498535156	
85.8528060913086	35.77545928955078	11.802164077758789	33.90589141845703	
87.09098052978516	36.98152542114258	10.803309440612793	33.44514846801758	
88.24241638183594	35.86992263793945	11.335565567016602	37.429443359375	
89.51241302490234	34.17797088623047	11.743377685546875	38.094749450683594	
90.81019592285156	33.12961196899414	12.455072402954102	40.636810302734375	
91.09722900390625	34.708431243896484	12.82763671875	37.71833038330078	
91.84733581542969	34.912132263183594	13.648523330688477	37.88987350463867	
93.67509460449219	36.918941497802734	13.192845344543457	36.762508392333984	
94.8421401977539	35.28662872314453	12.811681747436523	38.883914947509766	
96.29148864746094	33.970741271972656	13.421728134155273	41.86967468261719	
97.73643493652344	34.621253967285156	12.644709587097168	42.16274642944336	
99.08705139160156	35.54505157470703	12.577644348144531	40.04669952392578	
98.9336166381836	35.00246047973633	14.784294128417969	38.954044342041016	
100.13816833496094	33.71778869628906	14.216657638549805	40.246482849121094	
102.33244323730469	36.44926834106445	12.568672180175781	40.257869720458984	
102.67325592041016	38.208499908447266	12.887127876281738	40.28490447998047	
102.69538879394531	35.63583755493164	14.188226699829102	40.1374397277832	
103.37276458740234	34.46442413330078	14.801862716674805	41.436988830566406	
103.79338073730469	36.468971252441406	15.151544570922852	40.6641960144043	
103.8563003540039	37.299041748046875	14.84240436553955	39.96903991699219	
106.66361999511719	39.620567321777344	12.364002227783203	39.33992385864258	
106.6268539428711	35.128822326660156	15.37977123260498	42.722557067871094	
107.63932800292969	33.98664093017578	15.001431465148926	43.504600524902344	
110.15165710449219	34.59850311279297	13.130764961242676	41.779624938964844	
109.39378356933594	33.67611312866211	15.296635627746582	44.90108871459961	
109.54683685302734	36.078155517578125	15.34436321258545	43.53137969970703	
112.1482925415039	35.34265899658203	15.03259563446045	43.209651947021484	
113.4658203125	36.22258377075195	14.952885627746582	41.95964813232422	
114.03055572509766	34.68160629272461	14.534663200378418	41.686988830566406	
114.73374938964844	36.25255584716797	14.712255477905273	41.176239013671875	
115.5057601928711	36.634544372558594	14.445182800292969	42.00603485107422	
116.13838958740234	34.49066162109375	14.765667915344238	41.67719650268555	
116.61454772949219	33.00725555419922	15.486701965332031	43.37916946411133	
118.08753967285156	32.26318359375	15.65343952178955	44.12721633911133	
119.12245178222656	31.491409301757812	15.663311958312988	44.788291931152344	
119.75931549072266	31.517467498779297	15.117921829223633	44.811744689941406	
120.61738586425781	36.226531982421875	14.821073532104492	40.927574157714844	
121.02143859863281	38.665367126464844	14.518926620483398	38.50656509399414	
121.3435287475586	38.98289489746094	14.021200180053711	37.569244384765625	
121.55535888671875	37.997947692871094	13.830584526062012	37.5676155090332	
121.67240905761719	38.261260986328125	13.75230884552002	37.0546875	
121.99116516113281	38.04320526123047	13.722518920898438	36.5384521484375	
121.933349609375	38.74559020996094	14.035188674926758	37.12736129760742	
122.43316650390625	36.718666076660156	14.324124336242676	38.545249938964844	
123.4193344116211	39.390464782714844	13.411748886108398	37.32462692260742	
124.2590103149414	40.666683197021484	13.094843864440918	36.808807373046875	
124.69721984863281	40.706085205078125	12.856460571289062	37.13483428955078	
125.3483657836914	40.40340042114258	13.418357849121094	36.994991302490234	
