255.0	148.0	25.0	37.0	
255.1101531982422	147.41172790527344	25.106754302978516	37.084442138671875	
255.5047607421875	147.48226928710938	25.091806411743164	36.99693298339844	
255.9273681640625	147.5052947998047	25.166675567626953	37.31385803222656	
256.8788757324219	147.6086883544922	25.099031448364258	37.159637451171875	
258.0081481933594	147.58750915527344	25.17711639404297	37.15890121459961	
259.62255859375	147.39779663085938	25.137142181396484	37.287086486816406	
261.2179870605469	147.47959899902344	25.252460479736328	36.92741012573242	
263.0447692871094	147.3040771484375	25.310901641845703	36.92759323120117	
265.1177062988281	146.9520721435547	25.45501708984375	37.24856185913086	
267.32220458984375	147.07359313964844	25.204666137695312	37.216148376464844	
269.45489501953125	146.69161987304688	25.323251724243164	37.23322677612305	
271.4767150878906	146.837158203125	25.271480560302734	37.34675598144531	
273.4051818847656	146.6009521484375	25.20614242553711	37.21269989013672	
275.09014892578125	146.8668212890625	25.272504806518555	37.1661376953125	
276.4058532714844	146.7880401611328	25.35763931274414	37.33544158935547	
277.9747009277344	146.74984741210938	25.355648040771484	37.24706268310547	
279.75433349609375	146.82981872558594	24.96981430053711	37.10647964477539	
281.7240295410156	146.86378479003906	25.422107696533203	37.16911697387695	
283.9261169433594	146.7592010498047	25.16701316833496	37.3571891784668	
286.41168212890625	146.8771514892578	25.36476707458496	37.30244827270508	
288.6480712890625	146.76651000976562	25.557876586914062	37.375030517578125	
290.52142333984375	146.98452758789062	25.303081512451172	37.530296325683594	
291.8863220214844	147.32571411132812	25.48230743408203	37.090335845947266	
293.1810607910156	147.4893798828125	25.389575958251953	37.46161651611328	
294.4234924316406	148.1128692626953	25.364606857299805	37.62078094482422	
295.9469299316406	148.3061065673828	25.37157440185547	37.423648834228516	
297.3519287109375	148.59152221679688	25.347402572631836	37.28589630126953	
298.3650817871094	149.1195068359375	25.2315673828125	37.386390686035156	
298.9713439941406	149.550048828125	25.396451950073242	37.19453430175781	
299.61279296875	149.94180297851562	25.41716194152832	37.446006774902344	
299.93572998046875	150.44189453125	25.654922485351562	37.88532257080078	
300.01593017578125	151.4163055419922	25.61642074584961	37.49053192138672	
300.50177001953125	152.2941131591797	25.385265350341797	37.26982498168945	
300.8829650878906	153.17300415039062	25.446680068969727	37.34312438964844	
301.28704833984375	154.0225830078125	25.557849884033203	37.711753845214844	
301.50189208984375	154.58802795410156	25.51405906677246	37.29624557495117	
301.62225341796875	155.2128448486328	25.410236358642578	37.53382110595703	
301.9329528808594	155.92721557617188	25.507617950439453	37.513954162597656	
302.048583984375	156.426025390625	25.589515686035156	37.62383270263672	
302.0601501464844	157.72006225585938	25.5667781829834	37.522071838378906	
301.9335021972656	158.48509216308594	25.512765884399414	37.619544982910156	
302.0951232910156	159.23062133789062	25.45327377319336	37.45585632324219	
302.0721130371094	160.3881378173828	25.33789825439453	37.2515754699707	
301.9093322753906	161.16769409179688	25.334152221679688	37.45806121826172	
301.69110107421875	162.16201782226562	25.364673614501953	37.552978515625	
301.48736572265625	162.89047241210938	25.51896095275879	37.683860778808594	
301.31536865234375	163.86227416992188	25.39849281311035	37.56613540649414	
301.0766296386719	164.6448516845703	25.534801483154297	37.57661437988281	
300.87762451171875	166.0889129638672	25.332416534423828	37.665550231933594	
300.7415771484375	167.37278747558594	25.470333099365234	37.456520080566406	
300.60833740234375	168.63735961914062	25.45698356628418	37.512535095214844	
300.4590759277344	170.0391845703125	25.412723541259766	37.429630279541016	
300.2710876464844	170.93704223632812	25.474191665649414	37.46318435668945	
300.2670593261719	171.69265747070312	25.335128784179688	37.394107818603516	
300.04046630859375	172.78805541992188	25.54941749572754	37.52705764770508	
299.9289245605469	173.70175170898438	25.489755630493164	37.444419860839844	
299.9666748046875	174.5284423828125	25.301990509033203	37.854679107666016	
299.6793518066406	176.04519653320312	25.47057342529297	37.658607482910156	
299.5367736816406	177.55795288085938	25.41092300415039	37.93770217895508	
299.47216796875	179.44862365722656	25.286026000976562	37.48652267456055	
299.322265625	181.2171173095703	25.45309066772461	37.64738082885742	
299.3008728027344	183.1171875	25.321426391601562	37.55244827270508	
299.3248291015625	185.09683227539062	25.43631362915039	37.72570037841797	
299.28033447265625	186.7544708251953	25.289794921875	37.579673767089844	
299.03778076171875	188.48147583007812	25.48111915588379	37.679283142089844	
299.1626892089844	190.49403381347656	25.237043380737305	37.63627243041992	
299.2173767089844	190.95237731933594	25.373451232910156	37.7216796875	
299.23406982421875	191.17269897460938	25.369827270507812	38.00749969482422	
299.0899963378906	191.518310546875	25.34925079345703	37.77387619018555	
298.9930114746094	191.52891540527344	25.052871704101562	37.57903289794922	
299.2655944824219	191.0839080810547	25.413814544677734	37.73804473876953	
299.2867736816406	190.32339477539062	25.368045806884766	37.60074996948242	
299.09600830078125	190.03018188476562	25.587276458740234	37.51091384887695	
299.0412292480469	188.95697021484375	25.322505950927734	37.699302673339844	
299.05499267578125	188.49688720703125	25.229032516479492	37.385467529296875	
299.09661865234375	187.40475463867188	25.25634002685547	37.525726318359375	
298.79034423828125	185.5424346923828	25.574430465698242	37.95533752441406	
298.7335510253906	183.45242309570312	25.143444061279297	37.77029037475586	
299.10723876953125	180.3399658203125	25.31130027770996	37.94371795654297	
298.55792236328125	176.7303466796875	25.512866973876953	37.7626953125	
298.27435302734375	174.1331024169922	25.396135330200195	37.620201110839844	
298.4436340332031	171.0982208251953	25.25775146484375	37.561073303222656	
298.21490478515625	168.46934509277344	25.486907958984375	37.29338836669922	
298.239990234375	166.30337524414062	25.326255798339844	37.6031379699707	
298.0443115234375	163.85569763183594	25.38683319091797	37.828636169433594	
298.02130126953125	162.1947784423828	25.49300193786621	37.660545349121094	
298.15582275390625	160.29185485839844	25.399429321289062	37.611175537109375	
298.22039794921875	158.58331298828125	25.201969146728516	37.46702575683594	
298.2008361816406	156.4288787841797	25.563913345336914	37.701866149902344	
298.0	154.59506225585938	25.558712005615234	37.48151397705078	
298.00372314453125	153.048583984375	25.512495040893555	37.46415710449219	
298.0386047363281	151.09567260742188	25.589662551879883	37.73398208618164	
297.84478759765625	149.45864868164062	25.559398651123047	37.367393493652344	
298.02862548828125	147.97447204589844	25.476369857788086	37.521018981933594	
297.9146728515625	146.1915740966797	25.522159576416016	37.54069900512695	
297.9242248535156	144.5514678955078	25.389850616455078	37.3454704284668	
297.923828125	142.2223358154297	25.523113250732422	37.58711624145508	
298.0216064453125	140.51611328125	25.152545928955078	37.643680572509766	
297.99737548828125	138.77853393554688	25.463579177856445	37.44797134399414	
297.9132080078125	137.2606964111328	25.556386947631836	37.18878936767578	
298.0890197753906	135.41586303710938	25.234447479248047	37.439754486083984	
297.91180419921875	133.22955322265625	25.60691261291504	37.31870651245117	
297.944580078125	131.52618408203125	25.41179847717285	37.38109588623047	
297.74505615234375	128.90037536621094	25.512182235717773	37.315452575683594	
297.5733947753906	126.3761978149414	25.478954315185547	37.42243576049805	
297.5245361328125	123.75321197509766	25.436153411865234	37.13616943359375	
297.470703125	118.64973449707031	25.457530975341797	37.589542388916016	
297.27313232421875	112.46446228027344	25.3878116607666	37.98019790649414	
297.08160400390625	106.34819030761719	25.38174819946289	37.87141036987305	
296.45343017578125	100.28968811035156	25.48251724243164	37.60662841796875	
296.12213134765625	95.94439697265625	25.585506439208984	37.33462142944336	
296.01348876953125	91.72010803222656	25.575143814086914	37.69792938232422	
295.9115905761719	89.02909851074219	25.57895278930664	37.27981185913086	
295.77294921875	86.83723449707031	25.61871910095215	37.243919372558594	
295.661376953125	85.68397521972656	25.567075729370117	37.422203063964844	
295.65631103515625	85.36760711669922	25.659954071044922	37.38932418823242	
295.5652160644531	85.490234375	25.788244247436523	37.23136520385742	
295.6964416503906	85.6678466796875	25.666690826416016	37.42281723022461	
295.69158935546875	85.59477996826172	25.839624404907227	37.53561782836914	
295.794189453125	85.76148986816406	25.52560806274414	37.46702194213867	
295.62890625	86.14677429199219	25.700790405273438	37.49769973754883	
295.93280029296875	85.94325256347656	25.689128875732422	37.24522399902344	
296.21234130859375	86.361083984375	25.429019927978516	37.552616119384766	
296.4056396484375	86.29277038574219	25.58171844482422	37.31793975830078	
296.6227111816406	86.61210632324219	25.708805084228516	37.23918914794922	
296.9317932128906	86.5134048461914	25.578060150146484	37.718589782714844	
297.074951171875	86.9611587524414	25.88649559020996	37.14410400390625	
297.4682922363281	87.05219268798828	25.718585968017578	37.207496643066406	
297.7880859375	87.2781982421875	25.590087890625	37.06543731689453	
298.0572204589844	87.3886489868164	25.600845336914062	37.14771270751953	
298.1911315917969	87.32710266113281	25.627498626708984	37.24092483520508	
298.18023681640625	87.75425720214844	25.649959564208984	36.997528076171875	
298.6044921875	87.86662292480469	25.725360870361328	37.38547134399414	
299.4833679199219	87.90911865234375	25.693151473999023	37.46479415893555	
300.2550354003906	88.3438491821289	25.922000885009766	37.406211853027344	
301.146728515625	88.73374938964844	25.729694366455078	37.24004364013672	
302.1075744628906	89.08519744873047	25.608440399169922	37.50185775756836	
302.9352111816406	89.32538604736328	25.556564331054688	37.588069915771484	
304.31964111328125	89.58321380615234	25.8173885345459	37.47868728637695	
306.4364013671875	89.4873275756836	25.624317169189453	37.54706954956055	
308.36138916015625	89.45771789550781	25.791873931884766	37.56520462036133	
310.6981506347656	89.64390563964844	25.687891006469727	37.203521728515625	
313.54998779296875	89.2503890991211	25.69415855407715	37.347869873046875	
317.68084716796875	89.2140884399414	25.679584503173828	37.11741256713867	
321.82989501953125	88.48225402832031	26.264257431030273	37.39093780517578	
327.2362976074219	88.4115219116211	25.758569717407227	36.77413558959961	
331.93988037109375	87.5462646484375	26.04397201538086	37.25676727294922	
336.86102294921875	87.12712860107422	25.873458862304688	37.47945022583008	
340.8172302246094	86.72269439697266	26.224254608154297	37.33400344848633	
344.7348937988281	86.32048034667969	26.26766586303711	37.304710388183594	
347.69134521484375	85.64791870117188	26.458547592163086	38.02924346923828	
350.08697509765625	85.65331268310547	26.440937042236328	37.84375	
351.94158935546875	85.57930755615234	26.457239151000977	37.80078887939453	
353.33746337890625	85.39546203613281	26.309926986694336	37.90437698364258	
354.5374755859375	85.2882308959961	26.325435638427734	37.81147384643555	
355.82171630859375	85.03887939453125	26.42098045349121	38.27943420410156	
356.5310974121094	85.18617248535156	26.514062881469727	38.105430603027344	
356.42333984375	85.18701171875	26.364635467529297	38.12222671508789	
356.14373779296875	85.65757751464844	26.30050277709961	37.730613708496094	
356.2298889160156	85.08381652832031	26.212900161743164	38.1347770690918	
356.03924560546875	85.25700378417969	26.355632781982422	37.97737503051758	
355.83941650390625	85.21208190917969	26.406139373779297	38.00618362426758	
355.76605224609375	85.21495056152344	26.629369735717773	37.90531539916992	
355.3982849121094	85.23067474365234	26.28023910522461	38.12575149536133	
354.8261413574219	85.09410095214844	26.539752960205078	38.09238052368164	
354.73919677734375	85.1276626586914	26.108306884765625	37.92815017700195	
354.45098876953125	85.11051940917969	26.040607452392578	38.13740921020508	
353.6379089355469	85.07035827636719	26.468128204345703	37.96502685546875	
353.2522888183594	85.117919921875	26.02350425720215	37.7847785949707	
352.7721862792969	84.87760162353516	26.218088150024414	37.87544250488281	
352.16351318359375	84.8935546875	26.303447723388672	37.71639633178711	
351.7894592285156	84.87891387939453	26.207870483398438	37.83615493774414	
351.3430480957031	84.45072937011719	26.169567108154297	38.254180908203125	
350.6047058105469	84.54405212402344	26.22898292541504	37.56855010986328	
349.743896484375	84.62342834472656	26.14548110961914	37.84367370605469	
349.2337341308594	84.6105728149414	26.29888916015625	37.808265686035156	
348.85394287109375	84.46609497070312	26.182641983032227	38.00831985473633	
348.5501708984375	84.42386627197266	26.287540435791016	37.96169662475586	
348.1915588378906	84.4959716796875	26.29360008239746	37.9031982421875	
347.75250244140625	84.18377685546875	26.23904037475586	38.01204299926758	
347.31402587890625	84.1637191772461	26.340717315673828	37.805381774902344	
347.08160400390625	84.30322265625	26.216358184814453	37.88751220703125	
346.7896728515625	84.07486724853516	26.314239501953125	37.96668243408203	
346.59661865234375	84.04185485839844	26.20073890686035	38.093605041503906	
346.17791748046875	84.16761779785156	26.181732177734375	37.91522979736328	
345.4644470214844	84.17362976074219	25.98923110961914	37.758724212646484	
344.9671325683594	83.93557739257812	26.24898338317871	37.96929168701172	
344.6856689453125	83.74235534667969	26.236780166625977	38.10321807861328	
343.90484619140625	84.05265045166016	26.2861328125	37.968711853027344	
343.01007080078125	84.05767822265625	26.388351440429688	37.82838821411133	
342.4288635253906	83.99649047851562	26.051122665405273	37.72239303588867	
341.4388122558594	84.11634826660156	26.207015991210938	37.92530059814453	
340.6073303222656	84.19113159179688	26.213733673095703	38.0553092956543	
339.6060791015625	84.25469970703125	26.07016944885254	37.87725830078125	
338.79132080078125	84.48796081542969	26.089746475219727	37.858558654785156	
338.0112609863281	84.14060974121094	26.194087982177734	37.84832763671875	
336.8866271972656	84.66142272949219	26.28662109375	37.641658782958984	
335.43243408203125	84.25631713867188	26.068267822265625	37.89408874511719	
333.93988037109375	85.0726089477539	25.959590911865234	37.70604705810547	
332.36907958984375	84.50579833984375	26.12765121459961	37.85921859741211	
330.9844665527344	85.0649642944336	26.126461029052734	37.824920654296875	
329.05963134765625	85.18219757080078	26.26300621032715	37.30962371826172	
327.2740783691406	85.26338958740234	25.981042861938477	37.563087463378906	
324.83966064453125	85.79444122314453	25.68112564086914	37.4267692565918	
322.6980895996094	85.95562744140625	25.792755126953125	37.19033432006836	
320.877197265625	86.16744995117188	25.827388763427734	37.631248474121094	
318.59210205078125	86.01577758789062	25.87587547302246	37.707481384277344	
316.300048828125	86.42847442626953	25.872447967529297	37.59310531616211	
313.7240905761719	86.97706604003906	25.677719116210938	37.397159576416016	
311.5170593261719	86.89891815185547	25.737445831298828	37.46635055541992	
309.4408264160156	87.21267700195312	25.746185302734375	37.89269256591797	
307.19293212890625	87.51002502441406	25.637720108032227	37.38932418823242	
304.44671630859375	87.76329040527344	25.88973617553711	37.52437210083008	
301.1574401855469	88.25507354736328	25.570316314697266	37.11857604980469	
297.6714782714844	88.4713134765625	25.26077651977539	37.136993408203125	
294.2664489746094	89.40870666503906	25.560962677001953	37.047611236572266	
290.7049560546875	89.24171447753906	25.590290069580078	36.64506530761719	
287.4228515625	90.07150268554688	25.35980796813965	36.98301696777344	
284.19158935546875	90.27194213867188	25.397357940673828	37.31238555908203	
281.6019592285156	90.1594009399414	25.544620513916016	37.203495025634766	
279.1800842285156	90.94181060791016	25.5213565826416	37.1569938659668	
277.1620788574219	91.00437927246094	25.459917068481445	37.229610443115234	
275.420654296875	91.24081420898438	25.327381134033203	37.17180252075195	
273.903564453125	91.49114990234375	25.49453353881836	37.32210159301758	
272.93634033203125	91.39601135253906	25.37457847595215	37.03342056274414	
271.57415771484375	91.71568298339844	25.640289306640625	37.28466796875	
269.856201171875	91.74393463134766	25.47315788269043	37.35526657104492	
267.560791015625	92.24325561523438	25.348785400390625	36.977943420410156	
264.52337646484375	92.38941192626953	25.27887725830078	36.74498748779297	
261.4517822265625	93.05162811279297	25.295194625854492	36.74692153930664	
258.2886657714844	93.62872314453125	25.045156478881836	36.80878448486328	
254.51089477539062	93.72249603271484	25.334102630615234	36.6634635925293	
250.43460083007812	94.56787109375	25.34598159790039	36.520263671875	
246.27734375	94.59956359863281	25.228729248046875	36.6776123046875	
242.19210815429688	95.3381118774414	25.14761734008789	36.63187026977539	
238.354736328125	95.8147964477539	25.041345596313477	36.77995681762695	
235.3632354736328	96.36605072021484	25.074159622192383	36.73133087158203	
233.34042358398438	96.57723236083984	25.04876708984375	36.68792724609375	
231.5641632080078	96.62327575683594	25.06792449951172	36.84280776977539	
230.0166015625	97.1443099975586	24.991979598999023	36.69929885864258	
228.93798828125	97.13140869140625	24.99401092529297	36.62273406982422	
227.7772674560547	96.97879791259766	25.160003662109375	37.059085845947266	
226.3141326904297	97.41639709472656	25.206106185913086	36.8243408203125	
224.2138671875	97.38561248779297	24.853796005249023	36.71422576904297	
222.0970916748047	97.87816619873047	25.192089080810547	36.57581329345703	
220.0699462890625	98.14117431640625	24.816797256469727	36.65169143676758	
218.05575561523438	98.32816314697266	25.15473747253418	36.51325607299805	
216.2476806640625	98.60685729980469	24.67156219482422	36.50394058227539	
213.9194793701172	98.88362121582031	25.00387954711914	36.63060760498047	
211.03683471679688	99.11809539794922	24.961240768432617	36.715030670166016	
207.95059204101562	99.70881652832031	24.658390045166016	36.40497970581055	
205.28903198242188	100.05010223388672	25.149646759033203	36.32489013671875	
202.60745239257812	99.90229797363281	25.22829818725586	36.6677131652832	
200.19448852539062	100.78511810302734	24.836153030395508	36.13899612426758	
198.2538299560547	100.781982421875	25.075265884399414	36.44080352783203	
196.63653564453125	100.97822570800781	24.991031646728516	36.231040954589844	
195.06887817382812	100.97810363769531	25.033010482788086	36.41397476196289	
193.88462829589844	101.2257080078125	25.06244468688965	36.76337432861328	
192.94775390625	101.36998748779297	24.90580177307129	36.39598083496094	
192.40524291992188	101.71589660644531	24.773761749267578	36.368736267089844	
192.1356964111328	101.4635009765625	24.75058937072754	36.78833770751953	
191.23916625976562	101.37446594238281	25.023250579833984	36.41541290283203	
190.49505615234375	101.66712951660156	24.960891723632812	36.5350341796875	
189.67457580566406	101.3153076171875	25.217594146728516	36.449623107910156	
189.60000610351562	101.9006576538086	24.87461280822754	36.346317291259766	
189.04600524902344	101.77195739746094	24.890789031982422	36.33027648925781	
188.30520629882812	101.74436950683594	24.89292335510254	36.6673469543457	
187.3551483154297	102.26821899414062	25.10677719116211	36.291255950927734	
186.3946990966797	101.70339965820312	24.92861557006836	36.63337707519531	
185.5517120361328	102.34623718261719	25.109373092651367	36.26709747314453	
184.3333282470703	102.24137878417969	24.911035537719727	36.02978515625	
183.3852081298828	102.8091049194336	24.887964248657227	36.124267578125	
181.8003692626953	102.25232696533203	25.18392562866211	36.08452606201172	
180.84262084960938	102.85235595703125	25.18984603881836	36.302555084228516	
180.1517333984375	102.44041442871094	24.890399932861328	36.4415283203125	
180.17996215820312	102.687744140625	24.829952239990234	36.4301643371582	
179.62109375	102.37003326416016	25.228105545043945	36.462501525878906	
179.23536682128906	102.82177734375	24.852596282958984	36.19491195678711	
177.61465454101562	102.76344299316406	25.39999771118164	36.03984832763672	
175.74832153320312	103.53141784667969	25.26178741455078	35.885963439941406	
173.48977661132812	103.1069564819336	25.226604461669922	36.12217330932617	
171.92453002929688	103.6876449584961	25.23293685913086	36.303062438964844	
170.3336639404297	103.2906723022461	24.992965698242188	36.300201416015625	
168.9975128173828	104.13410949707031	25.012401580810547	36.2226676940918	
168.11007690429688	104.03460693359375	24.875280380249023	36.273338317871094	
167.63656616210938	104.06805419921875	25.059024810791016	36.2954216003418	
167.11648559570312	104.19355773925781	24.965389251708984	36.27833938598633	
166.98692321777344	104.4244155883789	24.71283721923828	35.99758529663086	
167.06417846679688	104.3656234741211	24.99789810180664	36.093833923339844	
167.24966430664062	104.25685119628906	24.98306655883789	36.48432922363281	
167.34786987304688	104.29229736328125	25.010133743286133	36.2642936706543	
167.32156372070312	104.2698745727539	24.793827056884766	36.3173713684082	
167.454833984375	104.4999771118164	24.963163375854492	36.09062957763672	
167.95193481445312	104.2640380859375	25.063955307006836	36.29670333862305	
168.26486206054688	104.36988830566406	25.079925537109375	36.198944091796875	
168.47451782226562	104.4527816772461	24.992473602294922	36.29179382324219	
168.85081481933594	104.38273620605469	25.133745193481445	36.151466369628906	
169.1124267578125	104.50013732910156	25.145370483398438	36.33952331542969	
169.35768127441406	104.46162414550781	24.978199005126953	36.150611877441406	
169.90875244140625	104.67901611328125	24.984460830688477	36.102073669433594	
170.57408142089844	104.3515396118164	25.178268432617188	36.21581268310547	
171.3861541748047	104.6285629272461	25.28140640258789	36.48157501220703	
172.2862091064453	104.71284484863281	24.817455291748047	36.37894821166992	
172.54904174804688	104.65702819824219	25.144676208496094	36.24047088623047	
173.004150390625	105.31209564208984	24.780351638793945	35.84989547729492	
174.607177734375	105.3004150390625	25.052812576293945	36.242374420166016	
176.28802490234375	105.22489166259766	24.734500885009766	36.06012725830078	
176.64157104492188	105.4028549194336	24.920940399169922	36.14293670654297	
176.76605224609375	105.67860412597656	24.91486167907715	35.91816711425781	
177.47801208496094	105.63493347167969	24.82282829284668	36.13245391845703	
179.476806640625	105.74544525146484	24.668228149414062	36.08818817138672	
181.2861785888672	105.39170837402344	25.00503921508789	35.874141693115234	
183.47552490234375	105.06302642822266	24.889062881469727	36.18605041503906	
185.38697814941406	104.69664001464844	24.887914657592773	36.69673538208008	
187.57992553710938	104.809814453125	24.792116165161133	36.24464416503906	
190.39724731445312	104.62208557128906	24.739208221435547	36.34362030029297	
193.4543914794922	104.07737731933594	25.008892059326172	36.11228561401367	
197.31735229492188	103.98909759521484	24.8424129486084	35.93561553955078	
201.5311737060547	103.5694808959961	24.96966552734375	35.83306121826172	
207.073486328125	102.89961242675781	25.034717559814453	36.24322509765625	
212.50479125976562	101.89256286621094	25.01012420654297	36.260589599609375	
217.828125	101.67902374267578	24.889863967895508	36.05107879638672	
221.6986083984375	100.80384826660156	25.210493087768555	36.49641799926758	
225.8889923095703	100.5406265258789	25.080135345458984	36.533443450927734	
230.36050415039062	100.00956726074219	24.99309539794922	36.29821014404297	
234.8738555908203	99.41739654541016	25.027328491210938	36.58161163330078	
239.0164031982422	98.92658996582031	25.07083511352539	36.857330322265625	
242.647216796875	98.42620086669922	25.111286163330078	36.67810821533203	
245.1849365234375	98.15763092041016	25.10971450805664	36.99894332885742	
246.88632202148438	97.77996826171875	25.39162826538086	36.960540771484375	
248.17529296875	97.78731536865234	25.27114486694336	36.950767517089844	
249.3687744140625	97.60945892333984	25.377582550048828	37.29126739501953	
251.09768676757812	97.56070709228516	25.184396743774414	37.08403015136719	
252.49691772460938	97.61256408691406	25.28353500366211	37.006019592285156	
254.334228515625	97.57881164550781	25.25650978088379	36.7411003112793	
256.6727600097656	97.00257873535156	25.200687408447266	36.77100372314453	
259.05401611328125	96.8390121459961	25.41030502319336	37.00714111328125	
261.12579345703125	96.52448272705078	25.218772888183594	36.95746612548828	
262.5336608886719	96.4908447265625	25.360429763793945	36.768287658691406	
263.7083740234375	96.37346649169922	25.22287368774414	36.79182052612305	
264.92626953125	96.0174331665039	25.14786148071289	36.94618606567383	
265.3370056152344	96.10467529296875	25.42061424255371	36.82169723510742	
265.88800048828125	95.85285949707031	25.26535415649414	37.411136627197266	
266.3888854980469	95.8827896118164	25.340850830078125	37.09764862060547	
267.03936767578125	96.16310119628906	25.211223602294922	37.0766716003418	
267.6875305175781	95.40650939941406	25.305721282958984	37.31200408935547	
268.12774658203125	95.94910430908203	25.075946807861328	37.201961517333984	
268.49005126953125	95.55916595458984	25.039548873901367	36.925987243652344	
269.0791320800781	95.66844177246094	25.21908950805664	37.30000305175781	
269.55035400390625	95.5965576171875	25.22970962524414	37.24614715576172	
270.3518981933594	95.49171447753906	25.121505737304688	37.043601989746094	
270.85675048828125	95.41996002197266	25.27353286743164	37.13285827636719	
271.64892578125	95.23290252685547	25.43102264404297	36.988128662109375	
272.23480224609375	95.13858032226562	25.42974090576172	37.131263732910156	
272.82684326171875	95.04655456542969	25.375164031982422	36.94080352783203	
273.10369873046875	95.18827056884766	25.30293083190918	37.41389083862305	
272.92041015625	95.04338073730469	25.317359924316406	37.278076171875	
272.4987487792969	95.52054595947266	25.272274017333984	37.1354866027832	
272.3481140136719	95.34144592285156	25.466073989868164	37.00825119018555	
272.29034423828125	95.696533203125	25.520004272460938	37.415077209472656	
272.22857666015625	96.6351089477539	25.416545867919922	37.430145263671875	
272.3704833984375	97.99685668945312	25.377548217773438	37.303367614746094	
272.63177490234375	99.77095031738281	25.507780075073242	37.087833404541016	
272.39752197265625	103.46693420410156	25.38484764099121	37.31621551513672	
272.6062927246094	107.04896545410156	25.393939971923828	37.448974609375	
272.8299255371094	112.11893463134766	25.385822296142578	37.63005828857422	
272.83355712890625	118.37491607666016	25.226449966430664	37.23290252685547	
273.04791259765625	121.71820068359375	25.116230010986328	37.376739501953125	
273.15777587890625	123.3298568725586	25.34420394897461	37.186866760253906	
273.1877136230469	124.67171478271484	25.01690101623535	37.029808044433594	
272.96868896484375	126.2056655883789	25.370691299438477	36.928314208984375	
272.7425537109375	127.42498779296875	25.311946868896484	37.0730094909668	
272.51251220703125	129.73556518554688	25.1688232421875	37.378448486328125	
272.4965515136719	131.57864379882812	25.218263626098633	37.121543884277344	
272.5055847167969	134.47525024414062	25.137889862060547	37.19709014892578	
272.3419189453125	137.31773376464844	25.170652389526367	37.59672164916992	
272.40325927734375	140.45468139648438	24.99007797241211	37.36005401611328	
272.0960388183594	143.791015625	25.323314666748047	37.48191452026367	
271.94097900390625	147.35702514648438	25.340444564819336	37.182403564453125	
271.844482421875	151.4954071044922	25.20125961303711	37.30716323852539	
271.86163330078125	155.24685668945312	25.34653091430664	37.49297332763672	
271.85150146484375	159.76809692382812	25.061046600341797	37.623085021972656	
271.64788818359375	165.0887451171875	25.03049659729004	37.72495651245117	
271.4859924316406	169.6408233642578	25.36167335510254	37.589202880859375	
271.45404052734375	174.39334106445312	25.13191795349121	37.508995056152344	
271.3449401855469	178.2975311279297	25.209997177124023	37.599159240722656	
271.17730712890625	181.01498413085938	25.03374671936035	37.663352966308594	
270.7168884277344	183.87326049804688	25.310348510742188	37.43891525268555	
270.6131896972656	186.31321716308594	24.994735717773438	37.445919036865234	
270.52069091796875	188.78689575195312	25.267810821533203	37.4643669128418	
270.81683349609375	191.183349609375	24.96535301208496	37.40943145751953	
270.5585632324219	192.89859008789062	24.98859405517578	37.40623092651367	
270.09783935546875	195.33367919921875	25.165882110595703	37.890846252441406	
270.3126525878906	196.6548614501953	25.11963653564453	37.46571731567383	
270.43731689453125	197.20346069335938	25.086597442626953	37.443199157714844	
270.2275695800781	197.64535522460938	25.00003433227539	37.37740707397461	
270.0393981933594	197.7340850830078	25.142078399658203	37.44008255004883	
270.10955810546875	197.6302947998047	24.91431999206543	37.17157745361328	
270.40814208984375	197.24636840820312	25.119342803955078	37.380943298339844	
