126.0	15.0	32.0	33.0	
124.6285171508789	14.843145370483398	31.773895263671875	32.62052536010742	
123.36515045166016	14.685859680175781	31.6663761138916	32.87874221801758	
122.06590270996094	14.77412223815918	31.51776695251465	32.87678527832031	
121.2524642944336	14.999013900756836	31.110937118530273	32.652950286865234	
120.2292709350586	15.253649711608887	31.235992431640625	32.4056510925293	
118.92042541503906	15.281000137329102	31.55636215209961	32.35846710205078	
117.3355941772461	15.11146354675293	31.505523681640625	32.588226318359375	
115.4197998046875	14.74622917175293	31.988683700561523	32.96458435058594	
114.22956848144531	14.972887992858887	31.540536880493164	32.44572830200195	
112.8713607788086	14.763806343078613	31.494415283203125	33.348670959472656	
111.60331726074219	15.16462230682373	31.85495948791504	32.91564178466797	
110.82149505615234	15.056854248046875	31.634319305419922	32.95941925048828	
110.251708984375	15.173848152160645	31.185129165649414	32.4893913269043	
109.91041564941406	15.173952102661133	30.55385971069336	32.371543884277344	
108.95758056640625	14.981552124023438	31.075382232666016	32.81900405883789	
108.5771255493164	14.854314804077148	30.58664321899414	32.71343994140625	
107.79615783691406	14.569944381713867	30.995532989501953	32.82544708251953	
107.0509033203125	14.240740776062012	30.960979461669922	32.77861785888672	
105.3663558959961	13.397705078125	31.923608779907227	33.030601501464844	
103.8088150024414	12.489133834838867	31.761402130126953	33.57911682128906	
102.45799255371094	11.812968254089355	32.369117736816406	33.421104431152344	
101.35391998291016	10.840896606445312	32.02150344848633	33.55128860473633	
99.21913146972656	9.968929290771484	32.7633056640625	33.70509719848633	
97.11105346679688	8.915998458862305	32.81098556518555	33.54265213012695	
95.32234191894531	8.911355018615723	32.026451110839844	33.403594970703125	
93.9183578491211	9.267586708068848	31.917598724365234	33.85712432861328	
92.84565734863281	9.891427993774414	31.59158706665039	33.628150939941406	
90.99254608154297	10.271727561950684	32.798095703125	33.7354621887207	
89.31958770751953	10.741305351257324	32.23325729370117	33.3554573059082	
87.54249572753906	11.226837158203125	32.109012603759766	32.77250671386719	
86.15882873535156	11.388635635375977	31.810474395751953	32.395362854003906	
85.0767822265625	11.208751678466797	31.034976959228516	32.15761184692383	
84.72671508789062	10.994413375854492	30.430471420288086	31.961971282958984	
83.73823547363281	11.355484008789062	31.256103515625	31.974594116210938	
82.76512145996094	12.211250305175781	31.161117553710938	32.17393112182617	
81.49938201904297	12.451744079589844	31.871540069580078	32.18134307861328	
80.01709747314453	12.85577392578125	31.347131729125977	32.20063018798828	
77.75418853759766	13.038296699523926	32.68212127685547	32.69627380371094	
76.4677734375	13.538810729980469	31.357555389404297	31.889141082763672	
75.1640625	13.68543815612793	31.039562225341797	31.868640899658203	
74.07731628417969	13.749305725097656	31.13242530822754	31.810134887695312	
73.13003540039062	14.796041488647461	30.588333129882812	31.17495346069336	
71.82847595214844	14.663694381713867	31.935632705688477	31.97137451171875	
71.16200256347656	14.630314826965332	31.50968360900879	32.27655029296875	
70.63801574707031	13.963912963867188	31.767223358154297	33.154991149902344	
70.4246597290039	14.152215957641602	31.711956024169922	32.54469299316406	
70.67325592041016	14.049548149108887	31.557180404663086	32.540245056152344	
71.36835479736328	14.288375854492188	31.151412963867188	32.472755432128906	
71.65518951416016	14.561468124389648	31.7984561920166	32.94945526123047	
71.85974884033203	14.819602966308594	31.691640853881836	32.61853790283203	
71.80208587646484	14.613897323608398	31.66910743713379	33.10706329345703	
70.74986267089844	14.924982070922852	31.802783966064453	33.01726531982422	
69.83952331542969	15.182287216186523	32.389854431152344	32.92970275878906	
69.07380676269531	15.427045822143555	31.490436553955078	32.59522247314453	
68.22789001464844	15.81383991241455	31.16647720336914	32.130943298339844	
67.11226654052734	15.942770004272461	31.600666046142578	32.141361236572266	
66.72457122802734	15.90966510772705	30.711090087890625	32.3710823059082	
66.19269561767578	16.33841323852539	30.783803939819336	31.399368286132812	
65.76074981689453	16.00177764892578	31.518218994140625	32.301265716552734	
65.88172912597656	16.05868911743164	31.330692291259766	32.001121520996094	
66.14659118652344	16.22325325012207	30.736873626708984	31.439706802368164	
66.29316711425781	15.992390632629395	30.411279678344727	31.58053207397461	
66.45069885253906	16.208559036254883	30.248409271240234	31.659442901611328	
66.89024353027344	16.11186408996582	30.35225486755371	31.50580406188965	
67.12976837158203	16.119853973388672	30.318262100219727	31.13669776916504	
67.56019592285156	17.571914672851562	28.535320281982422	29.55095863342285	
67.19486236572266	16.91259765625	29.097972869873047	30.519241333007812	
66.19332122802734	16.475215911865234	30.72818374633789	30.958049774169922	
65.91992950439453	16.55086898803711	30.147571563720703	30.83937644958496	
65.22582244873047	16.327716827392578	30.652318954467773	31.373455047607422	
65.10237884521484	16.534427642822266	30.497547149658203	31.679935455322266	
64.88934326171875	16.913848876953125	30.357715606689453	30.669403076171875	
65.0159683227539	16.817293167114258	30.24435043334961	30.546131134033203	
64.72871398925781	17.129955291748047	30.37847900390625	30.811359405517578	
64.82647705078125	16.97939682006836	30.465465545654297	31.903820037841797	
64.70782470703125	17.027719497680664	31.037822723388672	32.20132827758789	
64.59720611572266	17.342300415039062	30.664104461669922	31.441814422607422	
64.2854232788086	17.28636932373047	30.906503677368164	31.393091201782227	
63.803436279296875	16.985116958618164	30.935791015625	32.216339111328125	
63.8140754699707	17.258668899536133	30.155437469482422	31.775432586669922	
63.770111083984375	17.57013511657715	30.46381187438965	30.6253604888916	
63.56461715698242	17.38100814819336	30.405315399169922	31.026569366455078	
63.31555938720703	17.300556182861328	30.553604125976562	31.56894302368164	
63.25128936767578	17.684127807617188	30.159448623657227	31.498943328857422	
62.84267044067383	17.106887817382812	30.756139755249023	31.520465850830078	
62.667869567871094	17.21245002746582	30.404748916625977	31.2595157623291	
62.48859786987305	17.158733367919922	30.38297462463379	31.488689422607422	
62.16808319091797	16.92314338684082	30.98092269897461	31.855087280273438	
62.289772033691406	17.113361358642578	30.940673828125	31.874841690063477	
62.292564392089844	17.208951950073242	30.510934829711914	31.693811416625977	
62.70336151123047	17.59375762939453	30.37628746032715	31.090335845947266	
62.7228889465332	17.115320205688477	30.840423583984375	31.971118927001953	
62.288246154785156	16.90888786315918	31.56279945373535	32.175132751464844	
62.503265380859375	17.45550537109375	30.648136138916016	31.62416648864746	
62.0819206237793	17.331912994384766	31.129491806030273	31.770282745361328	
62.01905059814453	17.47165298461914	31.01357078552246	31.576824188232422	
61.88515090942383	17.483753204345703	31.10770034790039	31.548288345336914	
61.62150955200195	16.89102554321289	31.30487060546875	32.14708709716797	
61.94789505004883	17.228792190551758	30.925012588500977	31.64400863647461	
61.56230926513672	16.82819175720215	31.134862899780273	32.04998779296875	
60.33538055419922	15.747869491577148	32.270347595214844	33.27880096435547	
61.43123245239258	16.767200469970703	30.682287216186523	31.680194854736328	
61.669029235839844	16.92401885986328	30.247385025024414	31.291061401367188	
61.73603439331055	17.108137130737305	30.345226287841797	31.537256240844727	
61.77390670776367	16.61760139465332	30.49346351623535	31.517791748046875	
61.4383430480957	15.65771198272705	31.247024536132812	32.89293670654297	
61.546241760253906	15.635653495788574	31.17620849609375	32.789955139160156	
62.106300354003906	15.914724349975586	30.673498153686523	32.20830535888672	
62.24396514892578	16.326501846313477	30.44350242614746	31.338815689086914	
62.00394821166992	16.738210678100586	30.58635902404785	30.915674209594727	
62.36771774291992	16.715261459350586	30.807241439819336	30.613887786865234	
61.86797332763672	16.988235473632812	30.444568634033203	30.208398818969727	
62.1334342956543	16.642520904541016	29.60416030883789	29.499835968017578	
62.081077575683594	16.999691009521484	29.928232192993164	29.30348777770996	
62.0896110534668	17.01922035217285	29.4450626373291	29.27707290649414	
62.059059143066406	17.074466705322266	29.220510482788086	28.841278076171875	
62.264137268066406	16.63327407836914	29.09964942932129	29.103973388671875	
62.78975296020508	17.022018432617188	29.196544647216797	28.926509857177734	
63.08662033081055	16.855987548828125	29.080440521240234	29.409765243530273	
62.825843811035156	17.026329040527344	28.88519287109375	29.885189056396484	
62.8614387512207	17.1333065032959	29.8691463470459	30.359134674072266	
63.1910514831543	16.003475189208984	31.369853973388672	32.35019302368164	
63.388031005859375	16.133739471435547	30.1478271484375	30.579158782958984	
63.2958869934082	16.0745906829834	30.057443618774414	30.790090560913086	
63.31451416015625	16.22806739807129	29.618743896484375	30.131717681884766	
63.35841751098633	16.31372833251953	29.737512588500977	30.120956420898438	
63.55730056762695	16.132875442504883	29.254470825195312	29.37993812561035	
63.474037170410156	15.703054428100586	29.817983627319336	29.806198120117188	
63.261192321777344	16.062076568603516	29.873981475830078	29.748790740966797	
63.787925720214844	15.601269721984863	29.478008270263672	29.51760482788086	
63.92034149169922	15.613988876342773	29.531124114990234	29.534948348999023	
64.46405792236328	15.082414627075195	29.429040908813477	29.328039169311523	
64.69989776611328	14.704536437988281	29.080638885498047	29.050613403320312	
64.46280670166016	14.852134704589844	29.073049545288086	28.84384536743164	
64.36650085449219	14.440332412719727	29.043807983398438	29.036306381225586	
64.17033386230469	14.267793655395508	29.80803871154785	29.32596778869629	
64.501708984375	14.547597885131836	29.30422592163086	28.693096160888672	
64.30561828613281	14.548907279968262	29.57546043395996	29.022747039794922	
64.36705017089844	14.616612434387207	29.022571563720703	28.489696502685547	
64.53353881835938	14.427352905273438	29.276813507080078	28.684574127197266	
63.5970458984375	14.775115966796875	29.667272567749023	29.504465103149414	
63.5311164855957	14.64246654510498	29.614038467407227	29.062301635742188	
63.73805618286133	14.216081619262695	29.936233520507812	29.354412078857422	
64.13628387451172	14.734375	29.7382869720459	29.283794403076172	
64.12069702148438	14.820287704467773	29.453125	28.28192710876465	
63.65787887573242	14.624902725219727	29.955657958984375	28.20357894897461	
63.329551696777344	14.51902961730957	30.15639305114746	28.085988998413086	
62.85503005981445	14.099322319030762	30.244121551513672	28.27394676208496	
62.44023513793945	13.790693283081055	30.269155502319336	29.359844207763672	
62.214744567871094	14.586596488952637	31.12278175354004	30.220306396484375	
63.27461624145508	14.19044017791748	30.52779197692871	29.615116119384766	
63.663047790527344	14.202802658081055	30.133636474609375	28.775131225585938	
62.9484977722168	12.677057266235352	30.131633758544922	29.420812606811523	
62.32189178466797	12.752558708190918	30.850025177001953	29.457263946533203	
62.3038330078125	12.856454849243164	29.982685089111328	28.965707778930664	
61.623619079589844	11.979571342468262	30.47518539428711	29.450820922851562	
61.21429443359375	11.782106399536133	30.590496063232422	29.689594268798828	
60.1138916015625	11.38302993774414	31.893070220947266	30.520238876342773	
59.58597946166992	10.640355110168457	32.35691452026367	30.991622924804688	
59.8697624206543	10.196538925170898	32.41740417480469	32.379207611083984	
59.89611053466797	10.025609016418457	33.01062774658203	33.197669982910156	
60.62910079956055	10.15676498413086	32.22174072265625	33.463321685791016	
60.408775329589844	10.245744705200195	31.800888061523438	33.49003982543945	
63.5452766418457	10.037091255187988	31.248605728149414	32.22514724731445	
59.57929611206055	9.951048851013184	32.35867691040039	33.01805114746094	
59.00712203979492	9.207043647766113	33.15083312988281	32.68572235107422	
58.5952262878418	8.977559089660645	32.5661506652832	33.293235778808594	
58.36137771606445	8.821846008300781	33.224693298339844	33.68365478515625	
57.9355583190918	8.158510208129883	32.60790252685547	35.00577163696289	
58.028099060058594	8.507783889770508	32.996986389160156	34.44775390625	
57.78798294067383	7.819350242614746	33.409889221191406	35.74217987060547	
57.724822998046875	8.920862197875977	33.17261505126953	35.97008514404297	
58.191864013671875	9.846476554870605	32.77132797241211	33.79546356201172	
58.86332321166992	8.497291564941406	31.92925453186035	34.581016540527344	
59.212440490722656	8.970396041870117	31.759830474853516	34.38310623168945	
61.7988395690918	8.817710876464844	31.984539031982422	32.98408889770508	
57.91135787963867	8.796292304992676	33.452857971191406	34.49829864501953	
59.9838752746582	14.090100288391113	32.526206970214844	33.542686462402344	
62.020355224609375	14.126245498657227	32.786705017089844	33.81132507324219	
66.10619354248047	25.549774169921875	33.40095901489258	34.44477844238281	
71.9303970336914	34.591514587402344	32.23830032348633	33.245784759521484	
70.5631332397461	43.31986618041992	31.948450088500977	32.946876525878906	
73.0229263305664	41.4367790222168	32.90933609008789	33.93778991699219	
76.1426010131836	40.46294403076172	32.73509979248047	33.75811004638672	
70.53655242919922	43.135414123535156	32.85138702392578	33.87803268432617	
60.886268615722656	29.961162567138672	32.94572067260742	33.975318908691406	
59.492279052734375	8.094949722290039	34.15846633911133	35.2259635925293	
56.319801330566406	9.239521026611328	34.51715850830078	35.595863342285156	
58.59687423706055	8.160297393798828	31.73221778869629	34.392906188964844	
59.06040573120117	7.773657321929932	31.806232452392578	35.539695739746094	
57.58808517456055	7.261998176574707	31.775936126708984	35.239585876464844	
56.861351013183594	7.082559108734131	32.40454864501953	35.88853454589844	
56.7175178527832	5.767611503601074	33.469017028808594	37.009193420410156	
56.6845703125	5.820050239562988	33.861839294433594	37.3325309753418	
56.55415725708008	4.865524768829346	35.00397491455078	38.6138916015625	
56.9774169921875	5.496976852416992	34.67011642456055	38.073333740234375	
56.1364860534668	4.636445045471191	35.39824295043945	38.51490020751953	
55.8878288269043	7.133941650390625	35.14020919799805	37.4869499206543	
55.894439697265625	6.844139099121094	35.044063568115234	37.26279830932617	
57.37274169921875	7.409295082092285	34.11090087890625	36.431236267089844	
57.21062088012695	7.1832709312438965	34.27642059326172	37.138221740722656	
56.87018966674805	6.871377468109131	34.86314392089844	37.609806060791016	
56.838836669921875	6.171187400817871	35.36310577392578	37.55192184448242	
56.54138946533203	6.571773529052734	34.891754150390625	36.93611526489258	
56.43035888671875	6.706006050109863	34.45698165893555	37.0645866394043	
55.978851318359375	6.5031538009643555	35.29259490966797	36.96157455444336	
56.39821243286133	6.796347141265869	34.26915740966797	36.30192184448242	
57.3301887512207	7.019330024719238	36.41307830810547	33.859283447265625	
57.91450119018555	8.777743339538574	35.119441986083984	33.18946075439453	
59.1002082824707	9.412458419799805	34.061622619628906	31.671117782592773	
60.086997985839844	9.76797103881836	32.731300354003906	30.809925079345703	
61.51494216918945	9.242083549499512	31.936864852905273	30.673389434814453	
61.52870559692383	9.612565994262695	31.45059585571289	30.28548240661621	
61.6702995300293	9.515878677368164	31.16929054260254	30.822925567626953	
62.15607833862305	9.818943977355957	30.28523826599121	31.003616333007812	
62.722190856933594	10.17405891418457	29.469844818115234	30.7994441986084	
62.791595458984375	10.160228729248047	30.041351318359375	31.03472900390625	
63.012794494628906	10.313586235046387	30.070270538330078	31.573583602905273	
62.93376922607422	10.984893798828125	29.912988662719727	30.669254302978516	
63.06840896606445	11.416009902954102	29.66571044921875	29.95633888244629	
63.267333984375	11.657139778137207	29.636362075805664	29.8117618560791	
62.657470703125	11.784024238586426	30.39475440979004	30.449596405029297	
62.71187210083008	11.890121459960938	29.755062103271484	30.079666137695312	
62.719627380371094	11.92220687866211	30.05487632751465	30.75308609008789	
62.4320182800293	12.25621223449707	30.61440658569336	30.94576644897461	
62.3992805480957	12.662759780883789	29.96366310119629	31.037830352783203	
62.00239944458008	12.388243675231934	30.810970306396484	31.210647583007812	
61.92824172973633	12.472850799560547	30.434276580810547	30.8117733001709	
61.98734664916992	13.23510456085205	29.969348907470703	30.066577911376953	
62.20110321044922	13.810603141784668	30.141551971435547	29.99656105041504	
62.960548400878906	14.769338607788086	29.73368263244629	30.136943817138672	
63.10112762451172	15.542335510253906	29.678186416625977	29.931222915649414	
63.30475997924805	15.761054992675781	30.348087310791016	30.0425968170166	
62.246665954589844	16.17953872680664	29.887615203857422	29.558795928955078	
61.42958450317383	16.183185577392578	30.181177139282227	29.801280975341797	
61.181739807128906	16.462421417236328	29.393749237060547	29.23952865600586	
60.716285705566406	16.3512020111084	29.702117919921875	29.689693450927734	
60.753173828125	16.912240982055664	30.040307998657227	29.46415138244629	
60.793914794921875	17.25472068786621	29.252456665039062	29.3084716796875	
60.56440353393555	17.07845115661621	29.625146865844727	29.39129638671875	
60.83941650390625	16.87419891357422	29.889774322509766	30.059717178344727	
60.87757110595703	17.081462860107422	30.29421615600586	29.850711822509766	
61.07330322265625	17.11237144470215	30.438085556030273	30.34458351135254	
61.49793243408203	17.270435333251953	30.251211166381836	30.162240982055664	
61.38018035888672	17.241647720336914	30.328678131103516	30.66072654724121	
61.550628662109375	17.560344696044922	30.45596694946289	30.366674423217773	
61.85590362548828	17.698190689086914	30.027053833007812	30.92049217224121	
62.33062744140625	17.755279541015625	30.741607666015625	30.732263565063477	
62.36473846435547	18.339523315429688	30.229480743408203	30.856760025024414	
62.54724884033203	18.653696060180664	30.60650634765625	30.692224502563477	
62.98992156982422	18.629289627075195	30.623687744140625	30.783945083618164	
63.3135986328125	18.838947296142578	30.837133407592773	31.061447143554688	
63.1395263671875	18.957496643066406	30.590606689453125	30.582412719726562	
63.348670959472656	18.922897338867188	30.443424224853516	30.777236938476562	
63.1795768737793	19.0277042388916	30.510143280029297	30.548603057861328	
62.91484451293945	18.787250518798828	30.474334716796875	30.312829971313477	
62.71087646484375	18.992443084716797	30.122228622436523	29.74358558654785	
62.41957473754883	18.60938835144043	30.005146026611328	29.166940689086914	
61.982566833496094	18.849336624145508	29.8574161529541	29.550769805908203	
61.886741638183594	18.904651641845703	29.9569034576416	29.428852081298828	
61.00309371948242	18.6395263671875	29.980030059814453	29.583654403686523	
59.896141052246094	18.82349395751953	30.43210220336914	29.874279022216797	
58.81713104248047	18.84450340270996	30.6036319732666	29.915700912475586	
57.716224670410156	18.957006454467773	30.413528442382812	29.433135986328125	
55.8632698059082	19.043148040771484	30.471155166625977	29.272533416748047	
54.358680725097656	18.628828048706055	30.305328369140625	28.846424102783203	
52.520729064941406	18.700054168701172	30.59914779663086	29.683401107788086	
50.959983825683594	18.87760353088379	30.918554306030273	30.188928604125977	
49.1278190612793	19.148235321044922	30.798437118530273	29.809473037719727	
47.509769439697266	19.103368759155273	30.982019424438477	29.912311553955078	
46.76681137084961	19.380462646484375	29.9847469329834	29.260211944580078	
45.5289306640625	19.059110641479492	30.573772430419922	29.7169132232666	
45.02911376953125	18.873605728149414	30.64817237854004	29.502582550048828	
43.66919708251953	19.48479461669922	30.2025089263916	29.15497398376465	
42.41187286376953	19.250045776367188	30.42670249938965	29.620813369750977	
41.72640609741211	19.024219512939453	30.471887588500977	29.72525405883789	
40.6822509765625	19.0714111328125	30.563507080078125	29.583755493164062	
40.352272033691406	18.877941131591797	30.17828941345215	29.974498748779297	
40.07293701171875	19.01888084411621	30.52412986755371	29.76405906677246	
40.07897186279297	18.943368911743164	30.459346771240234	29.979568481445312	
40.131858825683594	19.021717071533203	30.894023895263672	30.385517120361328	
40.74325942993164	18.90433120727539	31.416208267211914	30.854034423828125	
41.87628936767578	18.102750778198242	31.31991195678711	31.27402687072754	
43.302085876464844	18.584932327270508	31.28363037109375	30.625131607055664	
44.638954162597656	18.737478256225586	31.21563720703125	30.832439422607422	
45.8945198059082	17.836427688598633	31.214431762695312	30.814483642578125	
47.32622146606445	17.70084571838379	30.799819946289062	30.438777923583984	
47.96895980834961	17.556713104248047	31.779382705688477	30.83843421936035	
49.560211181640625	17.139257431030273	30.43325424194336	30.08986473083496	
50.36371994018555	16.6203556060791	30.640731811523438	29.997756958007812	
51.115753173828125	16.57438087463379	30.908248901367188	29.7197265625	
52.85222244262695	16.99735450744629	30.421031951904297	29.081439971923828	
53.18558883666992	16.99738311767578	30.785511016845703	29.123077392578125	
53.94245529174805	17.222476959228516	31.583240509033203	29.835552215576172	
55.07746124267578	17.48299789428711	30.60064125061035	28.421680450439453	
56.656654357910156	17.354394912719727	29.32928466796875	26.966617584228516	
56.7652587890625	17.098003387451172	30.023685455322266	27.336444854736328	
57.4928092956543	17.222064971923828	29.989032745361328	27.094797134399414	
59.48602294921875	17.248022079467773	29.484577178955078	26.558757781982422	
59.16370391845703	16.866912841796875	29.311635971069336	26.21023178100586	
59.84367752075195	16.442947387695312	29.898635864257812	26.702594757080078	
59.955909729003906	16.414670944213867	29.601215362548828	26.29623794555664	
60.463592529296875	16.25025177001953	29.055709838867188	25.675729751586914	
61.651702880859375	16.44611358642578	28.77153968811035	25.101741790771484	
61.592247009277344	16.52524185180664	28.574047088623047	25.344091415405273	
61.61088943481445	16.32477378845215	28.977575302124023	25.17697525024414	
63.40410232543945	14.2930908203125	28.04433250427246	28.920757293701172	
61.42213821411133	16.940677642822266	28.51352310180664	25.566009521484375	
61.33563995361328	16.741491317749023	29.884632110595703	25.743576049804688	
62.1599235534668	17.321535110473633	29.003604888916016	25.576047897338867	
62.8172492980957	17.44342041015625	28.617687225341797	25.498804092407227	
63.21305465698242	17.959325790405273	29.166284561157227	25.740671157836914	
63.57096481323242	18.301294326782227	29.986507415771484	25.93943214416504	
64.00242614746094	17.878124237060547	28.96297836303711	26.032007217407227	
64.8974380493164	17.757144927978516	29.10696029663086	25.562549591064453	
65.99410247802734	17.898616790771484	28.142724990844727	24.926311492919922	
66.9157485961914	17.85211181640625	30.04989242553711	26.000354766845703	
67.51277923583984	17.062118530273438	29.28359603881836	25.89288902282715	
68.69368743896484	16.78257179260254	29.604785919189453	26.002750396728516	
69.51484680175781	16.229982376098633	29.82266616821289	26.333423614501953	
70.1275405883789	15.956088066101074	29.39117431640625	26.32358741760254	
70.96980285644531	15.495387077331543	30.86033058166504	26.807132720947266	
71.52464294433594	15.08899211883545	29.800872802734375	26.71847152709961	
72.58738708496094	14.96928882598877	29.149017333984375	25.57322120666504	
73.13002014160156	14.735740661621094	28.86073875427246	25.206096649169922	
73.78532409667969	14.45434856414795	28.025976181030273	24.695728302001953	
74.37303161621094	13.71605110168457	30.220434188842773	26.214590072631836	
75.46833801269531	13.728434562683105	30.266122817993164	26.054485321044922	
75.75373840332031	13.807528495788574	30.139577865600586	26.08343505859375	
76.11467742919922	14.16186809539795	29.8641300201416	26.257720947265625	
75.96525573730469	14.473989486694336	29.5892276763916	26.846609115600586	
75.98417663574219	15.258613586425781	29.679162979125977	27.11263656616211	
76.39888000488281	15.861600875854492	29.74624252319336	27.0278263092041	
76.18315887451172	16.432279586791992	30.61806297302246	26.908733367919922	
75.6660385131836	17.27935791015625	31.05625343322754	27.711843490600586	
74.50220489501953	17.97867774963379	31.10760498046875	28.077892303466797	
74.7383804321289	18.530681610107422	29.98567771911621	27.257699966430664	
73.97147369384766	19.030513763427734	30.360937118530273	27.468273162841797	
73.85820770263672	19.923479080200195	29.419824600219727	26.215612411499023	
73.7799301147461	20.793420791625977	29.496368408203125	25.57668685913086	
73.28167724609375	20.76080322265625	29.784912109375	26.404205322265625	
73.61518096923828	21.8288516998291	29.264556884765625	25.971282958984375	
72.99761962890625	22.679901123046875	28.523244857788086	25.522701263427734	
73.1888656616211	23.260356903076172	29.84235191345215	26.755468368530273	
74.07640075683594	24.214632034301758	29.736736297607422	26.499385833740234	
75.65288543701172	22.840625762939453	29.8759708404541	30.80962562561035	
75.03917694091797	25.65195083618164	30.01117515563965	27.252582550048828	
76.82206726074219	24.91958236694336	28.50552749633789	25.796070098876953	
76.74376678466797	25.86700439453125	29.27821922302246	25.601877212524414	
77.93040466308594	25.366779327392578	28.460424423217773	25.247509002685547	
77.2337417602539	26.074621200561523	29.32574462890625	25.672718048095703	
77.16034698486328	26.054607391357422	29.458663940429688	26.314285278320312	
76.78776550292969	25.814952850341797	29.84548568725586	27.075634002685547	
76.39390563964844	26.564716339111328	30.02352523803711	26.794347763061523	
75.90504455566406	27.5997257232666	29.944677352905273	26.261333465576172	
76.79023742675781	27.06900978088379	28.101009368896484	28.979206085205078	
76.21665954589844	28.644506454467773	29.49765968322754	25.558027267456055	
75.41072082519531	27.801151275634766	30.81217384338379	26.377334594726562	
76.32743835449219	28.14483642578125	30.764501571655273	25.998706817626953	
74.74706268310547	27.49136734008789	32.15081787109375	27.79646873474121	
78.1128921508789	28.154211044311523	27.866092681884766	28.736948013305664	
76.32151794433594	27.95636558532715	30.48244285583496	27.36733055114746	
75.50997161865234	26.988834381103516	31.5865535736084	29.100778579711914	
75.76386260986328	27.013036727905273	31.102848052978516	28.92291831970215	
77.46949768066406	28.788854598999023	28.895160675048828	29.798171997070312	
76.16038513183594	28.2342472076416	31.463043212890625	29.907690048217773	
75.64221954345703	28.67696189880371	31.897903442382812	30.469879150390625	
74.7303695678711	27.8225154876709	32.430885314941406	31.807941436767578	
75.70136260986328	29.356060028076172	31.819448471069336	30.624597549438477	
74.2594985961914	27.756067276000977	32.202144622802734	31.06891441345215	
74.19923400878906	27.2330322265625	32.03355026245117	31.015941619873047	
73.98580169677734	28.547134399414062	31.143230438232422	29.61663818359375	
74.57652282714844	29.403614044189453	30.96957015991211	28.53473472595215	
75.20599365234375	28.803531646728516	30.091014862060547	28.24166488647461	
75.16180419921875	30.460201263427734	27.036901473999023	27.881847381591797	
