374.0	134.0	49.0	40.0	
381.025146484375	137.9539031982422	51.42462158203125	40.68016815185547	
386.8842468261719	150.25961303710938	47.717185974121094	42.96337890625	
388.1355895996094	155.77191162109375	53.43708419799805	43.62211990356445	
388.59429931640625	166.944580078125	47.77826690673828	43.91773223876953	
387.927490234375	168.24171447753906	49.69695281982422	44.88615798950195	
389.440185546875	173.3923797607422	48.31130599975586	43.06346893310547	
388.2464294433594	173.64425659179688	50.5153923034668	46.74686813354492	
380.7539978027344	175.0962371826172	54.334007263183594	49.79863357543945	
380.86767578125	175.89883422851562	50.79358673095703	46.70250701904297	
380.54144287109375	175.0431365966797	51.13178253173828	45.80178451538086	
375.43701171875	174.4300994873047	56.222557067871094	49.22504806518555	
375.2590026855469	174.2208709716797	57.27130126953125	50.91776657104492	
372.9314880371094	172.36721801757812	57.10768508911133	52.63335037231445	
365.7613830566406	174.86805725097656	60.056060791015625	50.56277084350586	
358.7547607421875	170.7074737548828	63.2858772277832	57.738746643066406	
358.46112060546875	179.4589080810547	56.694740295410156	51.95802688598633	
358.65863037109375	184.5398712158203	52.26975631713867	48.55427551269531	
358.91204833984375	196.2256317138672	48.06165313720703	45.27545928955078	
359.7384338378906	203.36915588378906	48.75440216064453	45.67694854736328	
362.60845947265625	211.7408447265625	45.77323532104492	44.04362869262695	
362.92401123046875	219.04052734375	47.9224739074707	43.06804656982422	
363.3546142578125	222.56130981445312	51.77735137939453	42.267234802246094	
364.03448486328125	222.3487548828125	49.91883087158203	43.97970199584961	
354.52703857421875	215.1723175048828	58.58319854736328	48.33171463012695	
361.8627014160156	213.60641479492188	48.25019836425781	44.092445373535156	
359.69219970703125	202.18222045898438	49.68064498901367	44.87955093383789	
353.9554138183594	188.58139038085938	54.38975143432617	46.516395568847656	
355.61517333984375	177.80247497558594	53.68306350708008	42.604942321777344	
349.212646484375	164.49600219726562	61.81740188598633	44.41240692138672	
349.0003967285156	153.30087280273438	59.11598587036133	48.39479446411133	
351.1361389160156	150.1978302001953	52.739097595214844	51.40195846557617	
355.79400634765625	163.573486328125	58.6026611328125	47.83890914916992	
336.61932373046875	165.329345703125	63.000389099121094	49.592098236083984	
338.8294982910156	183.3369903564453	53.927452087402344	46.03144073486328	
340.7395324707031	194.415283203125	59.867652893066406	56.426536560058594	
339.2393798828125	216.4091033935547	56.485694885253906	48.134483337402344	
337.58056640625	224.51272583007812	57.03425216674805	47.83296203613281	
336.08392333984375	214.1217498779297	60.938072204589844	49.7453727722168	
332.485595703125	212.8260955810547	59.683555603027344	48.72127914428711	
336.4563903808594	219.6785888671875	61.28032302856445	50.02476501464844	
327.9533386230469	217.34140014648438	52.02446365356445	51.14528274536133	
320.82623291015625	220.27352905273438	53.59107208251953	46.01667022705078	
316.3575134277344	215.71823120117188	51.780311584472656	44.307640075683594	
310.9567565917969	208.36019897460938	51.30674362182617	46.06084060668945	
319.5197448730469	217.1089630126953	54.45262908935547	44.45114517211914	
319.4234313964844	221.7583770751953	53.48871612548828	43.66427993774414	
327.25262451171875	210.449462890625	54.33296585083008	44.35346221923828	
319.7873229980469	210.51058959960938	56.17195510864258	45.854679107666016	
331.18389892578125	212.7943572998047	56.454322814941406	46.08517837524414	
326.28680419921875	205.7977752685547	57.21997833251953	46.710205078125	
318.57855224609375	187.0887451171875	59.31767654418945	48.422611236572266	
334.17242431640625	166.15597534179688	60.31829833984375	49.23944854736328	
348.50653076171875	144.00350952148438	62.17705535888672	50.756805419921875	
368.4579162597656	137.41836547851562	62.97826385498047	51.410850524902344	
324.2034912109375	178.0823516845703	63.562461853027344	51.88774871826172	
312.2603759765625	202.50616455078125	66.46781921386719	51.6666259765625	
310.49542236328125	186.65475463867188	60.16740798950195	48.60517883300781	
317.5291748046875	166.37112426757812	68.02918243408203	55.5340576171875	
347.88739013671875	165.12002563476562	70.81220245361328	57.80591583251953	
314.0384826660156	182.0593719482422	71.56892395019531	58.42364501953125	
326.2536926269531	203.64791870117188	72.3220443725586	59.03843307495117	
351.80938720703125	170.822021484375	73.13789367675781	59.704437255859375	
320.1785888671875	206.80905151367188	74.75321960449219	61.0230712890625	
296.412841796875	189.31112670898438	74.76407623291016	61.03193283081055	
305.82952880859375	167.4628143310547	77.70945739746094	63.43632888793945	
287.3804016113281	185.94656372070312	65.70416259765625	56.96703338623047	
278.1917419433594	185.92019653320312	63.471580505371094	57.29804611206055	
282.18963623046875	188.12728881835938	63.7144889831543	56.8857536315918	
254.0926513671875	174.36019897460938	66.57771301269531	55.473876953125	
252.9082794189453	170.3858184814453	66.01419067382812	56.841064453125	
247.78384399414062	164.33529663085938	69.56025695800781	60.4801025390625	
242.13247680664062	170.01052856445312	69.93576049804688	59.64088821411133	
249.5952911376953	173.45864868164062	67.6968994140625	54.79780197143555	
252.18112182617188	177.1093292236328	73.02616882324219	57.3172492980957	
251.4989471435547	174.34059143066406	77.85981750488281	63.559059143066406	
226.26904296875	174.4055938720703	80.07411193847656	65.36664581298828	
193.60345458984375	163.1595916748047	83.99295806884766	74.4844741821289	
213.7109375	140.55731201171875	76.16984558105469	74.30390930175781	
200.4652557373047	169.6799774169922	82.38085174560547	67.24971008300781	
178.8928680419922	163.4175262451172	82.3044662475586	67.18736267089844	
141.2512969970703	156.5553741455078	78.7297592163086	63.04876708984375	
179.5293731689453	161.32382202148438	86.11425018310547	68.89607238769531	
148.35171508789062	149.7018585205078	84.69116973876953	69.13568115234375	
176.2591552734375	149.5028533935547	91.19866943359375	78.467041015625	
175.57998657226562	166.82569885253906	90.35832214355469	73.76192474365234	
181.33433532714844	161.94766235351562	94.29838562011719	74.84687042236328	
190.64913940429688	165.548095703125	100.39225006103516	80.31934356689453	
178.7401885986328	148.17088317871094	94.16213989257812	76.86708068847656	
214.48458862304688	130.6845245361328	97.10084533691406	79.26603698730469	
237.8879852294922	163.19754028320312	97.067138671875	76.56912994384766	
241.8572998046875	166.4185791015625	93.85066223144531	72.27510070800781	
242.20785522460938	153.39942932128906	103.03132629394531	84.10725402832031	
233.29251098632812	155.05490112304688	101.33578491210938	82.72313690185547	
204.57090759277344	153.54306030273438	104.67271423339844	85.4471664428711	
240.9856414794922	145.47412109375	100.80168914794922	78.4981689453125	
281.3212890625	127.11470031738281	98.65447998046875	89.87114715576172	
251.0258331298828	129.85369873046875	98.27864074707031	80.22750854492188	
278.9500427246094	126.14405822753906	97.56135559082031	79.3008804321289	
289.30224609375	118.72579193115234	91.51399993896484	81.53416442871094	
267.79443359375	153.0088348388672	97.52920532226562	79.61573028564453	
294.9243469238281	114.14410400390625	104.2462387084961	78.0824966430664	
252.179931640625	151.67156982421875	98.24790954589844	80.2024154663086	
256.6516418457031	153.74453735351562	95.66951751708984	78.09761047363281	
200.3472137451172	142.68634033203125	94.19087219238281	76.89055633544922	
152.38661193847656	153.74942016601562	88.21995544433594	79.55264282226562	
149.22525024414062	167.01358032226562	84.78233337402344	71.16436767578125	
148.29318237304688	162.66363525390625	88.7557144165039	81.92129516601562	
162.69570922851562	138.61949157714844	103.29083251953125	84.31910705566406	
153.7244873046875	162.13693237304688	92.26126861572266	74.06342315673828	
158.167236328125	158.63192749023438	87.24002075195312	79.80521392822266	
148.2944793701172	143.66281127929688	103.03651428222656	84.11149597167969	
153.9504852294922	143.65972900390625	103.53379821777344	84.51744079589844	
173.7219696044922	153.22500610351562	87.45318603515625	77.7648696899414	
175.23971557617188	156.24160766601562	88.49293518066406	77.8688735961914	
180.06082153320312	155.69737243652344	91.27232360839844	78.29512786865234	
178.86972045898438	161.6836700439453	93.69926452636719	77.05815887451172	
172.56288146972656	156.25253295898438	103.01210021972656	84.091552734375	
206.1732940673828	176.9364776611328	105.5108642578125	86.13135528564453	
255.3931121826172	164.0377655029297	113.25115966796875	91.4809341430664	
272.39599609375	145.99424743652344	108.71014404296875	88.74300384521484	
257.4568786621094	157.22439575195312	108.87129211425781	89.163330078125	
249.4873809814453	123.83512878417969	112.54515075683594	91.87362670898438	
285.7578125	119.9980697631836	109.3888931274414	80.05418395996094	
312.3798522949219	116.85294342041016	123.5075912475586	96.60435485839844	
298.7581481933594	119.04988861083984	112.71488952636719	84.33502197265625	
244.5617218017578	109.56778717041016	115.28316497802734	94.10872650146484	
218.83651733398438	109.78034973144531	112.57978820800781	91.9018783569336	
266.5384826660156	116.91615295410156	115.05133056640625	93.91947174072266	
246.14450073242188	137.6941375732422	108.64707946777344	88.69151306152344	
242.148193359375	129.43759155273438	108.1490478515625	88.28495788574219	
239.3560333251953	149.1329803466797	103.56024169921875	84.53898620605469	
235.2055206298828	157.8061065673828	112.16499328613281	91.625244140625	
265.84320068359375	143.0679473876953	103.0205307006836	84.09840393066406	
275.5087585449219	170.5849609375	102.4013900756836	83.59297943115234	
275.4796447753906	185.656494140625	102.16166687011719	83.39729309082031	
282.4202880859375	164.33676147460938	106.22904968261719	86.71760559082031	
270.1873779296875	157.3046112060547	102.5552978515625	103.22314453125	
276.2054748535156	170.29034423828125	114.53328704833984	93.49657440185547	
246.5968475341797	140.0445556640625	112.9490737915039	92.20332336425781	
274.1756896972656	143.7229461669922	109.8648452758789	89.68558502197266	
205.89321899414062	92.2453842163086	111.7757797241211	91.24552917480469	
183.09848022460938	63.642059326171875	113.24269104003906	92.44300842285156	
209.12161254882812	55.59423828125	119.21522521972656	97.31854248046875	
196.7026824951172	31.354839324951172	118.68389892578125	96.88480377197266	
183.1673583984375	27.902950286865234	117.22660827636719	95.69517517089844	
172.6390838623047	16.927499771118164	116.7676010131836	95.32048034667969	
143.65139770507812	10.574033737182617	117.93153381347656	96.2706298828125	
143.109619140625	8.570287704467773	118.93727111816406	97.09162902832031	
118.74177551269531	1.4343268871307373	120.7820053100586	98.59752655029297	
111.65406799316406	15.730207443237305	119.55714416503906	97.59764099121094	
227.8277130126953	37.958045959472656	114.48225402832031	93.45487213134766	
188.69705200195312	26.110998153686523	115.19465637207031	94.03642272949219	
113.1638412475586	16.42738151550293	116.94361877441406	95.46414947509766	
155.3707733154297	9.683396339416504	115.92613220214844	94.63356018066406	
174.6849365234375	23.64019775390625	114.49943542480469	93.46891784667969	
154.05532836914062	16.73306655883789	113.43141174316406	92.59706115722656	
143.175537109375	7.135390281677246	110.5912094116211	90.27853393554688	
157.30667114257812	17.493967056274414	106.79972839355469	87.1834487915039	
136.81515502929688	68.49418640136719	105.41522216796875	86.0532455444336	
186.33822631835938	26.959325790405273	105.09843444824219	85.79464721679688	
134.37548828125	12.671785354614258	101.38218688964844	82.76097106933594	
133.7832489013672	21.19713592529297	100.93794250488281	82.39832305908203	
127.607177734375	20.842029571533203	102.84428405761719	83.95452880859375	
217.1951141357422	36.384742736816406	103.2435302734375	84.28044128417969	
236.04196166992188	30.601818084716797	105.98393249511719	86.51750183105469	
161.93270874023438	25.561349868774414	103.97669982910156	84.87893676757812	
130.0850830078125	1.5268630981445312	106.1933364868164	86.68844604492188	
160.1460723876953	9.702020645141602	107.76214599609375	87.96910095214844	
179.42941284179688	8.969661712646484	106.0002212524414	86.5307846069336	
193.22740173339844	20.689266204833984	102.19266510009766	83.42256927490234	
192.1323699951172	22.072193145751953	102.88716888427734	83.98951721191406	
139.83538818359375	2.2769386768341064	105.25933837890625	85.92597961425781	
128.12191772460938	1.2494529485702515	103.50370025634766	84.49280548095703	
137.96119689941406	1.5543906688690186	104.4401626586914	85.25726318359375	
146.82861328125	0.07806167751550674	106.33183288574219	86.80147552490234	
169.0374298095703	5.365237236022949	105.37309265136719	86.01883697509766	
180.76177978515625	13.0275239944458	106.22581481933594	86.71493530273438	
145.12759399414062	-0.30348509550094604	105.2425765991211	85.91230773925781	
146.59141540527344	-1.050391435623169	101.51670837402344	82.87077331542969	
174.37020874023438	0.2264854460954666	96.36466217041016	89.3980484008789	
194.3706817626953	23.904979705810547	93.74654388427734	85.38668823242188	
214.0068817138672	19.84646987915039	97.17233276367188	83.20101928710938	
223.5109405517578	17.756824493408203	100.77828216552734	82.43533325195312	
220.12741088867188	19.42019271850586	98.07918548583984	81.27948760986328	
205.72366333007812	32.561126708984375	91.80949401855469	87.27232360839844	
181.69796752929688	-2.249134063720703	105.51004791259766	86.13066101074219	
178.8164825439453	-6.382924556732178	103.7365493774414	84.68290710449219	
208.98892211914062	37.2381477355957	86.2398681640625	80.38407897949219	
204.7521514892578	17.139453887939453	92.9002914428711	86.02366638183594	
210.5424346923828	29.94085121154785	89.3520736694336	85.35333251953125	
203.7233123779297	26.543609619140625	105.14376068115234	85.83164978027344	
208.1601104736328	27.785839080810547	93.56262969970703	85.85301208496094	
206.28158569335938	28.422719955444336	96.60823822021484	86.75727844238281	
209.1575164794922	18.380889892578125	91.68771362304688	85.24465942382812	
202.09434509277344	27.122577667236328	94.7640151977539	87.03612518310547	
224.1636505126953	14.796899795532227	102.67391204833984	81.22098541259766	
217.11483764648438	16.34468650817871	101.46571350097656	80.18254852294922	
189.39886474609375	7.713393211364746	108.1916732788086	92.4571304321289	
177.02056884765625	1.4834182262420654	106.5523452758789	104.85044860839844	
171.69534301757812	0.5530608892440796	106.29063415527344	100.77180480957031	
198.38880920410156	15.476999282836914	97.24177551269531	85.92120361328125	
208.33627319335938	20.359914779663086	98.33687591552734	92.96768951416016	
207.79220581054688	23.601076126098633	94.50318908691406	86.7644271850586	
202.55514526367188	17.211406707763672	92.82701110839844	89.83003997802734	
212.0015411376953	16.10997200012207	109.5518569946289	86.00130462646484	
204.47987365722656	17.42568016052246	103.1952133178711	83.11553955078125	
206.9636993408203	31.080759048461914	98.71553039550781	78.29051971435547	
196.6103515625	24.24603271484375	100.88412475585938	79.5176010131836	
212.92453002929688	20.78501319885254	82.66439056396484	82.96282196044922	
218.80361938476562	25.728710174560547	88.7586898803711	88.97700500488281	
209.65750122070312	28.87139892578125	107.53138732910156	87.78074645996094	
215.58251953125	23.305429458618164	92.1095199584961	91.30455017089844	
213.44100952148438	21.95694351196289	93.93638610839844	89.88041687011719	
196.43075561523438	24.876895904541016	103.14888763427734	82.84191131591797	
211.90261840820312	24.28311538696289	95.9710464477539	75.8712158203125	
204.45578002929688	26.111797332763672	98.96644592285156	76.41423034667969	
208.31167602539062	25.924991607666016	97.09489440917969	78.42921447753906	
205.116943359375	22.791751861572266	110.1823959350586	89.94483947753906	
212.904541015625	16.112293243408203	92.31321716308594	91.4347152709961	
211.2990264892578	22.305171966552734	94.40140533447266	94.80745697021484	
204.07839965820312	12.231359481811523	114.26387023925781	86.98588562011719	
205.47213745117188	10.327581405639648	112.99444580078125	86.92923736572266	
201.1787567138672	8.402782440185547	109.3181381225586	93.14163208007812	
196.24148559570312	20.86275863647461	111.16910552978516	94.52250671386719	
204.72418212890625	14.92333984375	101.9811019897461	102.63285827636719	
195.21072387695312	10.65339469909668	120.34659576416016	98.24217224121094	
204.14065551757812	16.38282012939453	123.38291931152344	100.72080993652344	
205.01449584960938	7.45050048828125	125.9160385131836	102.7886734008789	
184.76524353027344	9.237420082092285	110.10517883300781	103.990966796875	
196.4422607421875	10.829863548278809	121.5252914428711	105.55086517333984	
192.3874969482422	8.75479793548584	109.41502380371094	105.58302307128906	
193.0206298828125	8.390810012817383	106.09427642822266	104.84284973144531	
186.51641845703125	5.008754730224609	105.99656677246094	105.97857666015625	
179.25083923339844	2.4831573963165283	109.81831359863281	107.84969329833984	
169.10946655273438	5.67782735824585	117.26065826416016	118.15272521972656	
184.28465270996094	0.0	105.36490631103516	105.38243103027344	
199.0367889404297	7.016754150390625	123.958740234375	101.19088745117188	
175.08309936523438	0.0	111.55546569824219	105.77481842041016	
168.85580444335938	7.59967565536499	113.8570785522461	106.0466079711914	
171.22702026367188	2.931504726409912	117.47442626953125	111.9835205078125	
171.34007263183594	0.0	108.0765609741211	111.15083312988281	
171.21240234375	1.040595293045044	103.40989685058594	105.6214370727539	
163.32955932617188	-2.8954269886016846	119.4849853515625	97.5388412475586	
167.36520385742188	1.79083251953125	102.29557800292969	99.35835266113281	
196.29273986816406	15.934796333312988	114.44792175292969	93.42695617675781	
174.04824829101562	3.0937552452087402	98.91841125488281	113.24757385253906	
214.6379852294922	30.166858673095703	104.79850769042969	98.20924377441406	
173.05941772460938	5.985129356384277	126.29034423828125	103.09425354003906	
182.14291381835938	7.0891923904418945	96.30255126953125	106.01087951660156	
